v1     v2   v3   v4  v5   v6   t1
0.000000000000000000e+00  0.000000000000000000e+00  0.000000000000000000e+00  1.179999999999999951e-04  -1.190000000000000058e-04  5.899999999999999754e-05  0.000000000000000000e+00
-5.899999999999999754e-05  -5.899999999999999754e-05  -5.899999999999999754e-05  1.179999999999999951e-04  1.800000000000000113e-04  0.000000000000000000e+00  7.902193069458007812e-02
-1.202130000000000004e-01  -6.897300000000000653e-02  -6.679200000000000415e-02  -9.073599999999999721e-02  -2.368129999999999957e-01  4.568400000000000238e-02  1.693830490112304688e-01
-2.471039999999999903e-01  -2.119969999999999910e-01  -1.063169999999999948e-01  -1.981870000000000021e-01  -4.876300000000000079e-01  1.692760000000000098e-01  2.330138683319091797e-01
-1.303690000000000127e-01  -3.379630000000000134e-01  1.131790000000000018e-01  -1.260900000000000076e-01  -2.188720000000000110e-01  3.242160000000000042e-01  2.973999977111816406e-01
-9.390000000000000777e-03  -3.833250000000000268e-01  2.638349999999999862e-01  -1.073410000000000059e-01  -9.456900000000000028e-02  3.023210000000000064e-01  3.494720458984375000e-01
9.939099999999999324e-02  -4.093120000000000092e-01  3.243889999999999829e-01  1.939600000000000005e-02  -2.828030000000000266e-01  2.375470000000000081e-01  4.095110893249511719e-01
2.470259999999999956e-01  -4.364250000000000074e-01  3.762670000000000181e-01  1.894869999999999888e-01  -5.432770000000000099e-01  2.099719999999999920e-01  4.888150691986083984e-01
3.325609999999999955e-01  -4.703129999999999811e-01  4.445580000000000087e-01  2.512460000000000249e-01  -6.431310000000000082e-01  1.967440000000000022e-01  5.555369853973388672e-01
3.671440000000000259e-01  -4.784459999999999824e-01  4.777379999999999960e-01  2.488650000000000029e-01  -6.192060000000000342e-01  1.869919999999999916e-01  6.180958747863769531e-01
3.051459999999999728e-01  -4.761179999999999857e-01  4.905079999999999996e-01  3.127480000000000260e-01  -5.801770000000000538e-01  1.856349999999999945e-01  6.685419082641601562e-01
3.262570000000000192e-01  -4.660710000000000131e-01  4.945640000000000036e-01  3.657009999999999983e-01  -5.411240000000000494e-01  1.805110000000000048e-01  7.154860496520996094e-01
3.781039999999999957e-01  -4.468059999999999810e-01  4.896190000000000264e-01  3.971080000000000165e-01  -4.941960000000000242e-01  1.726519999999999999e-01  7.699968814849853516e-01
4.354660000000000197e-01  -4.237290000000000223e-01  4.785769999999999746e-01  4.117029999999999856e-01  -4.409129999999999994e-01  1.645199999999999996e-01  8.161509037017822266e-01
4.913660000000000250e-01  -3.910560000000000147e-01  4.583019999999999872e-01  4.181960000000000122e-01  -3.705260000000000220e-01  1.542580000000000062e-01  8.751230239868164062e-01
5.218610000000000193e-01  -3.599950000000000094e-01  4.339230000000000032e-01  4.149900000000000255e-01  -3.056880000000000153e-01  1.433770000000000044e-01  9.165868759155273438e-01
5.360479999999999690e-01  -3.257789999999999853e-01  4.042520000000000002e-01  4.011089999999999933e-01  -2.398560000000000136e-01  1.326259999999999939e-01  9.651849269866943359e-01
5.394710000000000338e-01  -2.870349999999999846e-01  3.679169999999999940e-01  3.792519999999999780e-01  -1.749850000000000017e-01  1.222499999999999976e-01  1.012017011642456055e+00
5.409599999999999964e-01  -2.527619999999999867e-01  3.373079999999999967e-01  3.573640000000000150e-01  -1.194260000000000044e-01  1.134610000000000063e-01  1.057060003280639648e+00
5.460110000000000241e-01  -2.103919999999999957e-01  2.944570000000000243e-01  3.246930000000000094e-01  -5.007199999999999845e-02  1.023180000000000062e-01  1.103947877883911133e+00
5.589469999999999716e-01  -1.630489999999999995e-01  2.474709999999999965e-01  2.854499999999999815e-01  2.227399999999999866e-02  9.095899999999999819e-02  1.150172948837280273e+00
5.775900000000000478e-01  -1.275749999999999940e-01  2.127300000000000024e-01  2.556950000000000056e-01  7.331200000000000216e-02  8.371299999999999575e-02  1.184025049209594727e+00
6.225910000000000055e-01  -7.784299999999999553e-02  1.651789999999999925e-01  2.107050000000000034e-01  1.445970000000000033e-01  7.346199999999999952e-02  1.225925922393798828e+00
6.871709999999999763e-01  -1.732399999999999912e-02  1.050669999999999937e-01  1.536770000000000080e-01  2.258280000000000010e-01  6.162399999999999822e-02  1.272119045257568359e+00
7.333549999999999791e-01  4.341099999999999820e-02  4.164199999999999846e-02  9.353899999999999715e-02  2.876989999999999825e-01  5.123099999999999876e-02  1.315610885620117188e+00
7.461069999999999647e-01  8.234500000000000153e-02  6.790000000000000245e-04  5.403100000000000264e-02  3.173830000000000262e-01  4.467700000000000143e-02  1.354346036911010742e+00
7.477989999999999915e-01  1.353169999999999928e-01  -5.555100000000000315e-02  -7.789999999999999616e-04  3.568140000000000200e-01  3.527999999999999886e-02  1.396485090255737305e+00
7.388649999999999940e-01  1.705669999999999964e-01  -9.680700000000000416e-02  -4.041999999999999760e-02  3.893650000000000166e-01  2.838800000000000004e-02  1.440834999084472656e+00
7.137590000000000323e-01  2.003709999999999936e-01  -1.338590000000000058e-01  -8.074399999999999633e-02  4.209579999999999989e-01  2.092000000000000109e-02  1.484446048736572266e+00
6.863909999999999734e-01  2.135160000000000113e-01  -1.533110000000000028e-01  -1.018420000000000020e-01  4.382670000000000177e-01  1.668199999999999891e-02  1.521796941757202148e+00
6.409679999999999822e-01  2.341669999999999863e-01  -1.794709999999999916e-01  -1.295439999999999925e-01  4.601350000000000162e-01  1.127099999999999977e-02  1.568804979324340820e+00
6.099379999999999802e-01  2.565839999999999788e-01  -2.039600000000000024e-01  -1.529850000000000099e-01  4.812810000000000143e-01  1.223999999999999914e-02  1.606255054473876953e+00
5.768379999999999619e-01  2.766669999999999963e-01  -2.260500000000000009e-01  -1.739620000000000055e-01  4.921829999999999816e-01  8.717000000000000789e-03  1.646817922592163086e+00
5.400760000000000005e-01  2.901869999999999727e-01  -2.409880000000000078e-01  -1.895650000000000113e-01  4.891289999999999805e-01  6.362999999999999733e-03  1.686042070388793945e+00
4.971519999999999828e-01  2.944550000000000223e-01  -2.482310000000000072e-01  -2.000760000000000038e-01  4.730269999999999753e-01  2.654999999999999808e-03  1.725528955459594727e+00
4.594340000000000090e-01  2.912449999999999761e-01  -2.487699999999999911e-01  -2.021910000000000096e-01  4.525129999999999986e-01  4.519999999999999821e-04  1.762212991714477539e+00
4.105509999999999993e-01  2.808840000000000225e-01  -2.422219999999999929e-01  -1.996560000000000001e-01  4.184450000000000114e-01  -4.693000000000000123e-03  1.799741983413696289e+00
3.535849999999999826e-01  2.614750000000000130e-01  -2.281239999999999934e-01  -1.914319999999999911e-01  3.732030000000000070e-01  -4.475999999999999944e-03  1.846200942993164062e+00
3.197269999999999834e-01  2.482840000000000047e-01  -2.178970000000000073e-01  -1.856170000000000042e-01  3.417229999999999990e-01  -9.202000000000000110e-03  1.881919860839843750e+00
2.797930000000000139e-01  2.306199999999999917e-01  -2.038490000000000024e-01  -1.751260000000000039e-01  3.047279999999999989e-01  -9.827999999999999931e-03  1.915360927581787109e+00
2.510410000000000141e-01  2.141939999999999955e-01  -1.906289999999999929e-01  -1.647329999999999905e-01  2.752609999999999779e-01  -9.841000000000000789e-03  1.949508905410766602e+00
2.391709999999999947e-01  2.058329999999999882e-01  -1.839619999999999866e-01  -1.590459999999999929e-01  2.620319999999999871e-01  -8.871000000000000413e-03  1.989537954330444336e+00
-1.070999999999999903e-03  -2.099999999999999884e-05  9.829999999999999329e-04  3.220000000000000206e-03  9.610000000000000486e-04  2.320000000000000014e-04  2.810937881469726562e+00
-7.759999999999999971e-04  -1.706000000000000051e-03  7.330000000000000361e-04  1.589999999999999888e-04  -9.020000000000000240e-04  2.919999999999999961e-04  2.863455057144165039e+00
-6.800000000000000488e-04  3.429999999999999889e-04  6.840000000000000377e-04  -1.445000000000000104e-03  -2.871999999999999987e-03  5.500000000000000196e-05  2.889874935150146484e+00
1.691799999999999901e-02  -2.122599999999999834e-02  2.455200000000000091e-02  -4.794999999999999783e-03  -2.384999999999999967e-03  1.768300000000000080e-02  2.917383909225463867e+00
4.380799999999999972e-02  -5.557000000000000134e-02  6.012300000000000283e-02  -1.110799999999999982e-02  -1.386000000000000079e-03  4.369900000000000173e-02  2.943095922470092773e+00
8.729299999999999560e-02  -1.076570000000000027e-01  1.197720000000000035e-01  -2.092000000000000109e-02  -1.938000000000000052e-03  8.847599999999999909e-02  2.978528022766113281e+00
1.378350000000000131e-01  -1.728550000000000086e-01  1.919140000000000013e-01  -3.080799999999999858e-02  4.049999999999999781e-04  1.417410000000000059e-01  3.015297889709472656e+00
1.749509999999999954e-01  -2.202129999999999921e-01  2.485449999999999882e-01  -3.695999999999999980e-02  1.404000000000000083e-03  1.791059999999999874e-01  3.046746969223022461e+00
2.043709999999999971e-01  -2.593420000000000170e-01  2.984510000000000218e-01  -4.036300000000000304e-02  8.094999999999999765e-03  2.088569999999999871e-01  3.082418918609619141e+00
2.292959999999999998e-01  -2.933509999999999729e-01  3.434369999999999923e-01  -4.508999999999999814e-02  8.970999999999999808e-03  2.335980000000000001e-01  3.111499071121215820e+00
2.491569999999999896e-01  -3.222389999999999977e-01  3.822139999999999982e-01  -4.938399999999999734e-02  6.314000000000000168e-03  2.537940000000000196e-01  3.139885902404785156e+00
2.639639999999999764e-01  -3.437950000000000172e-01  4.138990000000000169e-01  -5.234899999999999970e-02  6.344999999999999946e-03  2.686169999999999947e-01  3.172669887542724609e+00
2.733510000000000106e-01  -3.593759999999999732e-01  4.359270000000000089e-01  -5.523200000000000331e-02  9.119999999999999635e-03  2.767910000000000093e-01  3.206456899642944336e+00
2.794030000000000125e-01  -3.691699999999999982e-01  4.501600000000000046e-01  -5.758300000000000224e-02  8.548999999999999308e-03  2.816629999999999967e-01  3.234834909439086914e+00
2.817439999999999944e-01  -3.729919999999999902e-01  4.562660000000000049e-01  -5.876399999999999679e-02  8.323999999999999802e-03  2.836040000000000227e-01  3.269095897674560547e+00
2.796230000000000104e-01  -3.738969999999999794e-01  4.571899999999999853e-01  -5.937499999999999722e-02  1.744000000000000107e-03  2.828060000000000018e-01  3.300579071044921875e+00
2.784389999999999921e-01  -3.715749999999999886e-01  4.560100000000000264e-01  -5.967800000000000188e-02  3.472999999999999959e-03  2.797459999999999947e-01  3.328291893005371094e+00
2.737149999999999861e-01  -3.671420000000000239e-01  4.482949999999999990e-01  -5.900699999999999695e-02  -2.233999999999999875e-03  2.738340000000000218e-01  3.360190868377685547e+00
2.650410000000000266e-01  -3.582969999999999766e-01  4.348500000000000143e-01  -5.726699999999999846e-02  -6.719999999999999628e-04  2.637379999999999725e-01  3.395124912261962891e+00
2.570109999999999895e-01  -3.508029999999999760e-01  4.224849999999999994e-01  -5.686399999999999788e-02  1.098000000000000018e-03  2.559119999999999728e-01  3.422307968139648438e+00
2.461079999999999934e-01  -3.376489999999999769e-01  4.045400000000000107e-01  -5.528700000000000281e-02  1.327000000000000055e-03  2.437840000000000007e-01  3.458355903625488281e+00
2.305129999999999957e-01  -3.169390000000000263e-01  3.766249999999999876e-01  -5.298800000000000038e-02  4.331999999999999913e-03  2.269750000000000101e-01  3.496800899505615234e+00
2.150970000000000104e-01  -2.967170000000000085e-01  3.513140000000000152e-01  -4.946300000000000002e-02  6.199999999999999782e-03  2.120829999999999937e-01  3.525707006454467773e+00
1.958320000000000061e-01  -2.706319999999999837e-01  3.184109999999999996e-01  -4.523599999999999843e-02  8.758999999999999425e-03  1.917679999999999940e-01  3.568168878555297852e+00
1.747609999999999997e-01  -2.395539999999999892e-01  2.798700000000000077e-01  -4.036599999999999910e-02  4.168999999999999963e-03  1.689920000000000033e-01  3.616561889648437500e+00
1.610810000000000020e-01  -2.195950000000000124e-01  2.564230000000000120e-01  -3.719000000000000083e-02  6.006000000000000054e-03  1.545080000000000064e-01  3.645324945449829102e+00
1.480299999999999949e-01  -2.006390000000000118e-01  2.333600000000000119e-01  -3.424200000000000160e-02  5.834999999999999909e-03  1.410959999999999992e-01  3.677160024642944336e+00
1.407779999999999865e-01  -1.925040000000000084e-01  2.222619999999999874e-01  -3.281300000000000189e-02  5.265999999999999848e-03  1.343250000000000000e-01  3.716827869415283203e+00
-6.800000000000000488e-04  1.258999999999999920e-03  -1.193000000000000050e-03  -1.812000000000000026e-03  3.739999999999999835e-04  9.380000000000000317e-04  4.523720026016235352e+00
-5.689999999999999529e-04  9.479999999999999495e-04  -9.349999999999999587e-04  1.296999999999999976e-03  3.809999999999999910e-04  7.770000000000000214e-04  4.565708875656127930e+00
-1.054999999999999948e-03  2.269999999999999882e-03  -2.468999999999999841e-03  -1.495000000000000018e-03  -1.657999999999999969e-03  -2.880000000000000181e-03  4.594652891159057617e+00
-1.346200000000000001e-02  2.455699999999999897e-02  -3.327700000000000102e-02  9.148999999999999147e-03  -6.220000000000000485e-04  -1.158200000000000028e-02  4.625746011734008789e+00
-4.935400000000000204e-02  9.436700000000000643e-02  -1.260699999999999876e-01  2.782600000000000004e-02  4.203000000000000139e-03  -4.795100000000000057e-02  4.663699865341186523e+00
-9.226499999999999979e-02  1.764380000000000115e-01  -2.353369999999999906e-01  5.286500000000000227e-02  3.628999999999999847e-03  -8.824500000000000399e-02  4.703629016876220703e+00
-1.324919999999999987e-01  2.527019999999999822e-01  -3.373329999999999940e-01  7.175399999999999834e-02  5.356999999999999783e-03  -1.227950000000000014e-01  4.741800069808959961e+00
-1.655709999999999960e-01  3.181089999999999751e-01  -4.289499999999999980e-01  8.809799999999999576e-02  1.030200000000000039e-02  -1.523829999999999907e-01  4.780440092086791992e+00
-1.861289999999999889e-01  3.632549999999999946e-01  -4.942500000000000226e-01  9.985399999999999832e-02  1.390699999999999922e-02  -1.727920000000000011e-01  4.816066980361938477e+00
-2.046099999999999863e-01  4.055710000000000148e-01  -5.554980000000000473e-01  1.108240000000000058e-01  1.347800000000000040e-02  -1.913920000000000066e-01  4.850135087966918945e+00
-2.193539999999999934e-01  4.404810000000000114e-01  -6.087200000000000388e-01  1.197610000000000063e-01  1.062399999999999976e-02  -2.054070000000000062e-01  4.877731084823608398e+00
-2.313989999999999936e-01  4.708249999999999935e-01  -6.569559999999999844e-01  1.273809999999999942e-01  6.583000000000000310e-03  -2.166109999999999980e-01  4.909867048263549805e+00
-2.405289999999999928e-01  4.954359999999999875e-01  -6.950380000000000447e-01  1.347129999999999994e-01  6.059999999999999849e-04  -2.252000000000000113e-01  4.944823980331420898e+00
-2.461399999999999977e-01  5.134910000000000307e-01  -7.228569999999999718e-01  1.391110000000000124e-01  3.752999999999999826e-03  -2.319740000000000135e-01  4.978772878646850586e+00
-2.515660000000000118e-01  5.288690000000000335e-01  -7.466439999999999744e-01  1.436510000000000009e-01  5.917999999999999650e-03  -2.374650000000000094e-01  5.014220952987670898e+00
-2.531530000000000169e-01  5.398650000000000393e-01  -7.593410000000000437e-01  1.478849999999999887e-01  6.415999999999999828e-03  -2.395509999999999862e-01  5.052036046981811523e+00
-2.507240000000000024e-01  5.414369999999999461e-01  -7.629249999999999643e-01  1.479650000000000132e-01  6.198999999999999649e-03  -2.386860000000000093e-01  5.084503889083862305e+00
-2.486260000000000137e-01  5.454440000000000399e-01  -7.641149999999999887e-01  1.504230000000000012e-01  5.761999999999999761e-03  -2.382789999999999908e-01  5.114594936370849609e+00
-2.482169999999999932e-01  5.488739999999999730e-01  -7.662839999999999652e-01  1.521319999999999895e-01  1.766999999999999908e-03  -2.379529999999999978e-01  5.144602060317993164e+00
-2.441319999999999879e-01  5.521700000000000497e-01  -7.647260000000000169e-01  1.537229999999999985e-01  1.804999999999999964e-03  -2.357690000000000063e-01  5.173516988754272461e+00
-2.402259999999999951e-01  5.519629999999999814e-01  -7.606370000000000076e-01  1.553360000000000019e-01  -4.726000000000000166e-03  -2.332289999999999919e-01  5.204143047332763672e+00
-2.349590000000000012e-01  5.477959999999999496e-01  -7.482370000000000410e-01  1.558430000000000093e-01  -2.654000000000000109e-03  -2.293350000000000111e-01  5.233721017837524414e+00
-2.243249999999999966e-01  5.309340000000000170e-01  -7.180349999999999788e-01  1.514020000000000088e-01  -3.533999999999999815e-03  -2.197389999999999899e-01  5.269397020339965820e+00
-2.131679999999999964e-01  5.129960000000000075e-01  -6.868570000000000508e-01  1.472219999999999918e-01  -6.725000000000000075e-03  -2.101639999999999897e-01  5.306896924972534180e+00
-2.005490000000000050e-01  4.889359999999999817e-01  -6.479530000000000012e-01  1.408050000000000135e-01  -4.238999999999999713e-03  -1.989480000000000137e-01  5.338876008987426758e+00
-1.902530000000000054e-01  4.703370000000000051e-01  -6.172459999999999614e-01  1.378469999999999973e-01  -6.555000000000000063e-03  -1.905080000000000107e-01  5.373419046401977539e+00
-1.791290000000000104e-01  4.467760000000000065e-01  -5.784219999999999917e-01  1.329170000000000074e-01  -4.564999999999999614e-03  -1.807630000000000070e-01  5.411499977111816406e+00
-1.693929999999999880e-01  4.274459999999999926e-01  -5.476900000000000102e-01  1.289150000000000018e-01  -6.289000000000000319e-03  -1.724249999999999949e-01  5.444936037063598633e+00
-1.592880000000000129e-01  4.089619999999999922e-01  -5.152400000000000313e-01  1.252030000000000087e-01  -1.219999999999999947e-03  -1.631749999999999867e-01  5.477957963943481445e+00
-1.466330000000000133e-01  3.817079999999999917e-01  -4.749180000000000068e-01  1.176880000000000009e-01  -1.521999999999999915e-03  -1.513970000000000038e-01  5.516217947006225586e+00
-1.349309999999999954e-01  3.576719999999999899e-01  -4.398750000000000160e-01  1.111280000000000046e-01  3.472999999999999959e-03  -1.411290000000000044e-01  5.550591945648193359e+00
-1.243640000000000023e-01  3.302579999999999960e-01  -4.032229999999999981e-01  1.030709999999999960e-01  3.070999999999999945e-03  -1.313380000000000103e-01  5.584038019180297852e+00
-1.098530000000000062e-01  2.937799999999999856e-01  -3.533780000000000254e-01  9.286600000000000410e-02  2.825999999999999953e-03  -1.162890000000000035e-01  5.630918025970458984e+00
-9.962899999999999534e-02  2.704469999999999930e-01  -3.225379999999999914e-01  8.713300000000000212e-02  4.863000000000000135e-03  -1.061060000000000059e-01  5.666065931320190430e+00
-8.791200000000000403e-02  2.424109999999999876e-01  -2.866460000000000119e-01  7.864100000000000257e-02  3.374999999999999962e-03  -9.440099999999999880e-02  5.701416969299316406e+00
-8.013299999999999590e-02  2.214059999999999917e-01  -2.601019999999999999e-01  7.257600000000000162e-02  3.167000000000000110e-03  -8.591100000000000125e-02  5.735372066497802734e+00
-7.594900000000000262e-02  2.114169999999999938e-01  -2.481309999999999905e-01  6.936399999999999511e-02  1.981999999999999821e-03  -8.172200000000000297e-02  5.773721933364868164e+00
2.539999999999999940e-04  -9.940000000000000918e-04  1.358000000000000049e-03  1.552999999999999910e-03  -1.080999999999999930e-03  -1.550000000000000000e-04  6.593098878860473633e+00
5.500000000000000196e-05  -4.600000000000000139e-04  6.740000000000000114e-04  1.131000000000000061e-03  2.409000000000000117e-03  -1.327000000000000055e-03  6.668596982955932617e+00
1.095629999999999937e-01  -1.572610000000000119e-01  1.737329999999999985e-01  9.571799999999999753e-02  2.928160000000000207e-01  -1.272979999999999945e-01  6.757531881332397461e+00
4.456800000000000345e-02  -4.152699999999999725e-01  4.572390000000000065e-01  2.528900000000000037e-01  4.580640000000000267e-01  -3.103670000000000040e-01  6.834317922592163086e+00
-2.577740000000000031e-01  -5.437739999999999796e-01  5.974380000000000246e-01  3.298900000000000166e-01  1.365750000000000020e-01  -3.678919999999999968e-01  6.890542984008789062e+00
-3.904079999999999773e-01  -6.110670000000000268e-01  6.687119999999999731e-01  3.355259999999999909e-01  -1.597230000000000039e-01  -3.910480000000000067e-01  6.941297054290771484e+00
-6.325669999999999904e-01  -6.808480000000000087e-01  7.414950000000000152e-01  3.540659999999999918e-01  -3.669169999999999932e-01  -4.221909999999999830e-01  7.018620014190673828e+00
-8.686300000000000132e-01  -7.366559999999999775e-01  8.084670000000000467e-01  4.177170000000000050e-01  -4.862500000000000155e-01  -4.584860000000000047e-01  7.099143028259277344e+00
-9.881130000000000191e-01  -7.433969999999999745e-01  8.167219999999999480e-01  4.082390000000000185e-01  -5.298140000000000072e-01  -4.612060000000000048e-01  7.156111955642700195e+00
-1.107623999999999942e+00  -7.075390000000000290e-01  7.745710000000000095e-01  3.201100000000000056e-01  -5.837059999999999471e-01  -4.693609999999999727e-01  7.222568035125732422e+00
-1.138430000000000053e+00  -6.472700000000000120e-01  7.228849999999999998e-01  2.771250000000000102e-01  -6.387220000000000120e-01  -4.980010000000000270e-01  7.286006927490234375e+00
-1.206987999999999950e+00  -6.045690000000000230e-01  6.893529999999999935e-01  2.627650000000000263e-01  -7.062209999999999877e-01  -5.121339999999999781e-01  7.343364953994750977e+00
-1.203897999999999913e+00  -5.567119999999999846e-01  6.463090000000000224e-01  2.289779999999999871e-01  -7.064129999999999576e-01  -5.150169999999999471e-01  7.391653060913085938e+00
-1.195138999999999951e+00  -5.045929999999999582e-01  5.956799999999999873e-01  1.798889999999999934e-01  -6.597079999999999611e-01  -5.201419999999999932e-01  7.444519996643066406e+00
-1.172428999999999943e+00  -4.655880000000000019e-01  5.600420000000000398e-01  1.400220000000000076e-01  -5.894650000000000167e-01  -5.327049999999999841e-01  7.491293907165527344e+00
-1.124722000000000000e+00  -4.244249999999999967e-01  5.211379999999999901e-01  1.006699999999999956e-01  -5.057949999999999946e-01  -5.401880000000000015e-01  7.544475078582763672e+00
-1.037684000000000051e+00  -3.690320000000000267e-01  4.697359999999999869e-01  4.996099999999999847e-02  -3.932010000000000227e-01  -5.419279999999999653e-01  7.603641033172607422e+00
-9.462450000000000028e-01  -3.221470000000000167e-01  4.239820000000000255e-01  1.069100000000000085e-02  -3.060919999999999752e-01  -5.318410000000000082e-01  7.661771059036254883e+00
-8.625859999999999639e-01  -2.851969999999999783e-01  3.838090000000000113e-01  -1.748999999999999860e-02  -2.429409999999999903e-01  -5.179219999999999935e-01  7.714372873306274414e+00
-7.128919999999999702e-01  -2.169820000000000082e-01  3.112989999999999924e-01  -6.750699999999999756e-02  -1.432549999999999935e-01  -4.864029999999999743e-01  7.794990062713623047e+00
-5.944019999999999859e-01  -1.613120000000000109e-01  2.527610000000000134e-01  -1.107940000000000036e-01  -6.234800000000000064e-02  -4.643809999999999882e-01  7.842686891555786133e+00
-4.057239999999999736e-01  -5.203100000000000086e-02  1.330129999999999924e-01  -1.999009999999999954e-01  7.984399999999999831e-02  -4.238350000000000173e-01  7.931737899780273438e+00
-2.370250000000000135e-01  1.260110000000000119e-01  -5.377300000000000135e-02  -2.381000000000000061e-01  2.377269999999999939e-01  -3.862579999999999902e-01  7.999727964401245117e+00
-9.743200000000000471e-02  3.362269999999999981e-01  -2.705299999999999927e-01  -1.310020000000000073e-01  3.569890000000000008e-01  -3.378920000000000257e-01  8.068136930465698242e+00
1.675499999999999906e-02  4.063220000000000165e-01  -3.520480000000000276e-01  -1.164459999999999940e-01  4.143490000000000228e-01  -2.946190000000000198e-01  8.133347988128662109e+00
6.252099999999999325e-02  3.866080000000000072e-01  -3.378329999999999944e-01  -1.692150000000000043e-01  4.253259999999999819e-01  -2.799969999999999959e-01  8.175504922866821289e+00
1.077049999999999952e-01  3.369750000000000245e-01  -2.963100000000000178e-01  -2.456079999999999930e-01  4.280129999999999768e-01  -2.634529999999999927e-01  8.226530075073242188e+00
1.398300000000000098e-01  3.071769999999999778e-01  -2.731870000000000132e-01  -2.902609999999999912e-01  4.305689999999999795e-01  -2.531660000000000021e-01  8.262482881546020508e+00
1.652639999999999942e-01  2.882140000000000257e-01  -2.587630000000000208e-01  -3.198670000000000124e-01  4.310610000000000275e-01  -2.417590000000000017e-01  8.301264047622680664e+00
1.840990000000000126e-01  2.716720000000000246e-01  -2.453720000000000068e-01  -3.395000000000000240e-01  4.249789999999999957e-01  -2.294930000000000025e-01  8.340942859649658203e+00
1.943729999999999902e-01  2.523590000000000000e-01  -2.292909999999999948e-01  -3.479599999999999915e-01  4.086719999999999797e-01  -2.158299999999999941e-01  8.384788990020751953e+00
1.994910000000000017e-01  2.372350000000000014e-01  -2.163450000000000095e-01  -3.534479999999999844e-01  3.934799999999999964e-01  -2.039839999999999987e-01  8.418210029602050781e+00
2.078399999999999970e-01  2.198610000000000009e-01  -1.996600000000000041e-01  -3.744689999999999963e-01  3.732269999999999754e-01  -1.891420000000000046e-01  8.469543933868408203e+00
2.121979999999999977e-01  2.087469999999999881e-01  -1.887379999999999891e-01  -3.846430000000000127e-01  3.588509999999999756e-01  -1.799949999999999883e-01  8.514740943908691406e+00
2.138450000000000073e-01  1.973709999999999909e-01  -1.786369999999999902e-01  -3.900640000000000218e-01  3.416879999999999917e-01  -1.703900000000000137e-01  8.548660039901733398e+00
2.120329999999999993e-01  1.859590000000000132e-01  -1.672170000000000045e-01  -3.879409999999999803e-01  3.231580000000000008e-01  -1.597929999999999906e-01  8.590317010879516602e+00
2.054010000000000002e-01  1.735349999999999948e-01  -1.546170000000000044e-01  -3.762759999999999994e-01  2.998199999999999754e-01  -1.477950000000000097e-01  8.630486011505126953e+00
1.997379999999999989e-01  1.621990000000000098e-01  -1.441989999999999938e-01  -3.617710000000000092e-01  2.808149999999999813e-01  -1.377079999999999971e-01  8.664985895156860352e+00
1.884319999999999884e-01  1.490970000000000073e-01  -1.313749999999999918e-01  -3.405460000000000154e-01  2.557189999999999741e-01  -1.264129999999999976e-01  8.704216003417968750e+00
1.717210000000000125e-01  1.305280000000000051e-01  -1.157409999999999967e-01  -3.076909999999999923e-01  2.251960000000000073e-01  -1.116489999999999982e-01  8.749749898910522461e+00
1.597369999999999901e-01  1.141319999999999973e-01  -1.038739999999999941e-01  -2.826879999999999948e-01  2.011300000000000032e-01  -9.897400000000000642e-02  8.794216871261596680e+00
1.466179999999999983e-01  9.785800000000000054e-02  -9.332100000000000117e-02  -2.556459999999999844e-01  1.792050000000000032e-01  -8.704399999999999638e-02  8.830726861953735352e+00
1.334799999999999875e-01  8.374600000000000100e-02  -8.340300000000000491e-02  -2.293509999999999993e-01  1.581960000000000033e-01  -7.634199999999999320e-02  8.868555068969726562e+00
1.270499999999999963e-01  7.950200000000000322e-02  -7.998700000000000254e-02  -2.202330000000000121e-01  1.505789999999999906e-01  -7.331200000000000216e-02  8.916476011276245117e+00
-6.340000000000000149e-04  -8.689999999999999808e-04  2.559999999999999884e-04  -2.539999999999999940e-04  -4.879999999999999898e-04  3.539999999999999853e-04  9.723456859588623047e+00
-3.089999999999999756e-04  -2.180000000000000134e-04  7.100000000000000462e-05  1.930000000000000075e-03  -7.630000000000000063e-04  6.880000000000000265e-04  9.807714939117431641e+00
3.726600000000000051e-02  4.609599999999999809e-02  -8.584400000000000364e-02  -6.136300000000000088e-02  -1.797539999999999971e-01  1.464000000000000024e-01  9.887028932571411133e+00
1.244959999999999956e-01  1.441209999999999991e-01  -2.570089999999999875e-01  -1.983550000000000035e-01  -5.098660000000000414e-01  4.639559999999999795e-01  9.950021982192993164e+00
1.687049999999999939e-01  1.552900000000000114e-01  -2.975539999999999852e-01  -3.280429999999999735e-01  -5.464609999999999745e-01  7.006949999999999568e-01  1.004485702514648438e+01
1.897119999999999918e-01  9.376700000000000312e-02  -2.414550000000000030e-01  -3.275890000000000191e-01  -4.749450000000000061e-01  7.386179999999999968e-01  1.009760594367980957e+01
3.280580000000000163e-01  -5.985399999999999748e-02  -5.389300000000000340e-02  -1.780259999999999898e-01  -3.376310000000000144e-01  7.634109999999999507e-01  1.017594289779663086e+01
4.376680000000000015e-01  1.051290000000000002e-01  -1.998679999999999901e-01  -2.083770000000000067e-01  -3.914909999999999779e-01  8.181810000000000471e-01  1.027368688583374023e+01
2.715110000000000023e-01  3.280739999999999768e-01  -3.919710000000000139e-01  -2.834099999999999953e-01  -1.932899999999999896e-01  8.015449999999999520e-01  1.037131094932556152e+01
1.758879999999999888e-01  1.625449999999999950e-01  -2.016030000000000044e-01  -3.013899999999999912e-02  2.277399999999999980e-01  7.378719999999999724e-01  1.044374704360961914e+01
2.475400000000000100e-01  -1.190429999999999960e-01  9.671899999999999942e-02  2.077660000000000062e-01  -1.493160000000000043e-01  7.031709999999999905e-01  1.052453494071960449e+01
3.081789999999999807e-01  -1.683659999999999879e-01  1.526399999999999979e-01  2.377440000000000109e-01  -3.165789999999999993e-01  6.845879999999999743e-01  1.058335804939270020e+01
3.201999999999999846e-01  -1.873460000000000125e-01  1.824890000000000123e-01  2.744570000000000065e-01  -3.888579999999999814e-01  6.583299999999999708e-01  1.064609503746032715e+01
3.675479999999999858e-01  -2.173059999999999992e-01  2.200280000000000014e-01  3.235210000000000030e-01  -3.830569999999999808e-01  6.348679999999999879e-01  1.069538187980651855e+01
4.108209999999999917e-01  -2.564060000000000228e-01  2.663360000000000172e-01  3.737929999999999864e-01  -3.654769999999999963e-01  6.170959999999999779e-01  1.073952698707580566e+01
4.359480000000000022e-01  -2.937179999999999791e-01  3.119919999999999916e-01  4.223020000000000107e-01  -3.383590000000000209e-01  5.986650000000000027e-01  1.079499888420104980e+01
4.507369999999999988e-01  -3.107380000000000142e-01  3.361109999999999931e-01  4.470910000000000162e-01  -3.101740000000000053e-01  5.814439999999999609e-01  1.084607291221618652e+01
4.657209999999999961e-01  -3.147079999999999878e-01  3.432430000000000203e-01  4.552329999999999988e-01  -2.920050000000000145e-01  5.629129999999999967e-01  1.089772605895996094e+01
4.734619999999999940e-01  -3.107880000000000087e-01  3.412180000000000213e-01  4.545409999999999728e-01  -2.701020000000000088e-01  5.352670000000000483e-01  1.093909096717834473e+01
4.758999999999999897e-01  -3.015280000000000182e-01  3.341290000000000093e-01  4.468190000000000217e-01  -2.446220000000000061e-01  5.111139999999999572e-01  1.098573899269104004e+01
4.724209999999999798e-01  -2.815059999999999785e-01  3.153340000000000032e-01  4.274979999999999891e-01  -1.995989999999999986e-01  4.756940000000000057e-01  1.103569602966308594e+01
4.674860000000000126e-01  -2.595480000000000009e-01  2.953529999999999767e-01  4.055619999999999781e-01  -1.522080000000000100e-01  4.466760000000000175e-01  1.108380699157714844e+01
4.635900000000000021e-01  -2.384010000000000018e-01  2.747999999999999887e-01  3.818520000000000247e-01  -1.093589999999999979e-01  4.205349999999999921e-01  1.112520599365234375e+01
4.652660000000000129e-01  -2.149199999999999999e-01  2.502679999999999905e-01  3.560699999999999976e-01  -6.492000000000000548e-02  3.953650000000000220e-01  1.116949200630187988e+01
4.643189999999999817e-01  -1.785279999999999923e-01  2.142789999999999973e-01  3.160560000000000036e-01  -2.786999999999999981e-03  3.600960000000000272e-01  1.122491908073425293e+01
4.692609999999999837e-01  -1.340250000000000052e-01  1.667029999999999901e-01  2.628220000000000001e-01  6.768899999999999917e-02  3.188110000000000110e-01  1.128705000877380371e+01
4.908390000000000253e-01  -8.946300000000000086e-02  1.207499999999999962e-01  2.109560000000000046e-01  1.320379999999999887e-01  2.829079999999999928e-01  1.134194207191467285e+01
5.576670000000000238e-01  -3.684400000000000175e-02  6.741500000000000270e-02  1.514300000000000090e-01  2.062990000000000101e-01  2.517480000000000273e-01  1.139073204994201660e+01
6.379150000000000098e-01  3.792700000000000238e-02  -7.827999999999999889e-03  7.041200000000000236e-02  2.937520000000000131e-01  2.202139999999999931e-01  1.144928097724914551e+01
6.735719999999999485e-01  8.734000000000000097e-02  -5.828099999999999947e-02  1.700199999999999975e-02  3.429019999999999846e-01  2.004940000000000055e-01  1.149039387702941895e+01
6.914320000000000466e-01  1.443210000000000048e-01  -1.179840000000000055e-01  -4.783199999999999952e-02  3.917970000000000064e-01  1.739870000000000028e-01  1.154058599472045898e+01
6.861880000000000202e-01  1.746929999999999872e-01  -1.512409999999999866e-01  -8.576699999999999602e-02  4.233290000000000108e-01  1.564109999999999945e-01  1.158176708221435547e+01
6.699549999999999672e-01  2.021129999999999871e-01  -1.806989999999999985e-01  -1.222140000000000032e-01  4.574130000000000140e-01  1.368330000000000102e-01  1.163001608848571777e+01
6.471209999999999463e-01  2.176359999999999961e-01  -1.989049999999999985e-01  -1.459419999999999884e-01  4.806130000000000124e-01  1.213439999999999935e-01  1.167397689819335938e+01
6.145950000000000024e-01  2.404419999999999891e-01  -2.216960000000000042e-01  -1.715949999999999975e-01  4.998730000000000118e-01  1.067369999999999985e-01  1.172115802764892578e+01
5.834409999999999874e-01  2.593139999999999890e-01  -2.401600000000000124e-01  -1.926009999999999944e-01  5.071849999999999969e-01  9.690600000000000602e-02  1.175706005096435547e+01
5.547020000000000284e-01  2.689650000000000096e-01  -2.516590000000000216e-01  -2.053709999999999980e-01  5.040350000000000108e-01  8.921300000000000063e-02  1.179090690612792969e+01
5.159909999999999775e-01  2.749900000000000122e-01  -2.598380000000000134e-01  -2.151720000000000022e-01  4.892529999999999935e-01  8.011300000000000365e-02  1.182710886001586914e+01
4.812850000000000183e-01  2.747120000000000117e-01  -2.596069999999999767e-01  -2.179480000000000028e-01  4.699659999999999949e-01  7.294599999999999695e-02  1.186051988601684570e+01
4.467320000000000180e-01  2.686890000000000112e-01  -2.548630000000000062e-01  -2.182060000000000111e-01  4.456339999999999746e-01  6.618000000000000271e-02  1.189194488525390625e+01
4.185650000000000204e-01  2.617099999999999982e-01  -2.483180000000000109e-01  -2.142050000000000065e-01  4.233700000000000241e-01  6.095400000000000124e-02  1.192764687538146973e+01
3.622909999999999742e-01  2.440879999999999994e-01  -2.324630000000000030e-01  -2.020609999999999906e-01  3.763889999999999736e-01  5.187900000000000150e-02  1.196869087219238281e+01
3.202510000000000079e-01  2.280169999999999975e-01  -2.177959999999999896e-01  -1.914089999999999958e-01  3.377419999999999867e-01  4.532800000000000024e-02  1.200525307655334473e+01
2.895780000000000021e-01  2.150499999999999912e-01  -2.062160000000000104e-01  -1.836240000000000094e-01  3.092070000000000096e-01  4.045800000000000091e-02  1.204089593887329102e+01
2.535930000000000129e-01  1.974130000000000051e-01  -1.907659999999999911e-01  -1.716280000000000028e-01  2.740659999999999763e-01  3.522499999999999937e-02  1.207693600654602051e+01
2.264539999999999886e-01  1.838970000000000049e-01  -1.764820000000000000e-01  -1.592840000000000089e-01  2.474490000000000023e-01  3.138500000000000317e-02  1.210980200767517090e+01
2.161250000000000115e-01  1.762289999999999968e-01  -1.700849999999999862e-01  -1.538160000000000083e-01  2.346229999999999982e-01  2.990599999999999856e-02  1.214242601394653320e+01
-1.056999999999999997e-03  -1.242000000000000048e-03  1.108999999999999960e-03  1.848999999999999949e-03  -2.913999999999999924e-03  -1.856000000000000011e-03  1.295419597625732422e+01
-5.779999999999999548e-04  -8.930000000000000221e-04  4.249999999999999763e-04  1.760999999999999979e-03  -9.129999999999999661e-04  -2.790000000000000054e-04  1.301288890838623047e+01
5.270000000000000162e-04  -1.677000000000000105e-03  1.920999999999999965e-03  -7.849999999999999990e-04  4.780000000000000178e-04  2.804000000000000069e-03  1.304193186759948730e+01
2.233999999999999875e-02  -2.778900000000000120e-02  3.309299999999999742e-02  -7.321000000000000250e-03  5.609999999999999752e-04  2.119899999999999909e-02  1.307304406166076660e+01
6.891500000000000403e-02  -8.098700000000000343e-02  9.725200000000000511e-02  -2.158900000000000055e-02  9.799999999999999684e-04  7.441899999999999904e-02  1.311288595199584961e+01
1.157600000000000018e-01  -1.340040000000000120e-01  1.613380000000000092e-01  -3.150499999999999828e-02  -2.341000000000000199e-03  1.237029999999999935e-01  1.315202498435974121e+01
1.537030000000000063e-01  -1.817330000000000056e-01  2.190489999999999937e-01  -4.276699999999999946e-02  -5.743999999999999974e-03  1.638419999999999876e-01  1.319227600097656250e+01
1.841909999999999936e-01  -2.220840000000000036e-01  2.673940000000000206e-01  -5.054600000000000065e-02  -2.286999999999999970e-03  1.935689999999999911e-01  1.322800087928771973e+01
1.986960000000000115e-01  -2.425930000000000031e-01  2.929709999999999814e-01  -5.424699999999999661e-02  3.820000000000000153e-04  2.068319999999999881e-01  1.325291204452514648e+01
2.146649999999999947e-01  -2.646910000000000096e-01  3.232200000000000073e-01  -5.756700000000000012e-02  -4.840000000000000010e-04  2.211609999999999965e-01  1.328693509101867676e+01
2.290840000000000098e-01  -2.850750000000000228e-01  3.497489999999999766e-01  -6.079199999999999882e-02  2.886999999999999809e-03  2.342779999999999863e-01  1.332348108291625977e+01
2.367620000000000002e-01  -2.969879999999999742e-01  3.641650000000000165e-01  -6.267300000000000648e-02  2.047999999999999907e-03  2.407779999999999920e-01  1.335579705238342285e+01
2.395359999999999989e-01  -3.031249999999999778e-01  3.732710000000000194e-01  -6.282799999999999496e-02  5.054000000000000332e-03  2.435589999999999977e-01  1.338562107086181641e+01
2.413160000000000027e-01  -3.080280000000000240e-01  3.795850000000000057e-01  -6.295499999999999707e-02  6.832999999999999664e-03  2.438009999999999899e-01  1.341203403472900391e+01
2.417519999999999947e-01  -3.094439999999999968e-01  3.820810000000000040e-01  -6.320699999999999930e-02  9.974000000000000227e-03  2.422920000000000074e-01  1.344452786445617676e+01
2.392970000000000097e-01  -3.071139999999999981e-01  3.793839999999999990e-01  -6.246100000000000263e-02  1.188400000000000047e-02  2.393629999999999924e-01  1.347954607009887695e+01
2.297909999999999953e-01  -3.015909999999999980e-01  3.707409999999999872e-01  -6.054400000000000059e-02  1.206899999999999987e-02  2.301850000000000007e-01  1.351999902725219727e+01
2.214079999999999937e-01  -2.944869999999999988e-01  3.623790000000000067e-01  -5.823400000000000104e-02  6.309999999999999637e-03  2.197040000000000104e-01  1.355759406089782715e+01
2.128190000000000082e-01  -2.863379999999999814e-01  3.516980000000000106e-01  -5.642099999999999893e-02  7.060999999999999568e-03  2.112030000000000018e-01  1.358870196342468262e+01
2.024940000000000073e-01  -2.757680000000000131e-01  3.385360000000000036e-01  -5.424400000000000055e-02  -2.559999999999999884e-04  2.006779999999999953e-01  1.362180995941162109e+01
1.726429999999999909e-01  -2.406040000000000123e-01  2.944869999999999988e-01  -4.774799999999999878e-02  -3.128000000000000138e-03  1.697879999999999945e-01  1.370398306846618652e+01
1.595699999999999896e-01  -2.242989999999999984e-01  2.733590000000000186e-01  -4.457300000000000151e-02  -6.573999999999999982e-03  1.565290000000000015e-01  1.373572707176208496e+01
1.424940000000000095e-01  -2.027920000000000000e-01  2.464560000000000084e-01  -3.941800000000000165e-02  -3.457000000000000003e-03  1.398659999999999903e-01  1.377328991889953613e+01
1.294530000000000125e-01  -1.856460000000000055e-01  2.263439999999999896e-01  -3.606100000000000277e-02  2.460000000000000164e-04  1.266980000000000051e-01  1.380472087860107422e+01
1.173690000000000011e-01  -1.706419999999999881e-01  2.057960000000000067e-01  -3.273299999999999821e-02  6.198000000000000384e-03  1.141319999999999973e-01  1.383584904670715332e+01
1.117080000000000017e-01  -1.627560000000000118e-01  1.967430000000000012e-01  -3.082299999999999970e-02  3.831999999999999903e-03  1.080990000000000006e-01  1.386976599693298340e+01
-5.680000000000000370e-04  1.760000000000000063e-03  -1.098000000000000018e-03  1.312999999999999931e-03  1.632999999999999903e-03  -3.151999999999999854e-03  1.469377088546752930e+01
-6.400000000000000524e-04  -6.989999999999999686e-04  -8.530000000000000256e-04  3.060000000000000111e-04  2.469999999999999865e-04  -2.913999999999999924e-03  1.473576903343200684e+01
-2.860000000000000129e-04  1.142999999999999919e-03  -5.339999999999999695e-04  -9.680000000000000019e-04  -1.356999999999999916e-03  4.550000000000000008e-04  1.476000595092773438e+01
-5.472999999999999567e-03  2.454399999999999984e-02  -3.213799999999999990e-02  6.176000000000000066e-03  6.059999999999999849e-04  -7.868999999999999259e-03  1.479038286209106445e+01
-1.641099999999999851e-02  7.622099999999999709e-02  -1.027480000000000060e-01  2.276900000000000104e-02  -1.013999999999999927e-03  -1.627599999999999880e-02  1.481897902488708496e+01
-3.323399999999999965e-02  1.521569999999999867e-01  -2.079620000000000080e-01  5.144399999999999668e-02  -3.828999999999999938e-03  -3.149799999999999822e-02  1.485978889465332031e+01
-4.693300000000000249e-02  2.137330000000000063e-01  -2.937930000000000264e-01  7.195400000000000407e-02  -3.830000000000000071e-03  -4.201699999999999879e-02  1.489800190925598145e+01
-6.171399999999999803e-02  2.813740000000000130e-01  -3.907220000000000137e-01  9.424499999999999544e-02  -4.328000000000000250e-03  -5.630299999999999888e-02  1.494009590148925781e+01
-7.315699999999999981e-02  3.397890000000000077e-01  -4.757970000000000255e-01  1.116859999999999936e-01  -9.095000000000000653e-03  -6.702199999999999824e-02  1.497593688964843750e+01
-8.057000000000000273e-02  3.792800000000000060e-01  -5.357650000000000468e-01  1.224959999999999938e-01  -6.734999999999999667e-03  -7.403400000000000258e-02  1.500949406623840332e+01
-8.696099999999999663e-02  4.133780000000000232e-01  -5.901760000000000339e-01  1.319379999999999997e-01  -9.372999999999999388e-03  -7.984900000000000331e-02  1.504323792457580566e+01
-9.205199999999999494e-02  4.413360000000000061e-01  -6.377690000000000303e-01  1.396110000000000129e-01  -1.255099999999999966e-02  -8.473300000000000276e-02  1.507385706901550293e+01
-9.554100000000000092e-02  4.641350000000000198e-01  -6.758469999999999756e-01  1.464560000000000028e-01  -1.401999999999999948e-02  -8.798400000000000665e-02  1.510318398475646973e+01
-9.748900000000000621e-02  4.816579999999999750e-01  -7.027600000000000513e-01  1.521039999999999892e-01  -1.253300000000000074e-02  -9.083099999999999508e-02  1.513670492172241211e+01
-9.892099999999999504e-02  4.934020000000000072e-01  -7.232349999999999612e-01  1.560960000000000125e-01  -1.140299999999999994e-02  -9.223299999999999554e-02  1.516724395751953125e+01
-1.002249999999999946e-01  5.021459999999999813e-01  -7.363939999999999930e-01  1.587590000000000112e-01  -1.178900000000000087e-02  -9.392300000000000648e-02  1.519909906387329102e+01
-9.923500000000000376e-02  5.075150000000000494e-01  -7.405260000000000176e-01  1.601740000000000108e-01  -1.094499999999999987e-02  -9.392000000000000348e-02  1.522981786727905273e+01
-9.811100000000000376e-02  5.137070000000000247e-01  -7.452269999999999728e-01  1.616809999999999914e-01  -9.645000000000000795e-03  -9.368899999999999451e-02  1.526283502578735352e+01
-9.699699999999999989e-02  5.172109999999999763e-01  -7.485220000000000207e-01  1.636799999999999922e-01  -7.872000000000000525e-03  -9.375500000000000500e-02  1.529117798805236816e+01
-9.687300000000000078e-02  5.206250000000000044e-01  -7.485230000000000494e-01  1.657270000000000132e-01  -2.085000000000000048e-03  -9.279300000000000048e-02  1.532514500617980957e+01
-9.475000000000000089e-02  5.186880000000000379e-01  -7.415500000000000425e-01  1.659279999999999922e-01  3.442000000000000181e-03  -9.146600000000000563e-02  1.535739898681640625e+01
-9.074899999999999634e-02  5.097519999999999829e-01  -7.217710000000000514e-01  1.637699999999999989e-01  8.482999999999999222e-03  -8.802799999999999514e-02  1.539647507667541504e+01
-8.626200000000000534e-02  4.916059999999999874e-01  -6.903730000000000144e-01  1.575620000000000076e-01  9.802999999999999214e-03  -8.458999999999999853e-02  1.543836903572082520e+01
-8.237700000000000577e-02  4.723499999999999921e-01  -6.569739999999999469e-01  1.524480000000000002e-01  8.434999999999999790e-03  -8.083700000000000607e-02  1.547397494316101074e+01
-7.662099999999999467e-02  4.512499999999999845e-01  -6.188109999999999999e-01  1.466240000000000043e-01  5.619999999999999996e-03  -7.666699999999999904e-02  1.550859093666076660e+01
-7.240199999999999414e-02  4.336769999999999792e-01  -5.883699999999999486e-01  1.427859999999999963e-01  5.250999999999999591e-03  -7.356000000000000039e-02  1.554345107078552246e+01
-6.858899999999999719e-02  4.178890000000000104e-01  -5.587440000000000184e-01  1.389039999999999997e-01  3.059000000000000087e-03  -7.008599999999999552e-02  1.557553887367248535e+01
-6.541800000000000392e-02  4.010909999999999753e-01  -5.311569999999999903e-01  1.341040000000000010e-01  -1.340999999999999961e-03  -6.713500000000000023e-02  1.560940289497375488e+01
-6.106700000000000322e-02  3.800239999999999729e-01  -4.940689999999999804e-01  1.278340000000000032e-01  -3.029000000000000008e-03  -6.283800000000000496e-02  1.564314389228820801e+01
-5.695599999999999968e-02  3.595949999999999980e-01  -4.618410000000000015e-01  1.218899999999999983e-01  3.640000000000000115e-04  -5.911299999999999888e-02  1.568150997161865234e+01
-5.271800000000000097e-02  3.370520000000000183e-01  -4.275639999999999996e-01  1.147119999999999945e-01  -6.109999999999999980e-04  -5.557800000000000240e-02  1.570994901657104492e+01
-4.716499999999999859e-02  3.068810000000000149e-01  -3.838960000000000150e-01  1.064969999999999944e-01  1.451000000000000033e-03  -5.049000000000000016e-02  1.574875903129577637e+01
-4.234799999999999676e-02  2.792470000000000230e-01  -3.438749999999999862e-01  9.807499999999999551e-02  3.618000000000000122e-03  -4.565600000000000214e-02  1.579038190841674805e+01
-3.904799999999999938e-02  2.580140000000000211e-01  -3.144910000000000205e-01  9.020000000000000240e-02  5.359000000000000048e-03  -4.176099999999999951e-02  1.582444000244140625e+01
-3.506900000000000295e-02  2.336260000000000003e-01  -2.812769999999999992e-01  8.148900000000000587e-02  7.452000000000000290e-03  -3.746000000000000024e-02  1.586174106597900391e+01
-3.156400000000000178e-02  2.142050000000000065e-01  -2.563170000000000170e-01  7.500800000000000523e-02  1.261699999999999974e-02  -3.391700000000000270e-02  1.589883804321289062e+01
-2.981599999999999875e-02  2.056099999999999872e-01  -2.446869999999999878e-01  7.204199999999999493e-02  1.473299999999999957e-02  -3.270200000000000190e-02  1.592929196357727051e+01
7.529999999999999801e-04  -9.240000000000000166e-04  1.503999999999999912e-03  -2.569000000000000103e-03  -9.859999999999998974e-04  -1.822999999999999968e-03  1.674592208862304688e+01
4.539999999999999765e-04  -5.490000000000000088e-04  5.980000000000000072e-04  9.309999999999999699e-04  2.599999999999999772e-04  -1.807000000000000012e-03  1.683787703514099121e+01
3.771999999999999659e-02  -8.915199999999999514e-02  9.723900000000000599e-02  2.267399999999999971e-02  1.413069999999999882e-01  -7.939999999999999836e-02  1.691299295425415039e+01
6.245599999999999763e-02  -3.744069999999999898e-01  4.116659999999999764e-01  1.256490000000000107e-01  3.675309999999999966e-01  -3.123349999999999738e-01  1.698011302947998047e+01
-4.435499999999999859e-02  -5.216039999999999566e-01  5.752580000000000471e-01  2.322909999999999975e-01  1.731679999999999886e-01  -4.140849999999999809e-01  1.703328704833984375e+01
-1.696650000000000102e-01  -6.280769999999999964e-01  6.911249999999999893e-01  3.325080000000000258e-01  -1.042649999999999966e-01  -4.802910000000000235e-01  1.708430409431457520e+01
-2.707709999999999839e-01  -7.000610000000000444e-01  7.699240000000000528e-01  3.836780000000000190e-01  -2.697019999999999973e-01  -5.228679999999999994e-01  1.713550496101379395e+01
-3.557170000000000054e-01  -7.594689999999999497e-01  8.352540000000000520e-01  3.863079999999999847e-01  -3.745620000000000061e-01  -5.571220000000000061e-01  1.718629097938537598e+01
-4.544969999999999843e-01  -8.188149999999999595e-01  9.005020000000000246e-01  3.397769999999999957e-01  -4.604860000000000064e-01  -5.856409999999999672e-01  1.723635792732238770e+01
-5.328370000000000051e-01  -8.569949999999999513e-01  9.441589999999999705e-01  2.928890000000000104e-01  -4.999469999999999748e-01  -6.039369999999999461e-01  1.728925108909606934e+01
-6.417429999999999524e-01  -8.904950000000000365e-01  9.811879999999999491e-01  2.463539999999999897e-01  -5.125009999999999843e-01  -6.125399999999999734e-01  1.734682297706604004e+01
-7.558749999999999636e-01  -9.106229999999999603e-01  1.000931999999999933e+00  2.186319999999999930e-01  -4.961869999999999892e-01  -6.159369999999999568e-01  1.740786695480346680e+01
-8.576559999999999739e-01  -9.169810000000000461e-01  1.008283000000000040e+00  2.041320000000000079e-01  -4.756009999999999960e-01  -6.145779999999999577e-01  1.746192407608032227e+01
-8.991839999999999833e-01  -9.142789999999999528e-01  1.011578000000000088e+00  2.551229999999999887e-01  -5.129399999999999515e-01  -6.040809999999999791e-01  1.752012896537780762e+01
-7.906429999999999847e-01  -8.580179999999999474e-01  9.988869999999999694e-01  3.413039999999999963e-01  -6.687480000000000091e-01  -5.638959999999999528e-01  1.761791706085205078e+01
-7.877030000000000420e-01  -7.157829999999999471e-01  9.160719999999999974e-01  3.335170000000000079e-01  -7.698099999999999943e-01  -5.094919999999999449e-01  1.769335007667541504e+01
-9.499180000000000401e-01  -5.658119999999999816e-01  7.514710000000000001e-01  2.501470000000000082e-01  -7.644360000000000044e-01  -4.772089999999999943e-01  1.776885986328125000e+01
-9.496090000000000364e-01  -5.051539999999999919e-01  6.543689999999999785e-01  1.942470000000000030e-01  -6.696969999999999867e-01  -4.859100000000000086e-01  1.781405997276306152e+01
-9.760600000000000387e-01  -4.540449999999999764e-01  5.814279999999999449e-01  1.531109999999999971e-01  -5.503099999999999659e-01  -4.917170000000000152e-01  1.785921597480773926e+01
-1.002771000000000079e+00  -4.083129999999999815e-01  5.263790000000000413e-01  1.182079999999999936e-01  -4.503909999999999858e-01  -4.943750000000000089e-01  1.790618896484375000e+01
-1.024974999999999969e+00  -3.434360000000000190e-01  4.537889999999999979e-01  6.703000000000000624e-02  -3.226419999999999844e-01  -5.006859999999999644e-01  1.795616602897644043e+01
-1.024850999999999956e+00  -3.053239999999999843e-01  4.120449999999999946e-01  3.328500000000000208e-02  -2.494260000000000088e-01  -5.070590000000000375e-01  1.799146890640258789e+01
-1.013843000000000050e+00  -2.517599999999999838e-01  3.557210000000000094e-01  -1.821800000000000155e-02  -1.541770000000000085e-01  -5.147289999999999921e-01  1.802651095390319824e+01
-9.907420000000000115e-01  -1.921100000000000030e-01  2.913120000000000154e-01  -7.718600000000000461e-02  -5.967599999999999988e-02  -5.188420000000000254e-01  1.807070899009704590e+01
-9.439149999999999485e-01  -1.166910000000000031e-01  2.100700000000000067e-01  -1.478250000000000119e-01  4.351300000000000306e-02  -5.155469999999999775e-01  1.812020087242126465e+01
-7.762400000000000411e-01  3.106099999999999833e-02  4.275199999999999834e-02  -2.703409999999999980e-01  2.211029999999999940e-01  -4.835789999999999811e-01  1.822655892372131348e+01
-5.628379999999999495e-01  7.982300000000000506e-02  -1.840999999999999928e-02  -3.542589999999999906e-01  3.546759999999999913e-01  -4.475049999999999861e-01  1.831268095970153809e+01
-4.254290000000000016e-01  6.433800000000000630e-02  -6.690999999999999899e-03  -4.045259999999999967e-01  4.308029999999999915e-01  -4.290100000000000025e-01  1.835909986495971680e+01
-3.413610000000000255e-01  8.911900000000000377e-02  -3.370700000000000085e-02  -4.331380000000000230e-01  4.713510000000000200e-01  -4.128930000000000100e-01  1.840347194671630859e+01
-2.728780000000000094e-01  1.557580000000000076e-01  -1.062379999999999991e-01  -4.469489999999999852e-01  5.020809999999999995e-01  -3.970730000000000093e-01  1.844782900810241699e+01
-2.089870000000000061e-01  2.328340000000000132e-01  -1.876009999999999900e-01  -4.515600000000000169e-01  5.266939999999999955e-01  -3.813819999999999988e-01  1.850460290908813477e+01
-1.665119999999999933e-01  2.712350000000000039e-01  -2.300510000000000055e-01  -4.493469999999999964e-01  5.335940000000000127e-01  -3.664499999999999980e-01  1.854582595825195312e+01
-1.250380000000000102e-01  2.957500000000000129e-01  -2.590549999999999797e-01  -4.391399999999999748e-01  5.314109999999999667e-01  -3.488859999999999739e-01  1.858554196357727051e+01
-8.880300000000000693e-02  3.147559999999999802e-01  -2.805900000000000061e-01  -4.291670000000000207e-01  5.250420000000000087e-01  -3.316629999999999856e-01  1.862347698211669922e+01
-5.136899999999999800e-02  3.301879999999999815e-01  -3.013629999999999920e-01  -4.139829999999999899e-01  5.092079999999999940e-01  -3.126860000000000195e-01  1.866729807853698730e+01
-2.468400000000000108e-02  3.342109999999999803e-01  -3.081820000000000115e-01  -3.976219999999999755e-01  4.881739999999999968e-01  -2.936110000000000109e-01  1.871132588386535645e+01
-3.069000000000000113e-03  3.403160000000000074e-01  -3.169870000000000188e-01  -3.836399999999999810e-01  4.657930000000000126e-01  -2.757089999999999819e-01  1.875198602676391602e+01
1.651599999999999943e-02  3.483740000000000170e-01  -3.271769999999999956e-01  -3.706280000000000130e-01  4.419719999999999760e-01  -2.567740000000000022e-01  1.879743409156799316e+01
2.886400000000000077e-02  3.523990000000000178e-01  -3.317649999999999766e-01  -3.585459999999999758e-01  4.171320000000000028e-01  -2.418559999999999877e-01  1.884265708923339844e+01
3.847799999999999832e-02  3.502100000000000213e-01  -3.326749999999999985e-01  -3.445679999999999854e-01  3.918050000000000144e-01  -2.267909999999999926e-01  1.888150906562805176e+01
4.641800000000000093e-02  3.413120000000000043e-01  -3.260870000000000157e-01  -3.240460000000000007e-01  3.582850000000000201e-01  -2.068010000000000126e-01  1.892826104164123535e+01
5.223900000000000071e-02  3.183090000000000086e-01  -3.052619999999999778e-01  -2.930880000000000152e-01  3.141079999999999983e-01  -1.824459999999999971e-01  1.897915291786193848e+01
5.376299999999999829e-02  2.977119999999999767e-01  -2.855059999999999820e-01  -2.686879999999999824e-01  2.826190000000000091e-01  -1.653000000000000025e-01  1.901874804496765137e+01
5.386799999999999922e-02  2.706029999999999824e-01  -2.613759999999999972e-01  -2.413540000000000130e-01  2.451639999999999930e-01  -1.450829999999999897e-01  1.907278394699096680e+01
5.124299999999999689e-02  2.440920000000000034e-01  -2.356090000000000129e-01  -2.139220000000000010e-01  2.103200000000000069e-01  -1.260429999999999884e-01  1.911962985992431641e+01
4.995200000000000334e-02  2.347879999999999967e-01  -2.267089999999999939e-01  -2.052920000000000023e-01  2.009450000000000125e-01  -1.210139999999999966e-01  1.915637302398681641e+01
4.848600000000000132e-02  2.314430000000000098e-01  -2.243539999999999979e-01  -2.039999999999999869e-01  1.991449999999999887e-01  -1.207069999999999949e-01  1.921196007728576660e+01
-1.520000000000000084e-04  -9.380000000000000317e-04  1.188999999999999953e-03  1.758000000000000014e-03  -7.370000000000000249e-04  -7.770000000000000214e-04  2.000826287269592285e+01
-3.139999999999999888e-04  -6.300000000000000261e-04  6.530000000000000431e-04  2.402000000000000055e-03  -4.479999999999999933e-04  2.341000000000000199e-03  2.007652592658996582e+01
1.197740000000000055e-01  7.365900000000000225e-02  -1.598070000000000046e-01  -3.025200000000000111e-02  -2.609369999999999745e-01  2.419560000000000044e-01  2.017078590393066406e+01
4.836960000000000148e-01  4.604799999999999865e-02  -2.184450000000000003e-01  1.015849999999999947e-01  -6.112729999999999553e-01  7.468529999999999891e-01  2.026704907417297363e+01
5.507819999999999938e-01  -1.478510000000000102e-01  5.187599999999999850e-02  3.316490000000000271e-01  -5.559809999999999475e-01  8.586190000000000211e-01  2.034170889854431152e+01
4.862190000000000123e-01  -2.049630000000000063e-01  1.410339999999999927e-01  4.003840000000000177e-01  -4.800019999999999842e-01  8.761670000000000291e-01  2.040929508209228516e+01
5.791870000000000074e-01  -1.857229999999999992e-01  1.135239999999999999e-01  3.971950000000000203e-01  -4.053300000000000236e-01  9.191270000000000273e-01  2.045724797248840332e+01
6.390419999999999989e-01  -1.688850000000000073e-01  9.442200000000000593e-02  4.044519999999999782e-01  -4.226010000000000044e-01  9.612079999999999513e-01  2.050166702270507812e+01
6.535400000000000098e-01  -1.657760000000000067e-01  9.785399999999999654e-02  4.224749999999999894e-01  -4.722680000000000211e-01  9.863250000000000073e-01  2.056071805953979492e+01
6.590700000000000447e-01  -1.582270000000000065e-01  9.716299999999999937e-02  4.251929999999999876e-01  -4.841639999999999833e-01  9.896840000000000082e-01  2.061694002151489258e+01
6.413330000000000419e-01  -1.487459999999999893e-01  9.203500000000000569e-02  4.227509999999999879e-01  -4.721150000000000069e-01  9.811119999999999841e-01  2.066788792610168457e+01
6.429840000000000000e-01  -1.299089999999999967e-01  7.807899999999999563e-02  4.097549999999999804e-01  -4.247739999999999849e-01  9.641309999999999603e-01  2.072110295295715332e+01
6.423959999999999670e-01  -1.092909999999999993e-01  6.317799999999999805e-02  3.944690000000000141e-01  -3.665709999999999802e-01  9.475219999999999754e-01  2.077675008773803711e+01
6.399049999999999461e-01  -9.570800000000000141e-02  5.191599999999999687e-02  3.863929999999999865e-01  -3.200390000000000179e-01  9.339920000000000444e-01  2.083212208747863770e+01
6.291060000000000541e-01  -7.329499999999999904e-02  3.302800000000000180e-02  3.677710000000000146e-01  -2.643690000000000206e-01  9.019179999999999975e-01  2.089583992958068848e+01
6.094549999999999690e-01  -5.916699999999999737e-02  2.005300000000000138e-02  3.511520000000000197e-01  -2.324960000000000082e-01  8.756969999999999477e-01  2.094038987159729004e+01
5.882370000000000099e-01  -3.633100000000000218e-02  -1.853999999999999962e-03  3.234949999999999770e-01  -2.038459999999999994e-01  8.338630000000000209e-01  2.098504805564880371e+01
5.712939999999999685e-01  -1.472000000000000045e-02  -2.160899999999999974e-02  2.967639999999999723e-01  -1.826109999999999955e-01  7.988089999999999913e-01  2.102461504936218262e+01
5.497490000000000432e-01  1.215499999999999914e-02  -4.725399999999999739e-02  2.654830000000000245e-01  -1.555529999999999968e-01  7.554710000000000036e-01  2.107242298126220703e+01
5.214429999999999898e-01  4.144199999999999967e-02  -7.407400000000000095e-02  2.272780000000000078e-01  -1.204360000000000014e-01  7.039039999999999742e-01  2.112793087959289551e+01
4.959080000000000155e-01  6.464499999999999413e-02  -9.416299999999999670e-02  1.968409999999999882e-01  -8.784300000000000441e-02  6.580510000000000526e-01  2.117807507514953613e+01
4.811699999999999866e-01  8.479000000000000425e-02  -1.113449999999999995e-01  1.656779999999999919e-01  -4.528999999999999693e-02  6.106390000000000429e-01  2.122080993652343750e+01
5.423919999999999852e-01  1.044699999999999934e-01  -1.300209999999999977e-01  1.337289999999999868e-01  4.896999999999999964e-02  5.649650000000000505e-01  2.127291607856750488e+01
6.400460000000000038e-01  1.411050000000000082e-01  -1.623989999999999878e-01  8.343100000000000516e-02  1.836740000000000039e-01  5.032039999999999846e-01  2.133546996116638184e+01
6.847330000000000361e-01  1.690149999999999986e-01  -1.889119999999999966e-01  4.445299999999999946e-02  2.515000000000000013e-01  4.661830000000000140e-01  2.137808299064636230e+01
7.175160000000000426e-01  2.067330000000000001e-01  -2.249430000000000041e-01  -3.566000000000000159e-03  3.050189999999999846e-01  4.305069999999999730e-01  2.141171002388000488e+01
7.425159999999999538e-01  2.557180000000000009e-01  -2.744229999999999725e-01  -6.883499999999999341e-02  3.600720000000000032e-01  3.905989999999999740e-01  2.145927596092224121e+01
7.451649999999999663e-01  3.014229999999999965e-01  -3.180990000000000206e-01  -1.336479999999999890e-01  4.032769999999999966e-01  3.449809999999999821e-01  2.151833200454711914e+01
7.280990000000000517e-01  3.271809999999999996e-01  -3.421089999999999964e-01  -1.732499999999999873e-01  4.254910000000000081e-01  3.149810000000000110e-01  2.156219005584716797e+01
6.949490000000000389e-01  3.594720000000000137e-01  -3.711740000000000039e-01  -2.235689999999999900e-01  4.512610000000000232e-01  2.760340000000000016e-01  2.161368298530578613e+01
6.609019999999999895e-01  3.814549999999999885e-01  -3.913079999999999892e-01  -2.607809999999999850e-01  4.723180000000000156e-01  2.478069999999999995e-01  2.166574406623840332e+01
6.167089999999999517e-01  3.898639999999999883e-01  -3.986250000000000071e-01  -2.816960000000000020e-01  4.796860000000000013e-01  2.203370000000000051e-01  2.170677590370178223e+01
5.747889999999999944e-01  3.913650000000000184e-01  -3.986879999999999868e-01  -2.918379999999999863e-01  4.759869999999999934e-01  1.993640000000000134e-01  2.174875187873840332e+01
5.339570000000000149e-01  3.962439999999999851e-01  -4.030449999999999866e-01  -3.063690000000000024e-01  4.690529999999999977e-01  1.813480000000000092e-01  2.178858995437622070e+01
4.949810000000000043e-01  4.014130000000000198e-01  -4.072490000000000276e-01  -3.191010000000000235e-01  4.588220000000000076e-01  1.644619999999999971e-01  2.183078694343566895e+01
4.590580000000000216e-01  4.012109999999999843e-01  -4.057850000000000068e-01  -3.285359999999999947e-01  4.429259999999999864e-01  1.488319999999999921e-01  2.186842894554138184e+01
4.219459999999999877e-01  3.945819999999999883e-01  -3.987990000000000146e-01  -3.303550000000000098e-01  4.216460000000000208e-01  1.351390000000000091e-01  2.190938997268676758e+01
3.843079999999999830e-01  3.801610000000000267e-01  -3.834960000000000035e-01  -3.230609999999999871e-01  3.933059999999999889e-01  1.221219999999999944e-01  2.194965887069702148e+01
3.369440000000000213e-01  3.542259999999999853e-01  -3.562930000000000264e-01  -3.070530000000000204e-01  3.551920000000000077e-01  1.059289999999999954e-01  2.199510908126831055e+01
3.079799999999999760e-01  3.331689999999999929e-01  -3.348769999999999802e-01  -2.908359999999999834e-01  3.269880000000000009e-01  9.577700000000000102e-02  2.203227496147155762e+01
2.722470000000000168e-01  3.052540000000000253e-01  -3.062869999999999759e-01  -2.701439999999999952e-01  2.934709999999999819e-01  8.332199999999999329e-02  2.207111597061157227e+01
2.266650000000000054e-01  2.658659999999999912e-01  -2.657059999999999977e-01  -2.385190000000000088e-01  2.488180000000000114e-01  6.832299999999999485e-02  2.212382388114929199e+01
1.974480000000000124e-01  2.381320000000000103e-01  -2.372199999999999864e-01  -2.158090000000000008e-01  2.184530000000000083e-01  5.922600000000000087e-02  2.217030501365661621e+01
1.874589999999999868e-01  2.282279999999999864e-01  -2.276729999999999865e-01  -2.083849999999999869e-01  2.084399999999999864e-01  5.649499999999999661e-02  2.220776295661926270e+01
-3.379999999999999758e-04  -1.283999999999999985e-03  1.170999999999999949e-03  7.839999999999999747e-04  -4.369999999999999970e-04  -1.262000000000000101e-03  2.302117800712585449e+01
-1.002000000000000069e-03  -7.089999999999999948e-04  7.900000000000000121e-04  -1.456000000000000046e-03  -8.030000000000000028e-04  2.979999999999999793e-04  2.307767295837402344e+01
-7.399999999999999623e-05  -6.070000000000000092e-04  5.519999999999999733e-04  2.014000000000000165e-03  -7.579999999999999932e-04  1.822999999999999968e-03  2.310511088371276855e+01
4.910000000000000302e-03  -2.015099999999999877e-02  2.531699999999999923e-02  -7.213999999999999926e-03  -6.610000000000000207e-04  7.562000000000000145e-03  2.313917303085327148e+01
2.080999999999999864e-02  -7.553200000000000192e-02  9.752299999999999858e-02  -2.055699999999999888e-02  -3.440000000000000132e-04  2.264899999999999899e-02  2.317806005477905273e+01
3.905700000000000144e-02  -1.398089999999999888e-01  1.800950000000000051e-01  -3.977499999999999786e-02  -1.610000000000000103e-04  3.822300000000000003e-02  2.321599292755126953e+01
5.661299999999999666e-02  -2.101600000000000135e-01  2.696169999999999956e-01  -5.526400000000000062e-02  3.899999999999999929e-05  5.746600000000000319e-02  2.326597905158996582e+01
6.563499999999999890e-02  -2.474780000000000035e-01  3.205410000000000204e-01  -6.511000000000000121e-02  9.999999999999999547e-07  6.710499999999999798e-02  2.329521298408508301e+01
7.258199999999999374e-02  -2.788229999999999875e-01  3.662690000000000112e-01  -7.422499999999999931e-02  1.100000000000000039e-04  7.462199999999999389e-02  2.332700204849243164e+01
7.861200000000000132e-02  -3.033290000000000153e-01  4.062430000000000208e-01  -8.068200000000000371e-02  2.900000000000000017e-04  8.012700000000000378e-02  2.335738492012023926e+01
8.297100000000000308e-02  -3.211660000000000070e-01  4.347619999999999818e-01  -8.725399999999999823e-02  1.759999999999999954e-04  8.481900000000000550e-02  2.339137005805969238e+01
8.588500000000000301e-02  -3.328260000000000107e-01  4.570330000000000226e-01  -9.102699999999999680e-02  2.959999999999999849e-04  8.750299999999999745e-02  2.341917300224304199e+01
8.627999999999999559e-02  -3.413030000000000230e-01  4.692839999999999789e-01  -9.368799999999999351e-02  4.659999999999999971e-04  8.867200000000000082e-02  2.345441198348999023e+01
8.622900000000000009e-02  -3.450969999999999871e-01  4.754650000000000265e-01  -9.566500000000000004e-02  4.000000000000000192e-04  8.869299999999999407e-02  2.349133300781250000e+01
8.580699999999999439e-02  -3.427990000000000204e-01  4.724010000000000153e-01  -9.631399999999999684e-02  4.150000000000000043e-04  8.777999999999999692e-02  2.353450703620910645e+01
8.473700000000000676e-02  -3.370400000000000063e-01  4.645659999999999790e-01  -9.554799999999999405e-02  4.650000000000000270e-04  8.581400000000000139e-02  2.356792593002319336e+01
8.095399999999999818e-02  -3.288110000000000199e-01  4.498440000000000216e-01  -9.457899999999999641e-02  2.750000000000000166e-04  8.279699999999999560e-02  2.360480904579162598e+01
7.755499999999999894e-02  -3.206519999999999926e-01  4.365060000000000051e-01  -9.226099999999999579e-02  2.559999999999999884e-04  7.964799999999999658e-02  2.363706898689270020e+01
7.485999999999999599e-02  -3.101650000000000240e-01  4.168450000000000211e-01  -8.990299999999999681e-02  1.190000000000000058e-04  7.594900000000000262e-02  2.367364192008972168e+01
7.087300000000000544e-02  -2.946590000000000042e-01  3.917140000000000066e-01  -8.586399999999999588e-02  3.159999999999999832e-04  7.076300000000000645e-02  2.370638799667358398e+01
6.692700000000000038e-02  -2.805039999999999756e-01  3.687059999999999782e-01  -8.196599999999999719e-02  4.899999999999999842e-05  6.638800000000000257e-02  2.374450492858886719e+01
5.875400000000000067e-02  -2.553630000000000067e-01  3.317089999999999761e-01  -7.499899999999999622e-02  1.550000000000000000e-04  5.961600000000000232e-02  2.378839302062988281e+01
5.380900000000000266e-02  -2.380919999999999981e-01  3.059209999999999985e-01  -6.997499999999999554e-02  -9.600000000000000243e-05  5.463400000000000201e-02  2.382102298736572266e+01
4.891600000000000115e-02  -2.169220000000000037e-01  2.754869999999999819e-01  -6.406900000000000095e-02  -2.990000000000000036e-03  4.887199999999999878e-02  2.386088705062866211e+01
4.468799999999999856e-02  -1.987990000000000035e-01  2.517550000000000066e-01  -5.873699999999999755e-02  3.209999999999999963e-04  4.420199999999999824e-02  2.389523506164550781e+01
4.301399999999999668e-02  -1.892739999999999978e-01  2.398450000000000026e-01  -5.592899999999999955e-02  -1.111000000000000008e-03  4.244599999999999762e-02  2.393220686912536621e+01
-2.190000000000000106e-04  1.098000000000000018e-03  -1.016999999999999892e-03  4.330000000000000081e-04  1.752000000000000085e-03  -2.526000000000000034e-03  2.474051499366760254e+01
-5.259999999999999919e-04  9.380000000000000317e-04  -9.709999999999999664e-04  5.090000000000000123e-04  1.492000000000000054e-03  -2.478000000000000168e-03  2.478631401062011719e+01
9.999999999999999547e-07  2.298999999999999828e-03  -2.956999999999999993e-03  1.186999999999999904e-03  -1.949999999999999965e-04  1.165000000000000020e-03  2.481747007369995117e+01
2.174000000000000151e-03  3.477999999999999842e-02  -5.042100000000000054e-02  1.307200000000000029e-02  -1.100999999999999982e-03  2.305999999999999890e-03  2.484894394874572754e+01
7.529000000000000102e-03  1.047769999999999951e-01  -1.513009999999999911e-01  4.020800000000000068e-02  -2.168999999999999921e-03  8.054999999999999660e-03  2.488361001014709473e+01
1.268200000000000056e-02  1.778289999999999871e-01  -2.569089999999999985e-01  6.959300000000000208e-02  -2.083000000000000216e-03  1.687200000000000158e-02  2.492506289482116699e+01
1.685400000000000093e-02  2.427380000000000093e-01  -3.545820000000000083e-01  9.274799999999999711e-02  -3.520999999999999824e-03  2.247199999999999892e-02  2.496780490875244141e+01
2.009100000000000122e-02  2.899459999999999815e-01  -4.259539999999999993e-01  1.099880000000000024e-01  -5.083999999999999977e-03  2.885000000000000064e-02  2.499934697151184082e+01
2.289499999999999869e-02  3.307760000000000145e-01  -4.910660000000000025e-01  1.239999999999999991e-01  6.799999999999999946e-05  3.110900000000000123e-02  2.503370308876037598e+01
2.550799999999999942e-02  3.752110000000000167e-01  -5.638480000000000159e-01  1.390530000000000099e-01  1.778000000000000067e-03  3.268800000000000178e-02  2.507166004180908203e+01
2.779500000000000026e-02  4.101290000000000213e-01  -6.254290000000000127e-01  1.518599999999999950e-01  3.249999999999999851e-03  3.445700000000000152e-02  2.510796904563903809e+01
2.935300000000000062e-02  4.312010000000000010e-01  -6.635520000000000307e-01  1.596220000000000139e-01  4.158000000000000237e-03  3.569599999999999856e-02  2.514134407043457031e+01
3.016599999999999837e-02  4.508199999999999985e-01  -6.937999999999999723e-01  1.661400000000000099e-01  -1.438000000000000042e-03  3.644900000000000223e-02  2.517370986938476562e+01
3.097400000000000153e-02  4.640320000000000000e-01  -7.171170000000000044e-01  1.712879999999999958e-01  -5.399000000000000153e-03  3.660499999999999865e-02  2.520922708511352539e+01
3.120699999999999863e-02  4.740110000000000157e-01  -7.303039999999999532e-01  1.749950000000000117e-01  -6.720000000000000279e-03  3.681600000000000150e-02  2.524056386947631836e+01
3.094699999999999881e-02  4.786360000000000059e-01  -7.389559999999999462e-01  1.771510000000000029e-01  -3.673000000000000050e-03  3.631299999999999806e-02  2.527355909347534180e+01
3.060300000000000173e-02  4.874310000000000032e-01  -7.451389999999999958e-01  1.825259999999999938e-01  -5.122999999999999950e-03  3.534500000000000142e-02  2.531148099899291992e+01
3.043999999999999831e-02  4.920999999999999819e-01  -7.494370000000000198e-01  1.856410000000000005e-01  -3.439999999999999915e-03  3.407700000000000312e-02  2.534471392631530762e+01
2.893300000000000038e-02  4.939370000000000149e-01  -7.454370000000000163e-01  1.857800000000000007e-01  -5.369999999999999774e-03  3.289899999999999769e-02  2.537999391555786133e+01
2.824600000000000027e-02  4.901840000000000086e-01  -7.333720000000000239e-01  1.851410000000000000e-01  -2.062000000000000031e-03  3.102099999999999996e-02  2.542086100578308105e+01
2.676500000000000060e-02  4.824899999999999745e-01  -7.157489999999999686e-01  1.841049999999999909e-01  -5.774999999999999752e-03  2.975099999999999967e-02  2.545572209358215332e+01
2.580199999999999855e-02  4.696000000000000174e-01  -6.854489999999999750e-01  1.810160000000000102e-01  -3.161000000000000181e-03  2.749100000000000155e-02  2.549201893806457520e+01
2.488299999999999887e-02  4.534210000000000185e-01  -6.570949999999999847e-01  1.759960000000000135e-01  -1.479000000000000063e-03  2.534900000000000000e-02  2.552883291244506836e+01
2.424400000000000166e-02  4.341139999999999999e-01  -6.241670000000000273e-01  1.696539999999999992e-01  2.655999999999999941e-03  2.361399999999999957e-02  2.555724287033081055e+01
2.250299999999999870e-02  4.061739999999999795e-01  -5.752129999999999743e-01  1.607619999999999882e-01  3.546000000000000107e-03  2.086299999999999960e-02  2.559831094741821289e+01
2.135300000000000045e-02  3.874000000000000221e-01  -5.408490000000000242e-01  1.543380000000000030e-01  3.191999999999999959e-03  1.941800000000000123e-02  2.563386988639831543e+01
1.934999999999999915e-02  3.672460000000000169e-01  -5.025319999999999787e-01  1.481089999999999907e-01  2.442000000000000160e-03  1.634400000000000089e-02  2.567370700836181641e+01
1.806100000000000066e-02  3.481009999999999938e-01  -4.668539999999999912e-01  1.406419999999999892e-01  -2.272999999999999847e-03  1.583299999999999985e-02  2.571386504173278809e+01
1.666400000000000173e-02  3.265549999999999842e-01  -4.305390000000000050e-01  1.318310000000000037e-01  -5.524000000000000264e-03  1.486099999999999921e-02  2.575150704383850098e+01
1.473999999999999963e-02  3.019339999999999802e-01  -3.904309999999999725e-01  1.224269999999999942e-01  -6.187999999999999924e-03  1.169300000000000027e-02  2.578844809532165527e+01
1.352399999999999956e-02  2.816029999999999922e-01  -3.585720000000000018e-01  1.143549999999999983e-01  -2.540999999999999856e-03  1.097799999999999991e-02  2.582078695297241211e+01
1.178399999999999934e-02  2.559509999999999841e-01  -3.189750000000000085e-01  1.039459999999999967e-01  -4.211000000000000333e-03  1.139100000000000008e-02  2.585926508903503418e+01
1.069699999999999991e-02  2.349920000000000064e-01  -2.907159999999999744e-01  9.565099999999999991e-02  -1.922000000000000097e-03  1.053699999999999949e-02  2.589614987373352051e+01
9.801999999999999949e-03  2.160430000000000128e-01  -2.643909999999999871e-01  8.817500000000000338e-02  -2.367000000000000180e-03  1.012799999999999985e-02  2.592861294746398926e+01
9.544000000000000400e-03  2.068959999999999966e-01  -2.519989999999999730e-01  8.422699999999999632e-02  -4.468999999999999882e-03  1.091699999999999962e-02  2.595995688438415527e+01
-2.210000000000000050e-04  -9.309999999999999699e-04  1.129000000000000012e-03  -4.229999999999999819e-04  1.701999999999999954e-03  6.700000000000000226e-05  2.677985405921936035e+01
-2.200000000000000078e-04  -5.460000000000000443e-04  1.026999999999999918e-03  -1.659999999999999963e-04  2.477000000000000035e-03  -1.082999999999999978e-03  2.685806107521057129e+01
2.066799999999999887e-02  -1.233189999999999981e-01  1.376410000000000133e-01  -9.281599999999999573e-02  -9.429099999999999981e-02  -1.263080000000000036e-01  2.693874096870422363e+01
1.027760000000000062e-01  -5.192189999999999861e-01  5.816040000000000099e-01  -1.457940000000000069e-01  6.117600000000000121e-02  -5.063260000000000538e-01  2.702797698974609375e+01
1.965649999999999897e-01  -7.026909999999999545e-01  7.829850000000000421e-01  1.719299999999999995e-01  5.849889999999999812e-01  -6.390930000000000222e-01  2.710883998870849609e+01
-2.690999999999999989e-02  -8.185419999999999918e-01  9.115600000000000369e-01  3.699160000000000226e-01  3.363650000000000251e-01  -6.807109999999999550e-01  2.720514488220214844e+01
-3.327499999999999902e-01  -8.981559999999999544e-01  1.004140999999999950e+00  2.572139999999999982e-01  -3.225810000000000066e-01  -7.204070000000000196e-01  2.730290007591247559e+01
-2.947060000000000235e-01  -9.029220000000000024e-01  1.013857999999999926e+00  1.519129999999999925e-01  -4.696549999999999891e-01  -7.352340000000000542e-01  2.735819101333618164e+01
-2.319120000000000070e-01  -8.785669999999999868e-01  9.897529999999999939e-01  1.870979999999999865e-01  -3.521969999999999823e-01  -7.380120000000000013e-01  2.741143703460693359e+01
-2.770690000000000097e-01  -8.539240000000000164e-01  9.635449999999999848e-01  2.238219999999999932e-01  -1.929480000000000084e-01  -7.499609999999999888e-01  2.746172308921813965e+01
-3.783590000000000009e-01  -8.304329999999999767e-01  9.431450000000000111e-01  2.273129999999999873e-01  -1.026019999999999988e-01  -7.675809999999999578e-01  2.750190401077270508e+01
-5.074959999999999471e-01  -7.965140000000000553e-01  9.125670000000000170e-01  2.110579999999999956e-01  -2.927700000000000094e-02  -7.826009999999999911e-01  2.754700994491577148e+01
-6.006759999999999877e-01  -7.641580000000000039e-01  8.805479999999999974e-01  1.859550000000000092e-01  1.559400000000000022e-02  -7.903390000000000137e-01  2.759126687049865723e+01
-6.801469999999999461e-01  -7.240539999999999754e-01  8.342889999999999473e-01  1.482199999999999906e-01  4.609800000000000009e-02  -7.920599999999999863e-01  2.763085508346557617e+01
-7.769660000000000455e-01  -6.644790000000000418e-01  7.686509999999999732e-01  9.710799999999999987e-02  6.967399999999999982e-02  -7.907990000000000297e-01  2.767571997642517090e+01
-8.589430000000000121e-01  -6.118919999999999915e-01  7.116820000000000368e-01  5.462499999999999994e-02  8.096200000000000618e-02  -7.866870000000000251e-01  2.771707391738891602e+01
-9.734829999999999872e-01  -5.512749999999999595e-01  6.462219999999999631e-01  7.290000000000000473e-04  8.485399999999999887e-02  -7.867579999999999574e-01  2.776376795768737793e+01
-1.066530999999999896e+00  -4.988679999999999781e-01  5.906599999999999628e-01  -4.336600000000000177e-02  8.160399999999999598e-02  -7.889639999999999986e-01  2.780710792541503906e+01
-1.161367999999999956e+00  -4.316960000000000242e-01  5.181740000000000235e-01  -9.827600000000000224e-02  7.106300000000000117e-02  -7.809209999999999763e-01  2.785105299949645996e+01
-1.214506000000000085e+00  -3.752159999999999940e-01  4.571620000000000128e-01  -1.388070000000000137e-01  6.125099999999999989e-02  -7.691459999999999964e-01  2.789656090736389160e+01
-1.247583000000000109e+00  -3.194489999999999830e-01  3.988869999999999916e-01  -1.746600000000000097e-01  5.025700000000000306e-02  -7.524469999999999770e-01  2.793010187149047852e+01
-1.258463000000000109e+00  -2.659960000000000102e-01  3.439289999999999847e-01  -2.059169999999999889e-01  4.054100000000000065e-02  -7.319729999999999848e-01  2.797638106346130371e+01
-1.245873000000000008e+00  -2.038689999999999947e-01  2.842169999999999974e-01  -2.384330000000000060e-01  2.822900000000000062e-02  -7.041610000000000369e-01  2.802140188217163086e+01
-1.216849000000000069e+00  -1.554619999999999891e-01  2.373129999999999962e-01  -2.582360000000000211e-01  1.921600000000000044e-02  -6.771239999999999482e-01  2.806358194351196289e+01
-1.166506999999999961e+00  -1.044380000000000031e-01  1.871039999999999925e-01  -2.776270000000000127e-01  9.960000000000000103e-03  -6.431919999999999860e-01  2.810739588737487793e+01
-1.071098000000000106e+00  -4.343199999999999839e-02  1.294929999999999970e-01  -2.946309999999999762e-01  -2.981999999999999842e-03  -5.931400000000000006e-01  2.817372608184814453e+01
-1.003686000000000078e+00  -1.069400000000000038e-02  9.773700000000000443e-02  -2.988680000000000225e-01  -9.360999999999999530e-03  -5.588830000000000187e-01  2.821248197555541992e+01
-9.401270000000000460e-01  1.928799999999999959e-02  7.024700000000000388e-02  -3.044410000000000172e-01  -1.129900000000000002e-02  -5.288310000000000510e-01  2.825071191787719727e+01
-8.756810000000000427e-01  4.568500000000000338e-02  4.606600000000000278e-02  -3.066360000000000197e-01  -1.835399999999999879e-02  -5.015840000000000298e-01  2.829632091522216797e+01
-8.061199999999999477e-01  7.552300000000000679e-02  1.941000000000000017e-02  -3.103739999999999832e-01  -2.146999999999999950e-02  -4.708640000000000048e-01  2.834283900260925293e+01
-7.496159999999999490e-01  9.634900000000000408e-02  -7.579999999999999932e-04  -3.121340000000000225e-01  -2.243699999999999861e-02  -4.462380000000000235e-01  2.838344502449035645e+01
-7.054909999999999792e-01  1.102640000000000009e-01  -1.455500000000000023e-02  -3.103989999999999805e-01  -2.393299999999999941e-02  -4.279359999999999831e-01  2.841309785842895508e+01
-6.476279999999999815e-01  1.253869999999999985e-01  -2.859899999999999942e-02  -3.073489999999999833e-01  -2.591399999999999954e-02  -4.018639999999999990e-01  2.845019698143005371e+01
-6.000870000000000370e-01  1.334309999999999941e-01  -3.790400000000000019e-02  -2.988950000000000218e-01  -2.710500000000000062e-02  -3.792579999999999840e-01  2.848287200927734375e+01
-5.629560000000000120e-01  1.377140000000000031e-01  -4.347299999999999776e-02  -2.920369999999999910e-01  -2.925799999999999929e-02  -3.620820000000000149e-01  2.851406502723693848e+01
-5.192719999999999558e-01  1.418860000000000121e-01  -4.955999999999999989e-02  -2.829550000000000121e-01  -3.070000000000000159e-02  -3.393070000000000253e-01  2.854417490959167480e+01
-4.660639999999999783e-01  1.449439999999999895e-01  -5.589600000000000124e-02  -2.711140000000000216e-01  -3.182800000000000212e-02  -3.129069999999999907e-01  2.858042097091674805e+01
-4.250780000000000114e-01  1.448780000000000068e-01  -5.927999999999999936e-02  -2.581040000000000001e-01  -3.211699999999999972e-02  -2.907270000000000132e-01  2.861070799827575684e+01
-3.758520000000000194e-01  1.424140000000000128e-01  -6.104300000000000004e-02  -2.408250000000000113e-01  -3.090100000000000138e-02  -2.631620000000000070e-01  2.865643501281738281e+01
-3.300509999999999833e-01  1.376960000000000128e-01  -6.131700000000000345e-02  -2.246140000000000081e-01  -2.946700000000000014e-02  -2.387229999999999908e-01  2.869644188880920410e+01
-2.897040000000000171e-01  1.325129999999999919e-01  -5.992100000000000204e-02  -2.074429999999999885e-01  -2.772000000000000158e-02  -2.143309999999999937e-01  2.873535299301147461e+01
-2.537139999999999951e-01  1.249269999999999964e-01  -5.724400000000000321e-02  -1.903620000000000034e-01  -2.617799999999999988e-02  -1.906920000000000004e-01  2.877088093757629395e+01
-2.251680000000000070e-01  1.182850000000000013e-01  -5.402599999999999764e-02  -1.771359999999999879e-01  -2.429699999999999915e-02  -1.729219999999999924e-01  2.880783605575561523e+01
-2.143170000000000075e-01  1.154469999999999941e-01  -5.204399999999999998e-02  -1.706560000000000021e-01  -2.271799999999999861e-02  -1.647009999999999863e-01  2.884204101562500000e+01
