v1     v2   v3   v4  v5   v6   t1
-5.899999999999999754e-05  1.190000000000000058e-04  5.899999999999999754e-05  5.899999999999999754e-05  1.988999999999999883e-03  0.000000000000000000e+00  0.000000000000000000e+00
5.899999999999999754e-05  0.000000000000000000e+00  1.190000000000000058e-04  1.190000000000000058e-04  -1.698000000000000074e-03  6.099999999999999872e-05  7.902193069458007812e-02
-4.959000000000000213e-02  -1.076460000000000056e-01  1.054900000000000004e-01  -6.138799999999999812e-02  -2.445950000000000069e-01  1.725089999999999957e-01  1.693830490112304688e-01
-7.249999999999999500e-04  -2.962110000000000021e-01  2.912150000000000016e-01  -9.183299999999999796e-02  -5.732209999999999805e-01  5.064359999999999973e-01  2.330138683319091797e-01
3.219549999999999912e-01  -3.829069999999999974e-01  3.756320000000000214e-01  1.342210000000000070e-01  -5.557739999999999903e-01  7.435779999999999612e-01  2.973999977111816406e-01
3.749859999999999860e-01  -3.868849999999999789e-01  3.794330000000000203e-01  2.871859999999999968e-01  -5.890999999999999570e-01  7.790169999999999595e-01  3.494720458984375000e-01
3.415070000000000050e-01  -3.956799999999999762e-01  3.876550000000000273e-01  3.510320000000000107e-01  -5.850710000000000077e-01  7.693759999999999488e-01  4.095110893249511719e-01
3.345670000000000033e-01  -4.109320000000000195e-01  4.004269999999999774e-01  4.061210000000000098e-01  -5.631880000000000219e-01  8.198159999999999892e-01  4.888150691986083984e-01
3.130240000000000244e-01  -4.228199999999999736e-01  4.109329999999999927e-01  4.767120000000000246e-01  -5.611969999999999459e-01  8.534890000000000532e-01  5.555369853973388672e-01
3.041820000000000079e-01  -4.183390000000000164e-01  4.052729999999999944e-01  5.113550000000000040e-01  -5.434849999999999959e-01  8.694619999999999571e-01  6.180958747863769531e-01
2.707269999999999954e-01  -4.081469999999999820e-01  3.943690000000000251e-01  5.228519999999999834e-01  -5.039820000000000411e-01  8.632469999999999866e-01  6.685419082641601562e-01
2.755440000000000111e-01  -3.905870000000000175e-01  3.778079999999999772e-01  5.266469999999999763e-01  -4.636060000000000181e-01  8.596979999999999622e-01  7.154860496520996094e-01
3.018910000000000204e-01  -3.679790000000000005e-01  3.531130000000000102e-01  5.254379999999999606e-01  -4.119329999999999936e-01  8.541870000000000296e-01  7.699968814849853516e-01
3.358280000000000154e-01  -3.408479999999999843e-01  3.264139999999999819e-01  5.167019999999999946e-01  -3.538040000000000074e-01  8.449219999999999509e-01  8.161509037017822266e-01
3.723420000000000063e-01  -3.050359999999999738e-01  2.903510000000000257e-01  4.962820000000000009e-01  -2.816350000000000242e-01  8.192199999999999482e-01  8.751230239868164062e-01
4.075929999999999831e-01  -2.719380000000000130e-01  2.576740000000000141e-01  4.726040000000000241e-01  -2.171089999999999964e-01  7.874700000000000033e-01  9.165868759155273438e-01
4.925919999999999743e-01  -2.374709999999999877e-01  2.226760000000000128e-01  4.400600000000000067e-01  -1.556210000000000093e-01  7.504619999999999624e-01  9.651849269866943359e-01
5.837170000000000414e-01  -2.000439999999999996e-01  1.867499999999999993e-01  4.049400000000000222e-01  -8.262500000000000400e-02  7.080180000000000362e-01  1.012017011642456055e+00
6.523970000000000047e-01  -1.678260000000000030e-01  1.550259999999999971e-01  3.719470000000000276e-01  6.596000000000000300e-03  6.761249999999999760e-01  1.057060003280639648e+00
7.219349999999999934e-01  -1.262260000000000049e-01  1.125250000000000000e-01  3.259250000000000203e-01  1.156319999999999987e-01  6.366410000000000124e-01  1.103947877883911133e+00
7.690660000000000274e-01  -7.922700000000000575e-02  6.621000000000000496e-02  2.771669999999999967e-01  2.072209999999999885e-01  5.942300000000000360e-01  1.150172948837280273e+00
7.864759999999999529e-01  -4.484699999999999798e-02  3.203600000000000197e-02  2.425120000000000053e-01  2.567369999999999930e-01  5.639370000000000216e-01  1.184025049209594727e+00
7.948469999999999702e-01  2.912000000000000092e-03  -1.528999999999999977e-02  1.915000000000000036e-01  3.084930000000000172e-01  5.241170000000000551e-01  1.225925922393798828e+00
7.919129999999999781e-01  6.212299999999999767e-02  -7.349400000000000377e-02  1.274569999999999870e-01  3.627569999999999961e-01  4.789050000000000251e-01  1.272119045257568359e+00
7.698800000000000088e-01  1.201819999999999972e-01  -1.324869999999999937e-01  6.212999999999999773e-02  4.035830000000000251e-01  4.345479999999999898e-01  1.315610885620117188e+00
7.445439999999999836e-01  1.560020000000000018e-01  -1.693890000000000118e-01  2.135499999999999898e-02  4.224609999999999754e-01  4.053510000000000169e-01  1.354346036911010742e+00
6.987219999999999542e-01  2.034179999999999877e-01  -2.159739999999999993e-01  -3.629399999999999987e-02  4.448420000000000152e-01  3.637650000000000050e-01  1.396485090255737305e+00
6.526910000000000212e-01  2.343059999999999865e-01  -2.442509999999999959e-01  -7.970299999999999607e-02  4.610040000000000249e-01  3.323220000000000063e-01  1.440834999084472656e+00
5.932229999999999448e-01  2.580509999999999748e-01  -2.663550000000000084e-01  -1.206480000000000052e-01  4.674829999999999819e-01  2.962339999999999973e-01  1.484446048736572266e+00
5.513550000000000395e-01  2.683249999999999802e-01  -2.759469999999999978e-01  -1.410879999999999912e-01  4.668450000000000100e-01  2.737829999999999986e-01  1.521796941757202148e+00
4.946699999999999986e-01  2.854909999999999948e-01  -2.932489999999999819e-01  -1.709870000000000001e-01  4.635790000000000188e-01  2.452840000000000020e-01  1.568804979324340820e+00
4.577490000000000170e-01  3.049209999999999976e-01  -3.121749999999999803e-01  -1.957230000000000081e-01  4.629139999999999922e-01  2.270610000000000128e-01  1.606255054473876953e+00
4.226320000000000077e-01  3.220470000000000277e-01  -3.287780000000000147e-01  -2.168680000000000052e-01  4.549679999999999835e-01  2.108669999999999989e-01  1.646817922592163086e+00
3.888599999999999834e-01  3.299900000000000055e-01  -3.362100000000000088e-01  -2.301799999999999957e-01  4.389239999999999808e-01  1.940369999999999873e-01  1.686042070388793945e+00
3.546070000000000055e-01  3.304989999999999872e-01  -3.360679999999999779e-01  -2.375210000000000099e-01  4.174109999999999765e-01  1.772360000000000047e-01  1.725528955459594727e+00
3.277510000000000145e-01  3.246760000000000201e-01  -3.294380000000000086e-01  -2.374280000000000002e-01  3.934799999999999964e-01  1.633999999999999897e-01  1.762212991714477539e+00
2.934800000000000186e-01  3.102539999999999742e-01  -3.141189999999999816e-01  -2.335679999999999978e-01  3.599999999999999867e-01  1.465829999999999911e-01  1.799741983413696289e+00
2.543619999999999770e-01  2.876099999999999768e-01  -2.903689999999999882e-01  -2.218700000000000117e-01  3.179629999999999956e-01  1.267449999999999966e-01  1.846200942993164062e+00
2.309070000000000011e-01  2.708180000000000032e-01  -2.736279999999999824e-01  -2.120279999999999943e-01  2.916219999999999923e-01  1.147640000000000049e-01  1.881919860839843750e+00
2.027160000000000073e-01  2.482910000000000117e-01  -2.506169999999999787e-01  -1.995119999999999949e-01  2.597670000000000257e-01  1.010690000000000061e-01  1.915360927581787109e+00
1.812670000000000115e-01  2.294849999999999945e-01  -2.309849999999999959e-01  -1.869200000000000028e-01  2.332660000000000011e-01  9.069399999999999684e-02  1.949508905410766602e+00
1.773309999999999886e-01  2.240850000000000064e-01  -2.258519999999999972e-01  -1.819409999999999916e-01  2.277830000000000132e-01  8.863400000000000445e-02  1.989537954330444336e+00
-8.580000000000000387e-04  -1.038000000000000077e-03  1.242000000000000048e-03  3.164999999999999845e-03  -1.162999999999999971e-03  -8.469999999999999881e-04  2.810937881469726562e+00
-3.780000000000000265e-04  -6.369999999999999794e-04  6.109999999999999980e-04  1.863999999999999988e-03  -5.119999999999999768e-04  -5.259999999999999919e-04  2.863455057144165039e+00
-3.809999999999999910e-04  -4.249999999999999763e-04  3.959999999999999762e-04  2.266999999999999918e-03  -8.149999999999999693e-04  -2.637000000000000021e-03  2.889874935150146484e+00
-1.236800000000000052e-02  1.645900000000000141e-02  -1.966199999999999892e-02  3.086999999999999900e-03  -5.890000000000000053e-04  -1.499600000000000065e-02  2.917383909225463867e+00
-2.971199999999999883e-02  4.203799999999999898e-02  -4.889299999999999896e-02  9.263999999999999665e-03  -5.270000000000000162e-04  -3.201199999999999879e-02  2.943095922470092773e+00
-5.849599999999999939e-02  8.358500000000000651e-02  -9.746199999999999308e-02  1.511000000000000017e-02  -2.519999999999999996e-04  -6.108500000000000041e-02  2.978528022766113281e+00
-9.358099999999999752e-02  1.332840000000000136e-01  -1.564669999999999950e-01  1.992599999999999927e-02  4.300000000000000165e-05  -9.510299999999999310e-02  3.015297889709472656e+00
-1.189329999999999971e-01  1.684740000000000126e-01  -1.986300000000000010e-01  2.413399999999999920e-02  2.300000000000000002e-05  -1.199719999999999953e-01  3.046746969223022461e+00
-1.397639999999999993e-01  1.980030000000000123e-01  -2.345250000000000112e-01  2.688099999999999865e-02  4.699999999999999724e-05  -1.393759999999999999e-01  3.082418918609619141e+00
-1.567800000000000027e-01  2.228900000000000048e-01  -2.655330000000000190e-01  3.008399999999999963e-02  1.440000000000000036e-04  -1.551279999999999881e-01  3.111499071121215820e+00
-1.696050000000000058e-01  2.436079999999999912e-01  -2.909220000000000139e-01  3.384399999999999908e-02  2.030000000000000012e-04  -1.678350000000000120e-01  3.139885902404785156e+00
-1.787030000000000007e-01  2.601950000000000096e-01  -3.108119999999999772e-01  3.640899999999999692e-02  2.709999999999999735e-04  -1.774679999999999869e-01  3.172669887542724609e+00
-1.849590000000000123e-01  2.728209999999999802e-01  -3.250680000000000236e-01  3.789700000000000013e-02  2.190000000000000106e-04  -1.838370000000000004e-01  3.206456899642944336e+00
-1.884989999999999999e-01  2.790949999999999820e-01  -3.330859999999999932e-01  3.885500000000000065e-02  3.849999999999999798e-04  -1.867840000000000056e-01  3.234834909439086914e+00
-1.910080000000000111e-01  2.843370000000000064e-01  -3.393149999999999777e-01  3.968399999999999705e-02  3.170000000000000075e-04  -1.891150000000000053e-01  3.269095897674560547e+00
-1.900070000000000092e-01  2.857839999999999825e-01  -3.392189999999999928e-01  4.000299999999999689e-02  2.680000000000000090e-04  -1.878060000000000007e-01  3.300579071044921875e+00
-1.876539999999999875e-01  2.850659999999999861e-01  -3.373880000000000212e-01  3.976600000000000273e-02  6.870000000000000022e-04  -1.856099999999999972e-01  3.328291893005371094e+00
-1.826470000000000038e-01  2.818220000000000169e-01  -3.339079999999999826e-01  3.916100000000000136e-02  5.590000000000000351e-04  -1.815130000000000077e-01  3.360190868377685547e+00
-1.756000000000000061e-01  2.756140000000000256e-01  -3.262680000000000025e-01  3.734500000000000319e-02  2.400000000000000061e-04  -1.745730000000000059e-01  3.395124912261962891e+00
-1.706380000000000119e-01  2.712280000000000246e-01  -3.195310000000000095e-01  3.623099999999999932e-02  3.449999999999999833e-04  -1.688840000000000063e-01  3.422307968139648438e+00
-1.629039999999999933e-01  2.616740000000000177e-01  -3.082059999999999800e-01  3.549399999999999777e-02  1.459999999999999981e-04  -1.607599999999999862e-01  3.458355903625488281e+00
-1.511609999999999898e-01  2.477370000000000128e-01  -2.897609999999999908e-01  3.364799999999999736e-02  1.689999999999999879e-04  -1.506220000000000059e-01  3.496800899505615234e+00
-1.406229999999999980e-01  2.339420000000000111e-01  -2.716999999999999971e-01  3.168300000000000283e-02  2.069999999999999900e-04  -1.409880000000000022e-01  3.525707006454467773e+00
-1.277059999999999862e-01  2.155900000000000039e-01  -2.493640000000000023e-01  2.936100000000000168e-02  7.899999999999999579e-05  -1.277189999999999992e-01  3.568168878555297852e+00
-1.126230000000000009e-01  1.945610000000000117e-01  -2.221940000000000026e-01  2.625399999999999956e-02  3.600000000000000091e-05  -1.118969999999999965e-01  3.616561889648437500e+00
-1.031880000000000019e-01  1.804320000000000090e-01  -2.050210000000000088e-01  2.322199999999999959e-02  -9.000000000000000228e-06  -1.023229999999999973e-01  3.645324945449829102e+00
-9.454999999999999516e-02  1.677849999999999897e-01  -1.881329999999999947e-01  2.216600000000000167e-02  3.000000000000000076e-06  -9.346000000000000141e-02  3.677160024642944336e+00
-9.071899999999999409e-02  1.614069999999999949e-01  -1.804070000000000118e-01  1.991000000000000061e-02  1.369999999999999961e-04  -8.951199999999999435e-02  3.716827869415283203e+00
4.040000000000000080e-04  -8.099999999999999561e-04  9.100000000000000016e-04  -6.489999999999999459e-04  5.800000000000000034e-05  6.679999999999999740e-04  4.523720026016235352e+00
3.119999999999999944e-04  -7.150000000000000322e-04  8.419999999999999750e-04  -4.049999999999999781e-04  -1.999999999999999909e-06  4.920000000000000328e-04  4.565708875656127930e+00
4.049999999999999781e-04  -4.029999999999999837e-04  6.220000000000000485e-04  -4.409999999999999858e-04  1.759999999999999954e-04  5.050000000000000235e-04  4.594652891159057617e+00
1.954799999999999940e-02  -1.985599999999999865e-02  1.853300000000000086e-02  -1.302999999999999905e-03  2.709999999999999735e-04  1.988799999999999943e-02  4.625746011734008789e+00
7.331100000000000116e-02  -7.369699999999999862e-02  6.976100000000000356e-02  -4.035999999999999657e-03  8.249999999999999955e-04  7.646699999999999331e-02  4.663699865341186523e+00
1.354849999999999943e-01  -1.372529999999999861e-01  1.293380000000000085e-01  -7.922999999999999488e-03  1.466000000000000072e-03  1.432499999999999885e-01  4.703629016876220703e+00
1.932770000000000044e-01  -1.959120000000000028e-01  1.860040000000000027e-01  -1.136299999999999984e-02  1.969999999999999963e-03  2.048059999999999881e-01  4.741800069808959961e+00
2.398139999999999994e-01  -2.465920000000000056e-01  2.342110000000000025e-01  -1.469900000000000026e-02  2.410999999999999949e-03  2.538119999999999821e-01  4.780440092086791992e+00
2.714130000000000154e-01  -2.819749999999999757e-01  2.692330000000000001e-01  -1.654399999999999968e-02  2.157000000000000063e-03  2.862810000000000077e-01  4.816066980361938477e+00
2.989470000000000183e-01  -3.138580000000000259e-01  2.996969999999999912e-01  -1.856299999999999964e-02  3.384999999999999988e-03  3.124660000000000215e-01  4.850135087966918945e+00
3.225660000000000194e-01  -3.404429999999999956e-01  3.282619999999999982e-01  -1.968299999999999911e-02  5.270000000000000162e-04  3.352069999999999772e-01  4.877731084823608398e+00
3.412640000000000118e-01  -3.628129999999999966e-01  3.521659999999999791e-01  -2.001199999999999854e-02  2.030999999999999819e-03  3.524030000000000218e-01  4.909867048263549805e+00
3.563069999999999848e-01  -3.809210000000000096e-01  3.725299999999999723e-01  -1.955600000000000047e-02  5.592999999999999881e-03  3.656730000000000258e-01  4.944823980331420898e+00
3.674060000000000104e-01  -3.950130000000000030e-01  3.886049999999999782e-01  -1.929200000000000012e-02  7.598999999999999852e-03  3.750260000000000260e-01  4.978772878646850586e+00
3.749970000000000248e-01  -4.066029999999999922e-01  4.035480000000000178e-01  -1.632799999999999876e-02  6.710999999999999951e-03  3.811700000000000088e-01  5.014220952987670898e+00
3.782650000000000179e-01  -4.132449999999999735e-01  4.127000000000000113e-01  -1.689600000000000130e-02  2.175999999999999983e-03  3.830330000000000124e-01  5.052036046981811523e+00
3.763329999999999731e-01  -4.154660000000000020e-01  4.168410000000000171e-01  -1.557099999999999977e-02  9.810000000000001011e-04  3.801599999999999979e-01  5.084503889083862305e+00
3.743049999999999988e-01  -4.174889999999999990e-01  4.200550000000000117e-01  -1.749099999999999960e-02  -3.484999999999999817e-03  3.774259999999999837e-01  5.114594936370849609e+00
3.708650000000000002e-01  -4.201810000000000267e-01  4.238299999999999845e-01  -1.862899999999999973e-02  -3.481999999999999852e-03  3.724959999999999938e-01  5.144602060317993164e+00
3.662079999999999780e-01  -4.234140000000000126e-01  4.277509999999999923e-01  -1.950400000000000050e-02  -2.187999999999999841e-03  3.672659999999999814e-01  5.173516988754272461e+00
3.596239999999999992e-01  -4.225599999999999912e-01  4.279540000000000011e-01  -1.907400000000000068e-02  -4.176000000000000024e-03  3.590729999999999755e-01  5.204143047332763672e+00
3.515050000000000119e-01  -4.185590000000000144e-01  4.245240000000000125e-01  -1.737100000000000102e-02  -5.500999999999999814e-03  3.500940000000000163e-01  5.233721017837524414e+00
3.368670000000000275e-01  -4.074650000000000216e-01  4.143080000000000096e-01  -1.777799999999999866e-02  -2.671999999999999896e-03  3.351450000000000262e-01  5.269397020339965820e+00
3.174810000000000132e-01  -3.903980000000000228e-01  3.978780000000000094e-01  -1.421299999999999994e-02  -2.505999999999999981e-03  3.140200000000000213e-01  5.306896924972534180e+00
3.018000000000000127e-01  -3.765490000000000226e-01  3.851260000000000239e-01  -1.322699999999999917e-02  -7.339999999999999520e-04  2.975030000000000174e-01  5.338876008987426758e+00
2.824570000000000136e-01  -3.585789999999999811e-01  3.693330000000000224e-01  -1.355699999999999961e-02  1.778999999999999982e-03  2.786429999999999740e-01  5.373419046401977539e+00
2.647579999999999933e-01  -3.422339999999999827e-01  3.550960000000000227e-01  -1.385100000000000046e-02  5.975000000000000276e-03  2.613139999999999907e-01  5.411499977111816406e+00
2.499429999999999985e-01  -3.271729999999999916e-01  3.427700000000000191e-01  -1.283399999999999992e-02  3.374999999999999962e-03  2.462179999999999924e-01  5.444936037063598633e+00
2.349630000000000052e-01  -3.123440000000000105e-01  3.311819999999999764e-01  -1.230700000000000023e-02  4.046000000000000117e-03  2.311920000000000086e-01  5.477957963943481445e+00
2.164880000000000138e-01  -2.914559999999999929e-01  3.132289999999999797e-01  -1.229799999999999990e-02  6.980000000000000093e-03  2.111879999999999868e-01  5.516217947006225586e+00
2.004579999999999973e-01  -2.726009999999999822e-01  2.959169999999999856e-01  -1.001900000000000013e-02  3.595000000000000105e-03  1.947440000000000004e-01  5.550591945648193359e+00
1.841629999999999934e-01  -2.535229999999999984e-01  2.772809999999999997e-01  -8.798000000000000265e-03  3.065000000000000016e-03  1.788019999999999887e-01  5.584038019180297852e+00
1.616479999999999861e-01  -2.261610000000000009e-01  2.505450000000000177e-01  -8.956000000000000419e-03  3.642999999999999971e-03  1.557459999999999956e-01  5.630918025970458984e+00
1.479699999999999904e-01  -2.083569999999999867e-01  2.328469999999999984e-01  -9.737000000000000863e-03  5.736999999999999912e-03  1.412229999999999874e-01  5.666065931320190430e+00
1.312250000000000083e-01  -1.869730000000000003e-01  2.117140000000000133e-01  -1.093599999999999954e-02  3.419000000000000164e-03  1.253070000000000017e-01  5.701416969299316406e+00
1.187819999999999987e-01  -1.709739999999999871e-01  1.946499999999999897e-01  -1.003500000000000052e-02  4.271999999999999756e-03  1.135260000000000019e-01  5.735372066497802734e+00
1.130940000000000001e-01  -1.637909999999999922e-01  1.869850000000000123e-01  -1.164500000000000084e-02  1.317000000000000028e-03  1.076170000000000043e-01  5.773721933364868164e+00
-4.780000000000000178e-04  7.500000000000000156e-04  -9.139999999999999904e-04  1.031000000000000015e-03  1.450000000000000009e-04  3.209999999999999963e-04  6.593098878860473633e+00
-3.680000000000000003e-04  6.380000000000000037e-04  -7.820000000000000345e-04  -2.649999999999999903e-04  -9.219999999999999680e-04  9.719999999999999907e-04  6.668596982955932617e+00
4.360699999999999993e-02  3.706000000000000093e-03  -4.293999999999999900e-02  -8.819899999999999962e-02  2.701250000000000040e-01  -1.769499999999999962e-01  6.757531881332397461e+00
1.423689999999999956e-01  -1.216000000000000067e-03  -9.969200000000000284e-02  -7.574200000000000377e-02  4.197119999999999740e-01  -4.521729999999999916e-01  6.834317922592163086e+00
2.213330000000000020e-01  -2.608100000000000002e-02  -9.876699999999999369e-02  1.355399999999999938e-01  1.198140000000000038e-01  -5.686409999999999521e-01  6.890542984008789062e+00
1.360959999999999948e-01  -4.543099999999999916e-02  -1.015299999999999953e-01  2.122999999999999887e-01  -1.640280000000000071e-01  -6.127310000000000256e-01  6.941297054290771484e+00
-6.490799999999999348e-02  -5.270400000000000085e-02  -1.067870000000000069e-01  2.510830000000000006e-01  -3.473120000000000096e-01  -6.562639999999999585e-01  7.018620014190673828e+00
-3.669160000000000199e-01  -4.003899999999999820e-02  -1.304750000000000076e-01  3.628149999999999986e-01  -4.165760000000000018e-01  -7.019990000000000396e-01  7.099143028259277344e+00
-5.786820000000000297e-01  -1.667599999999999985e-02  -1.834050000000000125e-01  3.799359999999999959e-01  -4.213270000000000071e-01  -7.003840000000000066e-01  7.156111955642700195e+00
-6.555720000000000436e-01  4.665300000000000002e-02  -2.967799999999999883e-01  3.643109999999999959e-01  -3.305879999999999930e-01  -6.962570000000000148e-01  7.222568035125732422e+00
-5.973399999999999821e-01  1.503659999999999997e-01  -3.875370000000000203e-01  4.084490000000000065e-01  -1.081310000000000049e-01  -7.177219999999999711e-01  7.286006927490234375e+00
-5.377079999999999638e-01  2.155990000000000129e-01  -4.246320000000000094e-01  4.491680000000000117e-01  7.954999999999999571e-02  -7.224460000000000326e-01  7.343364953994750977e+00
-5.262329999999999508e-01  2.791779999999999817e-01  -4.774249999999999883e-01  4.500779999999999781e-01  1.540140000000000120e-01  -7.173610000000000264e-01  7.391653060913085938e+00
-5.553839999999999888e-01  3.590690000000000270e-01  -5.530279999999999641e-01  4.375740000000000185e-01  1.967730000000000035e-01  -7.157059999999999533e-01  7.444519996643066406e+00
-6.256850000000000467e-01  4.437530000000000086e-01  -6.371210000000000484e-01  4.360419999999999852e-01  1.134669999999999984e-01  -7.230259999999999465e-01  7.491293907165527344e+00
-7.002869999999999928e-01  5.217509999999999648e-01  -7.129590000000000094e-01  4.334149999999999947e-01  1.068370000000000014e-01  -7.259670000000000289e-01  7.544475078582763672e+00
-7.658549999999999525e-01  5.970649999999999569e-01  -7.790420000000000122e-01  4.171659999999999813e-01  1.386380000000000112e-01  -7.196270000000000167e-01  7.603641033172607422e+00
-7.737549999999999706e-01  6.278049999999999464e-01  -7.956060000000000354e-01  3.994240000000000013e-01  7.367600000000000537e-02  -7.024359999999999493e-01  7.661771059036254883e+00
-7.685239999999999849e-01  6.320010000000000350e-01  -7.844689999999999719e-01  3.791660000000000030e-01  2.099000000000000171e-03  -6.799570000000000336e-01  7.714372873306274414e+00
-8.550959999999999672e-01  6.263450000000000406e-01  -7.512140000000000484e-01  3.317289999999999961e-01  -7.022100000000000564e-02  -6.351419999999999844e-01  7.794990062713623047e+00
-9.130810000000000315e-01  6.261290000000000466e-01  -7.345070000000000210e-01  2.933490000000000264e-01  -9.306399999999999395e-02  -6.049400000000000333e-01  7.842686891555786133e+00
-9.263369999999999660e-01  6.463269999999999849e-01  -7.226949999999999763e-01  1.664360000000000006e-01  -9.898200000000000054e-02  -5.321360000000000534e-01  7.931737899780273438e+00
-9.402329999999999854e-01  6.128980000000000539e-01  -6.734860000000000291e-01  1.236519999999999980e-01  -1.177600000000000036e-01  -4.852960000000000051e-01  7.999727964401245117e+00
-9.926329999999999876e-01  4.306849999999999845e-01  -4.790940000000000198e-01  1.980429999999999968e-01  -2.097660000000000080e-01  -4.181250000000000244e-01  8.068136930465698242e+00
-9.468790000000000262e-01  3.769150000000000000e-01  -4.129550000000000165e-01  1.652450000000000030e-01  -2.249839999999999895e-01  -3.720950000000000091e-01  8.133347988128662109e+00
-8.729440000000000532e-01  4.012149999999999883e-01  -4.275089999999999724e-01  9.422600000000000420e-02  -1.934549999999999881e-01  -3.480719999999999925e-01  8.175504922866821289e+00
-7.623090000000000144e-01  4.416970000000000063e-01  -4.604519999999999724e-01  1.825000000000000016e-03  -1.280020000000000047e-01  -3.243059999999999832e-01  8.226530075073242188e+00
-6.806990000000000540e-01  4.710670000000000135e-01  -4.818219999999999725e-01  -5.972500000000000031e-02  -7.639100000000000057e-02  -3.088009999999999922e-01  8.262482881546020508e+00
-6.074829999999999952e-01  4.840280000000000138e-01  -4.901719999999999966e-01  -1.089240000000000069e-01  -3.568400000000000044e-02  -2.933459999999999956e-01  8.301264047622680664e+00
-5.375609999999999555e-01  4.871059999999999834e-01  -4.903959999999999986e-01  -1.464139999999999886e-01  -1.026999999999999918e-03  -2.766710000000000003e-01  8.340942859649658203e+00
-4.710909999999999820e-01  4.805550000000000099e-01  -4.803459999999999952e-01  -1.749010000000000009e-01  2.748199999999999948e-02  -2.568650000000000100e-01  8.384788990020751953e+00
-4.232719999999999816e-01  4.755229999999999735e-01  -4.743450000000000166e-01  -1.901869999999999949e-01  4.612000000000000127e-02  -2.437509999999999954e-01  8.418210029602050781e+00
-3.506670000000000065e-01  4.714450000000000029e-01  -4.668470000000000120e-01  -2.085730000000000084e-01  7.541000000000000481e-02  -2.219949999999999979e-01  8.469543933868408203e+00
-3.037670000000000092e-01  4.631859999999999866e-01  -4.576770000000000005e-01  -2.184250000000000080e-01  9.059200000000000585e-02  -2.073270000000000113e-01  8.514740943908691406e+00
-2.645939999999999959e-01  4.515770000000000062e-01  -4.452550000000000119e-01  -2.305889999999999884e-01  1.002269999999999966e-01  -1.934899999999999953e-01  8.548660039901733398e+00
-2.268969999999999876e-01  4.341240000000000099e-01  -4.272989999999999844e-01  -2.397160000000000124e-01  1.064250000000000057e-01  -1.791699999999999959e-01  8.590317010879516602e+00
-1.927069999999999894e-01  4.106540000000000190e-01  -4.048410000000000064e-01  -2.452380000000000115e-01  1.095689999999999997e-01  -1.645109999999999906e-01  8.630486011505126953e+00
-1.682899999999999952e-01  3.896769999999999956e-01  -3.834250000000000158e-01  -2.450499999999999901e-01  1.107110000000000039e-01  -1.528110000000000024e-01  8.664985895156860352e+00
-1.409529999999999950e-01  3.588259999999999783e-01  -3.539559999999999929e-01  -2.408970000000000000e-01  1.101499999999999979e-01  -1.385109999999999952e-01  8.704216003417968750e+00
-1.117579999999999962e-01  3.194830000000000170e-01  -3.153859999999999997e-01  -2.304029999999999967e-01  1.057389999999999997e-01  -1.204749999999999988e-01  8.749749898910522461e+00
-9.235500000000000653e-02  2.876540000000000208e-01  -2.844360000000000221e-01  -2.186160000000000048e-01  1.001129999999999937e-01  -1.065510000000000068e-01  8.794216871261596680e+00
-7.646799999999999431e-02  2.580370000000000164e-01  -2.548239999999999950e-01  -2.054580000000000017e-01  9.317899999999999794e-02  -9.403999999999999859e-02  8.830726861953735352e+00
-6.317799999999999805e-02  2.303510000000000002e-01  -2.271680000000000088e-01  -1.913690000000000113e-01  8.699600000000000388e-02  -8.286399999999999322e-02  8.868555068969726562e+00
-5.949200000000000321e-02  2.188019999999999965e-01  -2.169919999999999904e-01  -1.851619999999999933e-01  8.433999999999999830e-02  -7.888299999999999479e-02  8.916476011276245117e+00
-6.000000000000000152e-06  -1.131999999999999977e-03  1.301000000000000073e-03  3.469999999999999777e-04  -4.399999999999999886e-05  6.650000000000000095e-04  9.723456859588623047e+00
-1.869999999999999917e-04  -7.230000000000000098e-04  6.089999999999999494e-04  -1.309000000000000051e-03  1.459000000000000010e-03  4.699999999999999724e-05  9.807714939117431641e+00
-5.430200000000000304e-02  -1.368000000000000049e-01  1.464020000000000044e-01  5.447500000000000259e-02  -1.729289999999999994e-01  1.046829999999999983e-01  9.887028932571411133e+00
-1.161859999999999976e-01  -4.441660000000000053e-01  4.806920000000000082e-01  1.561829999999999885e-01  -4.918299999999999894e-01  3.331399999999999917e-01  9.950021982192993164e+00
5.188600000000000156e-02  -7.022990000000000066e-01  7.745069999999999455e-01  2.375259999999999871e-01  -5.379220000000000113e-01  5.046570000000000222e-01  1.004485702514648438e+01
1.434580000000000022e-01  -7.635150000000000547e-01  8.469689999999999719e-01  2.807490000000000263e-01  -4.726960000000000051e-01  5.285609999999999475e-01  1.009760594367980957e+01
2.453170000000000073e-01  -7.915499999999999758e-01  8.871649999999999814e-01  2.634170000000000122e-01  -3.391330000000000178e-01  5.306899999999999951e-01  1.017594289779663086e+01
1.936509999999999898e-01  -5.762530000000000152e-01  7.076249999999999485e-01  -3.115400000000000114e-02  -3.915150000000000019e-01  5.667879999999999585e-01  1.027368688583374023e+01
5.113499999999999990e-02  -5.718720000000000470e-01  7.282699999999999729e-01  -4.069099999999999800e-02  -5.073670000000000124e-01  5.535269999999999913e-01  1.037131094932556152e+01
1.710859999999999881e-01  -8.367250000000000520e-01  9.755650000000000155e-01  2.362920000000000020e-01  -4.324810000000000043e-01  5.098549999999999471e-01  1.044374704360961914e+01
1.814379999999999882e-01  -8.270260000000000389e-01  9.581929999999999614e-01  2.226090000000000013e-01  -5.060740000000000238e-01  4.839370000000000061e-01  1.052453494071960449e+01
7.327699999999999492e-02  -7.448829999999999618e-01  8.793739999999999890e-01  1.340020000000000100e-01  -5.147990000000000066e-01  4.713280000000000247e-01  1.058335804939270020e+01
-7.141999999999999911e-03  -7.341100000000000403e-01  8.690689999999999804e-01  1.261269999999999891e-01  -4.385009999999999741e-01  4.511419999999999875e-01  1.064609503746032715e+01
-1.589499999999999941e-02  -7.382159999999999833e-01  8.715340000000000309e-01  1.289069999999999938e-01  -3.410130000000000106e-01  4.359259999999999802e-01  1.069538187980651855e+01
-6.340000000000000149e-04  -7.375380000000000269e-01  8.703899999999999970e-01  1.233770000000000006e-01  -2.643719999999999959e-01  4.220849999999999880e-01  1.073952698707580566e+01
2.853500000000000134e-02  -7.303110000000000435e-01  8.602779999999999871e-01  1.099119999999999958e-01  -2.005510000000000070e-01  4.060010000000000008e-01  1.079499888420104980e+01
6.568499999999999339e-02  -7.130319999999999991e-01  8.432500000000000551e-01  9.407000000000000084e-02  -1.584899999999999920e-01  3.907149999999999790e-01  1.084607291221618652e+01
1.101280000000000037e-01  -6.859210000000000029e-01  8.140570000000000306e-01  7.146299999999999875e-02  -1.297919999999999907e-01  3.729000000000000092e-01  1.089772605895996094e+01
1.542100000000000137e-01  -6.529909999999999881e-01  7.781970000000000276e-01  4.652200000000000085e-02  -1.047610000000000069e-01  3.537649999999999961e-01  1.093909096717834473e+01
1.868370000000000031e-01  -6.206399999999999695e-01  7.425779999999999603e-01  2.599999999999999881e-02  -8.258799999999999475e-02  3.358689999999999731e-01  1.098573899269104004e+01
2.259460000000000079e-01  -5.701659999999999506e-01  6.895379999999999843e-01  -2.197999999999999867e-03  -4.680499999999999938e-02  3.116300000000000181e-01  1.103569602966308594e+01
2.565819999999999768e-01  -5.233579999999999899e-01  6.417730000000000379e-01  -2.835500000000000173e-02  -1.254000000000000080e-02  2.902379999999999960e-01  1.108380699157714844e+01
2.813970000000000082e-01  -4.828549999999999787e-01  5.995319999999999538e-01  -5.161799999999999722e-02  1.863199999999999926e-02  2.713380000000000236e-01  1.112520599365234375e+01
3.063139999999999752e-01  -4.416669999999999763e-01  5.564540000000000042e-01  -7.638499999999999457e-02  5.404799999999999882e-02  2.533429999999999849e-01  1.116949200630187988e+01
3.387339999999999796e-01  -3.826220000000000176e-01  4.919009999999999772e-01  -1.105860000000000037e-01  1.042359999999999953e-01  2.286459999999999881e-01  1.122491908073425293e+01
3.704060000000000130e-01  -3.115109999999999824e-01  4.139869999999999939e-01  -1.463039999999999896e-01  1.618130000000000124e-01  1.999589999999999979e-01  1.128705000877380371e+01
4.096870000000000234e-01  -2.453059999999999963e-01  3.409749999999999726e-01  -1.797070000000000056e-01  2.224450000000000038e-01  1.752940000000000054e-01  1.134194207191467285e+01
4.823500000000000010e-01  -1.769590000000000052e-01  2.671160000000000201e-01  -2.215310000000000057e-01  3.014390000000000125e-01  1.554709999999999981e-01  1.139073204994201660e+01
5.634919999999999929e-01  -8.720400000000000373e-02  1.741719999999999935e-01  -2.819630000000000192e-01  3.842990000000000017e-01  1.349690000000000056e-01  1.144928097724914551e+01
6.005819999999999492e-01  -2.782499999999999904e-02  1.112260000000000054e-01  -3.173929999999999807e-01  4.262159999999999838e-01  1.213769999999999988e-01  1.149039387702941895e+01
6.329970000000000319e-01  4.229700000000000126e-02  3.350899999999999712e-02  -3.509019999999999917e-01  4.747689999999999966e-01  1.028609999999999941e-01  1.154058599472045898e+01
6.410160000000000302e-01  8.380200000000000149e-02  -1.323799999999999977e-02  -3.632650000000000046e-01  5.034929999999999684e-01  9.046999999999999487e-02  1.158176708221435547e+01
6.382569999999999633e-01  1.238650000000000029e-01  -6.118900000000000033e-02  -3.692779999999999951e-01  5.299209999999999754e-01  7.775899999999999479e-02  1.163001608848571777e+01
6.311510000000000176e-01  1.526859999999999884e-01  -9.547999999999999543e-02  -3.732650000000000134e-01  5.485889999999999933e-01  6.871900000000000230e-02  1.167397689819335938e+01
6.107059999999999711e-01  1.818760000000000099e-01  -1.287169999999999981e-01  -3.850560000000000094e-01  5.555330000000000545e-01  5.915499999999999925e-02  1.172115802764892578e+01
5.852209999999999912e-01  2.042269999999999919e-01  -1.528519999999999879e-01  -3.939500000000000224e-01  5.500960000000000294e-01  5.228499999999999814e-02  1.175706005096435547e+01
5.600859999999999728e-01  2.179840000000000111e-01  -1.688910000000000133e-01  -3.961149999999999949e-01  5.372540000000000093e-01  4.755199999999999705e-02  1.179090690612792969e+01
5.220399999999999485e-01  2.286380000000000079e-01  -1.824010000000000076e-01  -3.875959999999999961e-01  5.116490000000000204e-01  4.143399999999999861e-02  1.182710886001586914e+01
4.890160000000000062e-01  2.324440000000000117e-01  -1.887040000000000106e-01  -3.783969999999999834e-01  4.856059999999999821e-01  3.696100000000000080e-02  1.186051988601684570e+01
4.524360000000000048e-01  2.313330000000000108e-01  -1.907230000000000036e-01  -3.644769999999999954e-01  4.564119999999999844e-01  3.250100000000000211e-02  1.189194488525390625e+01
4.154100000000000015e-01  2.259400000000000019e-01  -1.884699999999999986e-01  -3.456219999999999848e-01  4.221239999999999992e-01  2.904400000000000037e-02  1.192764687538146973e+01
3.674899999999999833e-01  2.140140000000000098e-01  -1.814479999999999982e-01  -3.166869999999999963e-01  3.769890000000000185e-01  2.448200000000000029e-02  1.196869087219238281e+01
3.242979999999999752e-01  2.022279999999999911e-01  -1.738729999999999998e-01  -2.887759999999999772e-01  3.349130000000000162e-01  2.178199999999999928e-02  1.200525307655334473e+01
2.921139999999999848e-01  1.922099999999999920e-01  -1.666020000000000001e-01  -2.684030000000000027e-01  3.038379999999999970e-01  1.873700000000000018e-02  1.204089593887329102e+01
2.550000000000000044e-01  1.792239999999999944e-01  -1.568539999999999934e-01  -2.432670000000000110e-01  2.672769999999999868e-01  1.613500000000000004e-02  1.207693600654602051e+01
2.287279999999999869e-01  1.678030000000000077e-01  -1.477259999999999962e-01  -2.229710000000000025e-01  2.392819999999999947e-01  1.526699999999999932e-02  1.210980200767517090e+01
2.168889999999999985e-01  1.614480000000000082e-01  -1.431280000000000052e-01  -2.137080000000000091e-01  2.268799999999999983e-01  1.346900000000000007e-02  1.214242601394653320e+01
-1.080000000000000014e-03  -1.309000000000000051e-03  8.649999999999999920e-04  1.368999999999999991e-03  -1.330000000000000019e-03  1.200000000000000030e-05  1.295419597625732422e+01
-8.159999999999999936e-04  2.640000000000000202e-04  6.419999999999999925e-04  1.049999999999999935e-03  -1.013999999999999927e-03  -1.720000000000000066e-04  1.301288890838623047e+01
-9.229999999999999923e-04  4.519999999999999821e-04  -1.131999999999999977e-03  9.139999999999999904e-04  -1.036000000000000029e-03  -4.979999999999999618e-04  1.304193186759948730e+01
-9.358999999999999264e-03  3.583700000000000080e-02  -3.912299999999999806e-02  2.131000000000000082e-03  -5.800000000000000034e-04  -8.885000000000000536e-03  1.307304406166076660e+01
-2.710900000000000115e-02  1.123559999999999975e-01  -1.191740000000000022e-01  5.568000000000000033e-03  5.199999999999999680e-05  -2.629400000000000140e-02  1.311288595199584961e+01
-4.566800000000000026e-02  1.889830000000000121e-01  -1.977629999999999943e-01  8.710000000000000728e-03  1.330000000000000073e-04  -4.568799999999999945e-02  1.315202498435974121e+01
-6.140000000000000319e-02  2.580509999999999748e-01  -2.676379999999999870e-01  1.137999999999999949e-02  1.640000000000000019e-04  -6.054799999999999766e-02  1.319227600097656250e+01
-7.345999999999999752e-02  3.173710000000000142e-01  -3.312849999999999961e-01  1.472599999999999951e-02  1.340000000000000045e-04  -7.365299999999999625e-02  1.322800087928771973e+01
-7.913499999999999701e-02  3.499189999999999801e-01  -3.666800000000000059e-01  1.421599999999999947e-02  1.830000000000000029e-04  -7.959700000000000109e-02  1.325291204452514648e+01
-8.476300000000000501e-02  3.866350000000000064e-01  -4.078510000000000191e-01  1.743799999999999864e-02  2.079999999999999872e-04  -8.487999999999999712e-02  1.328693509101867676e+01
-8.984200000000000519e-02  4.215110000000000245e-01  -4.474449999999999816e-01  1.765699999999999908e-02  3.879999999999999985e-04  -8.887299999999999367e-02  1.332348108291625977e+01
-9.211400000000000143e-02  4.401619999999999977e-01  -4.698780000000000179e-01  1.895000000000000157e-02  5.900000000000000296e-04  -9.123299999999999466e-02  1.335579705238342285e+01
-9.353499999999999315e-02  4.499469999999999859e-01  -4.812420000000000031e-01  2.057000000000000148e-02  5.180000000000000143e-04  -9.216199999999999393e-02  1.338562107086181641e+01
-9.430199999999999694e-02  4.568749999999999756e-01  -4.903870000000000173e-01  2.231500000000000150e-02  6.199999999999999999e-04  -9.320399999999999519e-02  1.341203403472900391e+01
-9.399299999999999322e-02  4.585210000000000119e-01  -4.927130000000000121e-01  2.144700000000000079e-02  4.569999999999999952e-04  -9.278899999999999648e-02  1.344452786445617676e+01
-9.282400000000000373e-02  4.519659999999999789e-01  -4.865129999999999733e-01  2.189899999999999833e-02  5.689999999999999529e-04  -9.126800000000000190e-02  1.347954607009887695e+01
-8.975400000000000045e-02  4.410080000000000111e-01  -4.731349999999999723e-01  1.945699999999999860e-02  4.240000000000000062e-04  -8.849300000000000221e-02  1.351999902725219727e+01
-8.584500000000000464e-02  4.256090000000000151e-01  -4.569829999999999726e-01  1.857699999999999976e-02  2.599999999999999772e-04  -8.473400000000000376e-02  1.355759406089782715e+01
-8.209500000000000131e-02  4.099849999999999883e-01  -4.386120000000000019e-01  1.818600000000000078e-02  2.239999999999999966e-04  -8.082899999999999807e-02  1.358870196342468262e+01
-7.795000000000000540e-02  3.919880000000000031e-01  -4.190769999999999773e-01  1.736700000000000049e-02  3.089999999999999756e-04  -7.748800000000000132e-02  1.362180995941162109e+01
-6.597400000000000486e-02  3.367979999999999863e-01  -3.569300000000000250e-01  1.609899999999999873e-02  -1.450000000000000009e-04  -6.598600000000000299e-02  1.370398306846618652e+01
-6.103599999999999998e-02  3.127920000000000145e-01  -3.294270000000000254e-01  1.394699999999999933e-02  -6.700000000000000226e-04  -6.105000000000000010e-02  1.373572707176208496e+01
-5.487500000000000017e-02  2.805150000000000143e-01  -2.946039999999999770e-01  1.393900000000000000e-02  -7.349999999999999763e-04  -5.437100000000000266e-02  1.377328991889953613e+01
-4.975099999999999661e-02  2.556640000000000024e-01  -2.673900000000000166e-01  1.325600000000000042e-02  -5.159999999999999656e-04  -4.880299999999999916e-02  1.380472087860107422e+01
-4.505200000000000177e-02  2.325689999999999980e-01  -2.421399999999999941e-01  1.287699999999999956e-02  -5.450000000000000200e-04  -4.371400000000000285e-02  1.383584904670715332e+01
-4.286899999999999739e-02  2.223900000000000043e-01  -2.311380000000000101e-01  1.188299999999999947e-02  -4.780000000000000178e-04  -4.153599999999999653e-02  1.386976599693298340e+01
2.829999999999999942e-04  -1.253999999999999906e-03  1.438000000000000042e-03  1.183000000000000024e-03  -1.531999999999999942e-03  3.379999999999999758e-04  1.469377088546752930e+01
2.649999999999999903e-04  -9.240000000000000166e-04  1.100000000000000066e-03  -6.369999999999999794e-04  -1.634000000000000036e-03  2.779999999999999811e-04  1.473576903343200684e+01
3.959999999999999762e-04  -7.730000000000000326e-04  7.150000000000000322e-04  -2.309999999999999987e-03  7.420000000000000380e-04  2.779999999999999811e-04  1.476000595092773438e+01
2.869999999999999830e-04  -3.169700000000000295e-02  2.763900000000000037e-02  8.880000000000000089e-04  -3.801999999999999824e-03  4.490000000000000176e-04  1.479038286209106445e+01
5.670000000000000127e-04  -1.002239999999999936e-01  8.624500000000000222e-02  8.597999999999999740e-03  -2.020999999999999793e-03  6.400000000000000524e-04  1.481897902488708496e+01
2.429999999999999977e-04  -2.005190000000000028e-01  1.736159999999999926e-01  1.378599999999999964e-02  -1.814000000000000074e-03  1.325999999999999922e-03  1.485978889465332031e+01
6.620000000000000450e-04  -2.800460000000000171e-01  2.424709999999999921e-01  2.028699999999999948e-02  1.425999999999999967e-03  1.696999999999999941e-03  1.489800190925598145e+01
7.940000000000000009e-04  -3.721519999999999828e-01  3.208590000000000053e-01  2.938599999999999893e-02  2.680000000000000090e-04  3.062000000000000052e-03  1.494009590148925781e+01
9.950000000000000077e-04  -4.511450000000000182e-01  3.886359999999999815e-01  3.498799999999999827e-02  3.583999999999999946e-03  4.330999999999999781e-03  1.497593688964843750e+01
1.003999999999999901e-03  -5.052969999999999962e-01  4.354799999999999782e-01  4.054900000000000171e-02  9.240000000000000166e-04  5.472000000000000301e-03  1.500949406623840332e+01
1.500999999999999947e-03  -5.611099999999999977e-01  4.825200000000000045e-01  4.729499999999999676e-02  5.087000000000000376e-03  7.459999999999999618e-03  1.504323792457580566e+01
1.291999999999999963e-03  -5.887539999999999996e-01  5.065520000000000023e-01  5.018399999999999944e-02  5.435999999999999860e-03  7.867000000000000728e-03  1.507385706901550293e+01
1.276000000000000007e-03  -6.177479999999999638e-01  5.311209999999999543e-01  5.386099999999999915e-02  5.804000000000000131e-03  7.331999999999999976e-03  1.510318398475646973e+01
1.327000000000000055e-03  -6.399169999999999581e-01  5.516879999999999562e-01  5.618299999999999683e-02  9.176999999999999394e-03  9.053999999999999548e-03  1.513670492172241211e+01
1.518000000000000035e-03  -6.554940000000000211e-01  5.659729999999999484e-01  5.863800000000000262e-02  5.872999999999999748e-03  1.111299999999999961e-02  1.516724395751953125e+01
1.049999999999999935e-03  -6.631930000000000325e-01  5.749130000000000074e-01  6.048599999999999810e-02  3.432999999999999854e-03  1.246200000000000085e-02  1.519909906387329102e+01
1.213000000000000102e-03  -6.646400000000000086e-01  5.769149999999999556e-01  6.096900000000000236e-02  4.177000000000000157e-03  1.404500000000000019e-02  1.522981786727905273e+01
1.389999999999999960e-03  -6.689420000000000366e-01  5.831990000000000229e-01  6.284900000000000209e-02  7.261000000000000093e-03  1.433099999999999999e-02  1.526283502578735352e+01
1.358999999999999965e-03  -6.709659999999999513e-01  5.866639999999999633e-01  6.391299999999999759e-02  1.113699999999999933e-02  1.244199999999999993e-02  1.529117798805236816e+01
1.128000000000000096e-03  -6.720650000000000235e-01  5.880570000000000519e-01  6.464200000000000501e-02  9.735000000000000597e-03  1.025500000000000023e-02  1.532514500617980957e+01
1.126000000000000048e-03  -6.681690000000000129e-01  5.872159999999999602e-01  6.495800000000000185e-02  8.514000000000000734e-03  7.584999999999999729e-03  1.535739898681640625e+01
7.470000000000000511e-04  -6.505090000000000039e-01  5.736120000000000108e-01  6.337800000000000378e-02  4.137000000000000052e-03  5.749999999999999903e-03  1.539647507667541504e+01
1.020000000000000073e-03  -6.242659999999999876e-01  5.536959999999999660e-01  6.231699999999999739e-02  -2.629999999999999959e-04  3.282000000000000195e-03  1.543836903572082520e+01
1.123999999999999999e-03  -6.012480000000000047e-01  5.357790000000000052e-01  6.198700000000000043e-02  -6.269999999999999532e-04  2.112999999999999861e-03  1.547397494316101074e+01
7.749999999999999728e-04  -5.718760000000000510e-01  5.104980000000000073e-01  6.043799999999999867e-02  -3.397999999999999979e-03  6.620000000000000450e-04  1.550859093666076660e+01
5.460000000000000443e-04  -5.478809999999999514e-01  4.901880000000000126e-01  5.977500000000000174e-02  -7.042999999999999781e-03  1.689999999999999879e-04  1.554345107078552246e+01
6.679999999999999740e-04  -5.233299999999999619e-01  4.699380000000000224e-01  5.825199999999999823e-02  -9.785000000000000295e-03  -4.659999999999999971e-04  1.557553887367248535e+01
4.879999999999999898e-04  -4.987869999999999804e-01  4.489879999999999982e-01  5.633599999999999719e-02  -1.141999999999999960e-02  -1.235999999999999903e-03  1.560940289497375488e+01
3.609999999999999928e-04  -4.652069999999999816e-01  4.210459999999999758e-01  5.406099999999999794e-02  -1.047000000000000014e-02  -2.001000000000000174e-03  1.564314389228820801e+01
2.190000000000000106e-04  -4.368130000000000068e-01  3.959840000000000027e-01  5.143799999999999761e-02  -1.083699999999999941e-02  -2.895000000000000004e-03  1.568150997161865234e+01
8.600000000000000331e-05  -4.047970000000000179e-01  3.688939999999999997e-01  4.910899999999999987e-02  -7.237000000000000377e-03  -2.794000000000000043e-03  1.570994901657104492e+01
1.350000000000000017e-04  -3.642429999999999835e-01  3.333280000000000132e-01  4.535899999999999654e-02  -4.281000000000000083e-03  -3.406999999999999872e-03  1.574875903129577637e+01
1.459999999999999981e-04  -3.270279999999999854e-01  3.003029999999999866e-01  4.116199999999999720e-02  -1.580999999999999940e-03  -3.399000000000000112e-03  1.579038190841674805e+01
1.969999999999999909e-04  -2.997799999999999909e-01  2.758800000000000141e-01  3.836099999999999927e-02  1.146000000000000100e-03  -3.374999999999999962e-03  1.582444000244140625e+01
2.919999999999999961e-04  -2.682709999999999817e-01  2.479030000000000122e-01  3.452600000000000113e-02  2.230000000000000211e-03  -4.314000000000000126e-03  1.586174106597900391e+01
2.480000000000000108e-04  -2.392890000000000017e-01  2.221529999999999894e-01  3.128399999999999931e-02  7.471000000000000210e-03  -2.893999999999999871e-03  1.589883804321289062e+01
2.049999999999999956e-04  -2.339279999999999970e-01  2.176579999999999904e-01  3.126400000000000012e-02  6.164000000000000208e-03  -2.259000000000000157e-03  1.592929196357727051e+01
1.700000000000000122e-04  -3.100000000000000135e-05  -1.260000000000000052e-03  2.247999999999999998e-03  -1.252000000000000075e-03  1.742999999999999975e-03  1.674592208862304688e+01
1.649999999999999991e-04  -5.299999999999999807e-04  -6.070000000000000092e-04  9.150000000000000147e-04  2.210999999999999858e-03  2.770000000000000110e-04  1.683787703514099121e+01
1.312540000000000096e-01  3.488800000000000234e-02  -5.632399999999999907e-02  6.693200000000000538e-02  2.025909999999999933e-01  -6.108299999999999841e-02  1.691299295425415039e+01
3.959369999999999834e-01  1.111729999999999940e-01  -1.883990000000000109e-01  2.613369999999999860e-01  4.693430000000000102e-01  -2.050700000000000023e-01  1.698011302947998047e+01
4.497769999999999824e-01  1.141260000000000052e-01  -2.235240000000000005e-01  3.968149999999999733e-01  2.577110000000000234e-01  -2.572220000000000062e-01  1.703328704833984375e+01
3.892490000000000117e-01  1.031569999999999987e-01  -2.685429999999999762e-01  5.049569999999999892e-01  -4.954299999999999676e-02  -2.847310000000000119e-01  1.708430409431457520e+01
2.773189999999999822e-01  1.030039999999999983e-01  -3.062219999999999942e-01  5.671119999999999495e-01  -2.314620000000000011e-01  -3.025309999999999944e-01  1.713550496101379395e+01
1.616059999999999997e-01  1.168679999999999997e-01  -3.522080000000000211e-01  5.828919999999999657e-01  -3.474149999999999738e-01  -3.181550000000000211e-01  1.718629097938537598e+01
5.506500000000000283e-02  1.292840000000000100e-01  -4.187670000000000003e-01  5.833490000000000064e-01  -4.450589999999999824e-01  -3.306290000000000062e-01  1.723635792732238770e+01
-8.581000000000000086e-03  1.356789999999999941e-01  -4.865019999999999900e-01  5.700560000000000072e-01  -4.981729999999999769e-01  -3.376870000000000149e-01  1.728925108909606934e+01
-6.138099999999999806e-02  1.457630000000000037e-01  -5.660789999999999988e-01  5.663510000000000488e-01  -5.248509999999999565e-01  -3.420880000000000032e-01  1.734682297706604004e+01
-8.658100000000000518e-02  1.610370000000000135e-01  -6.157780000000000475e-01  5.770560000000000134e-01  -5.123320000000000096e-01  -3.456629999999999980e-01  1.740786695480346680e+01
-1.102800000000000030e-01  1.783089999999999953e-01  -6.481080000000000174e-01  5.637809999999999766e-01  -4.816030000000000033e-01  -3.411379999999999968e-01  1.746192407608032227e+01
-1.629249999999999865e-01  2.152979999999999894e-01  -6.709810000000000496e-01  5.294229999999999769e-01  -4.493650000000000144e-01  -3.332709999999999839e-01  1.752012896537780762e+01
-2.498420000000000085e-01  3.477480000000000016e-01  -6.687349999999999683e-01  5.102200000000000069e-01  -3.940540000000000154e-01  -3.128719999999999835e-01  1.761791706085205078e+01
-3.188840000000000008e-01  4.345269999999999966e-01  -6.224680000000000213e-01  4.661859999999999893e-01  -3.353949999999999987e-01  -2.854110000000000258e-01  1.769335007667541504e+01
-3.096909999999999941e-01  4.816719999999999891e-01  -5.961469999999999825e-01  3.878789999999999738e-01  -3.318880000000000163e-01  -2.797939999999999872e-01  1.776885986328125000e+01
-2.811620000000000230e-01  5.218739999999999490e-01  -6.042570000000000441e-01  3.479900000000000215e-01  -3.828540000000000276e-01  -2.965849999999999875e-01  1.781405997276306152e+01
-4.163350000000000106e-01  5.712779999999999525e-01  -6.223159999999999803e-01  3.156660000000000021e-01  -4.275269999999999904e-01  -3.124480000000000035e-01  1.785921597480773926e+01
-5.282670000000000421e-01  6.135859999999999648e-01  -6.400900000000000478e-01  2.862469999999999737e-01  -4.462059999999999915e-01  -3.208989999999999898e-01  1.790618896484375000e+01
-6.292550000000000088e-01  6.784510000000000263e-01  -6.726900000000000102e-01  2.411719999999999975e-01  -4.447670000000000234e-01  -3.325589999999999935e-01  1.795616602897644043e+01
-6.765050000000000230e-01  7.316599999999999770e-01  -7.052650000000000308e-01  2.150309999999999999e-01  -4.156460000000000155e-01  -3.415039999999999742e-01  1.799146890640258789e+01
-7.277280000000000415e-01  8.068330000000000224e-01  -7.523290000000000255e-01  1.751550000000000051e-01  -3.529909999999999992e-01  -3.527420000000000000e-01  1.802651095390319824e+01
-7.669719999999999871e-01  8.718169999999999531e-01  -7.966149999999999620e-01  1.279599999999999904e-01  -2.740690000000000071e-01  -3.592799999999999883e-01  1.807070899009704590e+01
-7.942059999999999675e-01  9.285050000000000248e-01  -8.346489999999999743e-01  6.746399999999999619e-02  -1.720339999999999925e-01  -3.615099999999999980e-01  1.812020087242126465e+01
-7.793069999999999720e-01  9.405839999999999756e-01  -8.526899999999999480e-01  -5.826800000000000035e-02  3.037000000000000116e-02  -3.460050000000000070e-01  1.822655892372131348e+01
-7.591080000000000050e-01  8.424500000000000322e-01  -7.707910000000000039e-01  -9.569700000000000428e-02  8.672000000000000541e-02  -3.236419999999999852e-01  1.831268095970153809e+01
-7.671510000000000273e-01  7.392450000000000410e-01  -6.781399999999999650e-01  -7.313200000000000256e-02  5.683300000000000157e-02  -3.125430000000000152e-01  1.835909986495971680e+01
-7.345869999999999900e-01  6.989330000000000265e-01  -6.445859999999999923e-01  -1.022490000000000065e-01  9.654000000000000081e-02  -3.005789999999999851e-01  1.840347194671630859e+01
-6.769469999999999654e-01  7.031380000000000408e-01  -6.545199999999999907e-01  -1.596490000000000131e-01  1.745809999999999862e-01  -2.929120000000000057e-01  1.844782900810241699e+01
-5.978390000000000093e-01  7.133399999999999741e-01  -6.703109999999999902e-01  -2.351070000000000104e-01  2.705549999999999899e-01  -2.830579999999999763e-01  1.850460290908813477e+01
-5.477549999999999919e-01  7.078910000000000480e-01  -6.698779999999999735e-01  -2.711859999999999826e-01  3.192180000000000017e-01  -2.758970000000000034e-01  1.854582595825195312e+01
-4.989009999999999834e-01  6.887539999999999774e-01  -6.531310000000000171e-01  -2.930769999999999764e-01  3.547230000000000105e-01  -2.653960000000000208e-01  1.858554196357727051e+01
-4.499739999999999851e-01  6.631920000000000037e-01  -6.311369999999999481e-01  -3.100160000000000138e-01  3.872929999999999984e-01  -2.540100000000000136e-01  1.862347698211669922e+01
-3.958430000000000004e-01  6.314020000000000188e-01  -6.032269999999999577e-01  -3.250640000000000196e-01  4.220579999999999887e-01  -2.390039999999999942e-01  1.866729807853698730e+01
-3.512460000000000027e-01  5.970010000000000039e-01  -5.735550000000000370e-01  -3.291930000000000134e-01  4.343139999999999779e-01  -2.240790000000000004e-01  1.871132588386535645e+01
-3.092730000000000201e-01  5.678549999999999986e-01  -5.488739999999999730e-01  -3.331250000000000044e-01  4.453130000000000144e-01  -2.108579999999999899e-01  1.875198602676391602e+01
-2.680839999999999890e-01  5.376910000000000300e-01  -5.244640000000000413e-01  -3.394610000000000127e-01  4.551689999999999903e-01  -1.975919999999999899e-01  1.879743409156799316e+01
-2.349420000000000119e-01  5.111560000000000548e-01  -5.009190000000000031e-01  -3.423869999999999969e-01  4.540420000000000011e-01  -1.865110000000000101e-01  1.884265708923339844e+01
-2.044630000000000059e-01  4.841949999999999865e-01  -4.764999999999999791e-01  -3.420159999999999867e-01  4.463280000000000025e-01  -1.757749999999999868e-01  1.888150906562805176e+01
-1.722430000000000072e-01  4.459199999999999831e-01  -4.418880000000000030e-01  -3.328590000000000160e-01  4.269149999999999889e-01  -1.608159999999999867e-01  1.892826104164123535e+01
-1.370609999999999884e-01  3.957220000000000182e-01  -3.937910000000000021e-01  -3.116320000000000201e-01  3.904690000000000105e-01  -1.432309999999999972e-01  1.897915291786193848e+01
-1.137869999999999993e-01  3.603509999999999769e-01  -3.595220000000000082e-01  -2.920800000000000063e-01  3.607560000000000211e-01  -1.312530000000000086e-01  1.901874804496765137e+01
-9.189700000000000646e-02  3.181100000000000039e-01  -3.183549999999999991e-01  -2.679659999999999820e-01  3.212630000000000208e-01  -1.158610000000000056e-01  1.907278394699096680e+01
-7.364099999999999813e-02  2.782140000000000168e-01  -2.783539999999999903e-01  -2.412249999999999950e-01  2.833780000000000188e-01  -1.012990000000000002e-01  1.911962985992431641e+01
-6.889299999999999591e-02  2.663449999999999984e-01  -2.668030000000000124e-01  -2.314630000000000021e-01  2.700890000000000235e-01  -9.702700000000000213e-02  1.915637302398681641e+01
-6.991500000000000492e-02  2.648030000000000106e-01  -2.642880000000000229e-01  -2.289629999999999999e-01  2.679000000000000270e-01  -9.634700000000000208e-02  1.921196007728576660e+01
-1.459999999999999981e-04  -8.970000000000000109e-04  8.350000000000000217e-04  1.302999999999999905e-03  1.900000000000000105e-05  4.490000000000000176e-04  2.000826287269592285e+01
-8.399999999999999535e-05  -6.949999999999999798e-04  5.730000000000000501e-04  7.089999999999999948e-04  -2.896000000000000137e-03  2.500000000000000052e-04  2.007652592658996582e+01
-2.360510000000000108e-01  -7.706599999999999562e-02  2.598159999999999914e-01  7.647800000000000431e-02  -3.199640000000000262e-01  1.343060000000000087e-01  2.017078590393066406e+01
-3.086519999999999819e-01  -3.801450000000000107e-01  6.846109999999999696e-01  2.058190000000000019e-01  -5.162590000000000234e-01  3.448999999999999844e-01  2.026704907417297363e+01
-2.180729999999999891e-01  -6.403130000000000210e-01  8.270220000000000349e-01  9.488699999999999912e-02  -2.585080000000000156e-01  3.968149999999999733e-01  2.034170889854431152e+01
-2.912819999999999854e-01  -7.524739999999999762e-01  9.007490000000000219e-01  -1.069940000000000058e-01  -1.402309999999999945e-01  4.032859999999999778e-01  2.040929508209228516e+01
-2.445859999999999979e-01  -7.972460000000000102e-01  9.656259999999999843e-01  -4.497500000000000109e-02  -1.825920000000000043e-01  4.121879999999999988e-01  2.045724797248840332e+01
-1.955010000000000081e-01  -8.340269999999999628e-01  1.014148000000000049e+00  3.962500000000000050e-02  -3.308019999999999849e-01  4.160530000000000062e-01  2.050166702270507812e+01
-1.443200000000000038e-01  -8.754709999999999992e-01  1.050602000000000036e+00  7.495200000000000473e-02  -4.847629999999999995e-01  4.154309999999999947e-01  2.056071805953979492e+01
-8.982099999999999806e-02  -8.992850000000000010e-01  1.067458999999999936e+00  7.046099999999999586e-02  -5.490800000000000125e-01  4.050929999999999809e-01  2.061694002151489258e+01
-5.242900000000000338e-02  -9.115560000000000329e-01  1.076159000000000088e+00  7.508099999999999496e-02  -5.501190000000000246e-01  3.927439999999999820e-01  2.066788792610168457e+01
-1.071300000000000030e-02  -9.051799999999999846e-01  1.069908000000000081e+00  7.538300000000000556e-02  -5.026249999999999885e-01  3.798630000000000062e-01  2.072110295295715332e+01
2.210099999999999912e-02  -9.035549999999999971e-01  1.068033000000000010e+00  7.558299999999999741e-02  -4.393589999999999995e-01  3.648339999999999916e-01  2.077675008773803711e+01
3.547800000000000259e-02  -9.152959999999999985e-01  1.083059999999999912e+00  7.681100000000000427e-02  -3.874909999999999743e-01  3.534010000000000207e-01  2.083212208747863770e+01
4.531099999999999711e-02  -9.070230000000000237e-01  1.076753000000000071e+00  6.737899999999999445e-02  -3.292829999999999924e-01  3.334579999999999766e-01  2.089583992958068848e+01
5.418599999999999806e-02  -8.888279999999999514e-01  1.057668999999999970e+00  5.783200000000000146e-02  -2.880710000000000215e-01  3.167059999999999875e-01  2.094038987159729004e+01
7.247099999999999376e-02  -8.621440000000000214e-01  1.028505999999999920e+00  4.295000000000000207e-02  -2.629509999999999903e-01  3.003149999999999986e-01  2.098504805564880371e+01
9.624199999999999422e-02  -8.330149999999999499e-01  9.969489999999999741e-01  2.669799999999999951e-02  -2.405559999999999921e-01  2.840070000000000094e-01  2.102461504936218262e+01
1.268519999999999925e-01  -7.973130000000000495e-01  9.576149999999999940e-01  6.017999999999999912e-03  -2.124199999999999977e-01  2.653400000000000203e-01  2.107242298126220703e+01
1.574429999999999996e-01  -7.502349999999999852e-01  9.050610000000000044e-01  -1.851300000000000168e-02  -1.749860000000000027e-01  2.437890000000000057e-01  2.112793087959289551e+01
1.792880000000000029e-01  -7.045200000000000351e-01  8.542459999999999498e-01  -3.945099999999999996e-02  -1.386320000000000052e-01  2.237810000000000077e-01  2.117807507514953613e+01
1.962980000000000003e-01  -6.568899999999999739e-01  7.993940000000000490e-01  -5.523900000000000338e-02  -1.015459999999999974e-01  2.037380000000000024e-01  2.122080993652343750e+01
2.179919999999999913e-01  -6.069069999999999743e-01  7.460309999999999997e-01  -7.361399999999999888e-02  -6.013500000000000095e-02  1.845870000000000011e-01  2.127291607856750488e+01
2.648209999999999731e-01  -5.271599999999999620e-01  6.583470000000000155e-01  -1.087329999999999963e-01  9.523999999999999480e-03  1.599490000000000078e-01  2.133546996116638184e+01
3.102840000000000042e-01  -4.708339999999999748e-01  6.000769999999999715e-01  -1.381900000000000073e-01  6.696199999999999375e-02  1.439930000000000099e-01  2.137808299064636230e+01
3.737829999999999764e-01  -4.080509999999999970e-01  5.333419999999999828e-01  -1.767330000000000012e-01  1.448129999999999973e-01  1.280030000000000057e-01  2.141171002388000488e+01
4.480439999999999978e-01  -3.284569999999999990e-01  4.480589999999999851e-01  -2.293360000000000121e-01  2.352839999999999931e-01  1.108149999999999968e-01  2.145927596092224121e+01
5.109420000000000073e-01  -2.418069999999999942e-01  3.536489999999999911e-01  -2.768809999999999882e-01  3.082440000000000180e-01  9.231599999999999528e-02  2.151833200454711914e+01
5.480159999999999476e-01  -1.832360000000000100e-01  2.899260000000000170e-01  -3.040109999999999757e-01  3.458950000000000080e-01  8.048800000000000399e-02  2.156219005584716797e+01
5.981189999999999563e-01  -1.046969999999999984e-01  2.015909999999999924e-01  -3.384780000000000011e-01  3.964509999999999978e-01  6.582000000000000350e-02  2.161368298530578613e+01
6.318070000000000075e-01  -4.254800000000000249e-02  1.344640000000000002e-01  -3.631429999999999936e-01  4.461390000000000078e-01  5.557700000000000140e-02  2.166574406623840332e+01
6.398570000000000091e-01  9.121999999999999900e-03  7.684299999999999464e-02  -3.688069999999999959e-01  4.822699999999999765e-01  4.559699999999999864e-02  2.170677590370178223e+01
6.319630000000000525e-01  4.398599999999999732e-02  3.658200000000000340e-02  -3.718580000000000219e-01  4.991099999999999981e-01  3.728999999999999676e-02  2.174875187873840332e+01
6.180930000000000035e-01  7.497399999999999898e-02  1.913999999999999903e-03  -3.817900000000000182e-01  5.113419999999999632e-01  3.004799999999999832e-02  2.178858995437622070e+01
5.964979999999999727e-01  1.001019999999999965e-01  -2.656499999999999834e-02  -3.909039999999999737e-01  5.160799999999999832e-01  2.486599999999999921e-02  2.183078694343566895e+01
5.654890000000000194e-01  1.194209999999999994e-01  -5.076499999999999763e-02  -3.910799999999999832e-01  5.057819999999999538e-01  1.888499999999999901e-02  2.186842894554138184e+01
5.264760000000000550e-01  1.341060000000000030e-01  -6.928900000000000337e-02  -3.850230000000000041e-01  4.860970000000000013e-01  1.602800000000000058e-02  2.190938997268676758e+01
4.803060000000000107e-01  1.421429999999999916e-01  -8.282100000000000573e-02  -3.712469999999999937e-01  4.565420000000000034e-01  1.150900000000000013e-02  2.194965887069702148e+01
4.222819999999999907e-01  1.457579999999999987e-01  -9.222199999999999842e-02  -3.457129999999999925e-01  4.123299999999999743e-01  8.911000000000000518e-03  2.199510908126831055e+01
3.827340000000000186e-01  1.449290000000000023e-01  -9.506900000000000073e-02  -3.234079999999999733e-01  3.798079999999999790e-01  6.756999999999999985e-03  2.203227496147155762e+01
3.372209999999999930e-01  1.420079999999999953e-01  -9.655299999999999994e-02  -2.947480000000000100e-01  3.390750000000000153e-01  4.795999999999999916e-03  2.207111597061157227e+01
2.797310000000000074e-01  1.341269999999999962e-01  -9.413100000000000633e-02  -2.577880000000000171e-01  2.866400000000000059e-01  4.609000000000000249e-03  2.212382388114929199e+01
2.351080000000000114e-01  1.258920000000000039e-01  -9.041399999999999437e-02  -2.271610000000000018e-01  2.433450000000000057e-01  -2.709999999999999735e-04  2.217030501365661621e+01
2.296499999999999930e-01  1.242390000000000022e-01  -8.926800000000000013e-02  -2.230199999999999960e-01  2.378089999999999926e-01  -1.293000000000000095e-03  2.220776295661926270e+01
-9.560000000000000355e-04  -6.999999999999999929e-04  1.013999999999999927e-03  1.294999999999999927e-03  -1.209000000000000005e-03  2.556999999999999811e-03  2.302117800712585449e+01
-4.169999999999999987e-04  -5.789999999999999791e-04  4.769999999999999934e-04  -6.890000000000000508e-04  -2.550999999999999882e-03  1.330000000000000019e-03  2.307767295837402344e+01
1.299999999999999920e-05  1.299999999999999940e-03  -1.093999999999999920e-03  1.677000000000000105e-03  -2.335999999999999969e-03  -1.062999999999999926e-03  2.310511088371276855e+01
1.681699999999999862e-02  4.949599999999999833e-02  -5.126100000000000101e-02  3.854999999999999920e-03  -5.590000000000000351e-04  1.401299999999999941e-02  2.313917303085327148e+01
3.898700000000000082e-02  1.098439999999999972e-01  -1.145069999999999977e-01  2.801999999999999803e-03  -3.154000000000000119e-03  3.502299999999999858e-02  2.317806005477905273e+01
6.597200000000000286e-02  1.852010000000000045e-01  -1.936400000000000066e-01  1.092199999999999942e-02  3.346000000000000016e-03  6.290500000000000258e-02  2.321599292755126953e+01
9.197900000000000520e-02  2.642990000000000061e-01  -2.791699999999999737e-01  1.587399999999999922e-02  1.709999999999999932e-03  9.199699999999999545e-02  2.326597905158996582e+01
1.053560000000000052e-01  3.082289999999999752e-01  -3.282999999999999807e-01  2.004299999999999832e-02  3.082999999999999803e-03  1.070480000000000043e-01  2.329521298408508301e+01
1.154810000000000003e-01  3.459420000000000273e-01  -3.709999999999999964e-01  2.157699999999999896e-02  6.772000000000000242e-03  1.180680000000000063e-01  2.332700204849243164e+01
1.232739999999999947e-01  3.768179999999999863e-01  -4.056549999999999878e-01  2.169899999999999954e-02  3.899000000000000122e-03  1.258650000000000047e-01  2.335738492012023926e+01
1.288279999999999981e-01  3.994800000000000018e-01  -4.327050000000000063e-01  2.192300000000000151e-02  3.621999999999999786e-03  1.310699999999999921e-01  2.339137005805969238e+01
1.320850000000000080e-01  4.154209999999999847e-01  -4.494839999999999947e-01  2.210900000000000018e-02  3.246999999999999886e-03  1.346569999999999989e-01  2.341917300224304199e+01
1.336189999999999878e-01  4.246249999999999747e-01  -4.601459999999999995e-01  2.173500000000000085e-02  3.785000000000000170e-03  1.361880000000000035e-01  2.345441198348999023e+01
1.339599999999999957e-01  4.286150000000000237e-01  -4.647310000000000052e-01  2.036999999999999922e-02  3.449999999999999942e-03  1.365869999999999862e-01  2.349133300781250000e+01
1.322220000000000062e-01  4.251829999999999776e-01  -4.607029999999999736e-01  2.172400000000000025e-02  6.545999999999999736e-03  1.347510000000000097e-01  2.353450703620910645e+01
1.294460000000000055e-01  4.175200000000000022e-01  -4.510009999999999852e-01  2.127700000000000077e-02  4.181999999999999953e-03  1.319629999999999970e-01  2.356792593002319336e+01
1.244679999999999953e-01  4.045150000000000134e-01  -4.358310000000000239e-01  2.001000000000000001e-02  4.180999999999999821e-03  1.266970000000000041e-01  2.360480904579162598e+01
1.195589999999999986e-01  3.922849999999999948e-01  -4.207359999999999989e-01  2.078699999999999992e-02  2.553999999999999847e-03  1.214179999999999982e-01  2.363706898689270020e+01
1.138020000000000004e-01  3.764129999999999976e-01  -4.033269999999999911e-01  2.054800000000000029e-02  -1.964000000000000034e-03  1.160579999999999945e-01  2.367364192008972168e+01
1.062580000000000052e-01  3.546900000000000053e-01  -3.781669999999999754e-01  2.139200000000000129e-02  -2.795000000000000175e-03  1.083749999999999991e-01  2.370638799667358398e+01
9.996499999999999830e-02  3.338639999999999941e-01  -3.566280000000000006e-01  2.182200000000000112e-02  -7.629000000000000364e-03  1.015029999999999960e-01  2.374450492858886719e+01
8.939400000000000124e-02  3.009390000000000120e-01  -3.204879999999999951e-01  2.159300000000000108e-02  -4.393000000000000203e-03  9.081100000000000283e-02  2.378839302062988281e+01
8.247899999999999676e-02  2.786669999999999980e-01  -2.969680000000000097e-01  2.031099999999999919e-02  -1.933000000000000039e-03  8.411100000000000521e-02  2.382102298736572266e+01
7.391399999999999360e-02  2.514640000000000208e-01  -2.670770000000000088e-01  1.693199999999999913e-02  -2.760999999999999999e-03  7.503400000000000347e-02  2.386088705062866211e+01
6.696599999999999775e-02  2.296439999999999870e-01  -2.433309999999999917e-01  1.606300000000000089e-02  -6.909999999999999910e-04  6.816600000000000437e-02  2.389523506164550781e+01
6.404400000000000370e-02  2.192479999999999984e-01  -2.325510000000000077e-01  1.321100000000000052e-02  -3.269999999999999903e-03  6.502800000000000247e-02  2.393220686912536621e+01
-4.920000000000000328e-04  -1.077999999999999965e-03  1.129000000000000012e-03  -1.972999999999999927e-03  1.631000000000000071e-03  -6.930000000000000396e-04  2.474051499366760254e+01
-3.629999999999999872e-04  -7.269999999999999987e-04  7.759999999999999971e-04  1.748999999999999904e-03  -3.849999999999999798e-04  -6.930000000000000396e-04  2.478631401062011719e+01
-1.667999999999999995e-03  -2.773999999999999990e-03  2.471999999999999805e-03  -1.240999999999999916e-03  1.730999999999999900e-03  -1.884999999999999957e-03  2.481747007369995117e+01
-2.864200000000000079e-02  -4.349800000000000194e-02  3.902599999999999819e-02  3.413999999999999934e-03  -1.843000000000000020e-03  -2.848399999999999890e-02  2.484894394874572754e+01
-8.791300000000000503e-02  -1.301970000000000072e-01  1.166579999999999978e-01  7.538999999999999695e-03  -3.750000000000000078e-04  -8.863300000000000345e-02  2.488361001014709473e+01
-1.484659999999999869e-01  -2.205749999999999933e-01  1.976120000000000099e-01  1.721500000000000113e-02  1.734000000000000081e-03  -1.500340000000000007e-01  2.492506289482116699e+01
-2.022599999999999953e-01  -3.020490000000000119e-01  2.709790000000000254e-01  1.755599999999999869e-02  2.237999999999999972e-03  -2.036330000000000084e-01  2.496780490875244141e+01
-2.396300000000000097e-01  -3.608629999999999893e-01  3.231149999999999856e-01  2.089999999999999844e-02  6.709999999999999819e-03  -2.394380000000000119e-01  2.499934697151184082e+01
-2.718940000000000246e-01  -4.123519999999999963e-01  3.695149999999999824e-01  2.197800000000000101e-02  3.967000000000000040e-03  -2.690049999999999941e-01  2.503370308876037598e+01
-3.023049999999999904e-01  -4.662890000000000090e-01  4.194479999999999875e-01  2.675200000000000147e-02  3.089000000000000166e-03  -2.990309999999999913e-01  2.507166004180908203e+01
-3.259730000000000127e-01  -5.093220000000000525e-01  4.583490000000000064e-01  3.045499999999999943e-02  -2.125999999999999852e-03  -3.207920000000000216e-01  2.510796904563903809e+01
-3.402040000000000064e-01  -5.354370000000000518e-01  4.829550000000000232e-01  3.415599999999999886e-02  1.270999999999999994e-03  -3.327780000000000182e-01  2.514134407043457031e+01
-3.499999999999999778e-01  -5.553190000000000071e-01  5.022069999999999590e-01  3.573099999999999887e-02  -8.809999999999999472e-04  -3.423720000000000097e-01  2.517370986938476562e+01
-3.575240000000000085e-01  -5.715510000000000312e-01  5.176600000000000090e-01  3.703999999999999654e-02  -4.088999999999999753e-03  -3.514360000000000261e-01  2.520922708511352539e+01
-3.620459999999999789e-01  -5.808910000000000462e-01  5.279850000000000376e-01  3.712499999999999828e-02  -8.349999999999999784e-03  -3.538979999999999904e-01  2.524056386947631836e+01
-3.618629999999999902e-01  -5.851520000000000055e-01  5.337920000000000442e-01  3.829099999999999865e-02  -7.913999999999999160e-03  -3.541690000000000116e-01  2.527355909347534180e+01
-3.611670000000000158e-01  -5.925470000000000459e-01  5.405619999999999870e-01  3.862700000000000161e-02  -7.372000000000000081e-03  -3.527069999999999927e-01  2.531148099899291992e+01
-3.580940000000000234e-01  -5.973519999999999941e-01  5.462590000000000501e-01  3.923499999999999904e-02  -2.018999999999999961e-03  -3.508769999999999945e-01  2.534471392631530762e+01
-3.519959999999999756e-01  -5.993939999999999824e-01  5.482089999999999463e-01  3.927100000000000035e-02  -4.383999999999999876e-03  -3.455159999999999898e-01  2.537999391555786133e+01
-3.422620000000000107e-01  -5.936630000000000518e-01  5.420939999999999648e-01  3.787100000000000188e-02  -8.909999999999999734e-04  -3.357430000000000136e-01  2.542086100578308105e+01
-3.314790000000000236e-01  -5.827010000000000245e-01  5.338399999999999812e-01  3.771000000000000046e-02  -3.645999999999999935e-03  -3.261560000000000015e-01  2.545572209358215332e+01
-3.170310000000000072e-01  -5.632369999999999877e-01  5.182050000000000267e-01  3.729500000000000176e-02  -3.570000000000000040e-04  -3.116689999999999738e-01  2.549201893806457520e+01
-3.017619999999999747e-01  -5.433999999999999941e-01  4.994230000000000058e-01  3.612100000000000033e-02  -1.165000000000000020e-03  -2.986159999999999926e-01  2.552883291244506836e+01
-2.858589999999999742e-01  -5.191780000000000284e-01  4.791549999999999976e-01  3.485400000000000303e-02  4.854999999999999941e-03  -2.834909999999999930e-01  2.555724287033081055e+01
-2.650540000000000118e-01  -4.820929999999999938e-01  4.473179999999999934e-01  3.272100000000000009e-02  6.053000000000000221e-03  -2.623670000000000169e-01  2.559831094741821289e+01
-2.483370000000000022e-01  -4.566640000000000144e-01  4.255590000000000206e-01  3.193100000000000105e-02  8.633000000000000049e-03  -2.468789999999999873e-01  2.563386988639831543e+01
-2.302790000000000115e-01  -4.284640000000000115e-01  4.012399999999999856e-01  2.984900000000000053e-02  6.470000000000000057e-03  -2.299889999999999990e-01  2.567370700836181641e+01
-2.142189999999999928e-01  -4.013200000000000101e-01  3.787280000000000091e-01  2.878899999999999862e-02  8.840000000000000635e-03  -2.142570000000000030e-01  2.571386504173278809e+01
-1.973199999999999954e-01  -3.725519999999999943e-01  3.533540000000000014e-01  2.692999999999999908e-02  5.824000000000000184e-03  -1.982800000000000118e-01  2.575150704383850098e+01
-1.787030000000000007e-01  -3.405440000000000134e-01  3.257329999999999948e-01  2.541600000000000109e-02  5.695999999999999674e-03  -1.807370000000000088e-01  2.578844809532165527e+01
-1.644859999999999933e-01  -3.151430000000000065e-01  3.011909999999999865e-01  2.356400000000000161e-02  8.106000000000000358e-03  -1.663389999999999869e-01  2.582078695297241211e+01
-1.473750000000000060e-01  -2.835130000000000150e-01  2.722229999999999928e-01  2.090900000000000050e-02  8.663000000000000561e-03  -1.483029999999999904e-01  2.585926508903503418e+01
-1.344529999999999892e-01  -2.594429999999999792e-01  2.503029999999999977e-01  1.942500000000000129e-02  3.384999999999999988e-03  -1.350480000000000014e-01  2.589614987373352051e+01
-1.219879999999999992e-01  -2.364729999999999888e-01  2.285339999999999872e-01  1.706299999999999831e-02  2.599000000000000182e-03  -1.220669999999999950e-01  2.592861294746398926e+01
-1.158990000000000020e-01  -2.255610000000000115e-01  2.187979999999999925e-01  1.799699999999999911e-02  2.628000000000000128e-03  -1.165449999999999958e-01  2.595995688438415527e+01
7.089999999999999948e-04  1.296999999999999976e-03  -1.082000000000000062e-03  -2.900000000000000017e-04  -1.918000000000000000e-03  7.479999999999999670e-04  2.677985405921936035e+01
3.899999999999999929e-04  9.330000000000000186e-04  -3.269999999999999795e-04  -4.090000000000000211e-04  3.399999999999999973e-05  5.050000000000000235e-04  2.685806107521057129e+01
-1.365820000000000090e-01  5.326899999999999691e-02  -1.199520000000000031e-01  1.301410000000000067e-01  -1.088999999999999968e-01  -1.070300000000000071e-02  2.693874096870422363e+01
-2.070559999999999901e-01  1.674960000000000060e-01  -3.707670000000000132e-01  4.369520000000000071e-01  -3.033609999999999918e-01  -6.491199999999999748e-02  2.702797698974609375e+01
2.436439999999999995e-01  1.821399999999999963e-01  -4.217060000000000253e-01  5.954159999999999453e-01  -1.309200000000000086e-01  -9.030900000000000039e-02  2.710883998870849609e+01
3.192650000000000210e-01  1.527769999999999961e-01  -4.925390000000000046e-01  7.025069999999999926e-01  -3.192799999999999805e-02  -4.125000000000000194e-02  2.720514488220214844e+01
-4.659739999999999993e-01  2.466369999999999951e-01  -7.006790000000000518e-01  6.637880000000000447e-01  -3.576500000000000234e-01  -3.173800000000000232e-02  2.730290007591247559e+01
-7.513879999999999448e-01  3.385730000000000128e-01  -7.671989999999999643e-01  5.873680000000000012e-01  -3.932849999999999957e-01  -4.313000000000000167e-02  2.735819101333618164e+01
-7.200330000000000341e-01  3.793270000000000253e-01  -7.501889999999999947e-01  5.970299999999999496e-01  -3.950299999999999923e-01  -5.242200000000000332e-02  2.741143703460693359e+01
-7.117289999999999450e-01  4.251360000000000139e-01  -7.704870000000000330e-01  6.104359999999999786e-01  -4.437579999999999858e-01  -6.733799999999999508e-02  2.746172308921813965e+01
-7.530630000000000379e-01  4.867699999999999805e-01  -8.220610000000000417e-01  6.000950000000000450e-01  -4.942340000000000066e-01  -8.670799999999999341e-02  2.750190401077270508e+01
-8.041209999999999747e-01  5.624799999999999800e-01  -8.865429999999999700e-01  5.777660000000000018e-01  -5.410369999999999902e-01  -1.070019999999999999e-01  2.754700994491577148e+01
-8.298179999999999445e-01  6.233490000000000419e-01  -9.370429999999999593e-01  5.472939999999999472e-01  -5.586569999999999592e-01  -1.194230000000000014e-01  2.759126687049865723e+01
-8.443960000000000354e-01  6.891570000000000196e-01  -9.956930000000000502e-01  5.016559999999999908e-01  -5.494499999999999940e-01  -1.299510000000000109e-01  2.763085508346557617e+01
-8.387139999999999596e-01  7.657289999999999930e-01  -1.062742999999999993e+00  4.392329999999999846e-01  -5.109970000000000345e-01  -1.415980000000000016e-01  2.767571997642517090e+01
-8.101410000000000000e-01  8.245149999999999979e-01  -1.108114000000000043e+00  3.863300000000000067e-01  -4.579380000000000117e-01  -1.512320000000000053e-01  2.771707391738891602e+01
-7.482149999999999634e-01  9.056429999999999758e-01  -1.171359999999999957e+00  3.244920000000000027e-01  -3.731650000000000245e-01  -1.631110000000000060e-01  2.776376795768737793e+01
-6.757400000000000073e-01  9.672169999999999934e-01  -1.214520999999999962e+00  2.738760000000000083e-01  -2.933020000000000072e-01  -1.714440000000000131e-01  2.780710792541503906e+01
-5.697370000000000489e-01  1.023795000000000011e+00  -1.248402000000000012e+00  2.116419999999999968e-01  -1.919990000000000030e-01  -1.807149999999999868e-01  2.785105299949645996e+01
-4.770869999999999833e-01  1.053560000000000052e+00  -1.258237000000000050e+00  1.606210000000000138e-01  -1.105389999999999984e-01  -1.861819999999999864e-01  2.789656090736389160e+01
-3.861450000000000160e-01  1.068291000000000102e+00  -1.252434000000000047e+00  1.128299999999999997e-01  -3.641199999999999992e-02  -1.895149999999999890e-01  2.793010187149047852e+01
-2.992580000000000240e-01  1.071698000000000039e+00  -1.235087000000000046e+00  6.951300000000000534e-02  3.225000000000000089e-02  -1.923090000000000077e-01  2.797638106346130371e+01
-2.030609999999999915e-01  1.060672000000000059e+00  -1.201662999999999926e+00  2.477199999999999888e-02  1.055880000000000013e-01  -1.926690000000000069e-01  2.802140188217163086e+01
-1.293380000000000085e-01  1.041034999999999933e+00  -1.162951000000000068e+00  -1.031999999999999931e-02  1.599559999999999871e-01  -1.920409999999999895e-01  2.806358194351196289e+01
-4.933099999999999985e-02  1.008172999999999986e+00  -1.108141000000000043e+00  -4.641599999999999893e-02  2.162179999999999935e-01  -1.908070000000000044e-01  2.810739588737487793e+01
4.238399999999999807e-02  9.481260000000000243e-01  -1.023152000000000061e+00  -8.678400000000000003e-02  2.735980000000000079e-01  -1.843470000000000109e-01  2.817372608184814453e+01
9.317999999999999894e-02  9.082559999999999523e-01  -9.689950000000000507e-01  -1.090509999999999952e-01  3.041170000000000262e-01  -1.804989999999999928e-01  2.821248197555541992e+01
1.367490000000000094e-01  8.678770000000000095e-01  -9.153949999999999587e-01  -1.280810000000000004e-01  3.265299999999999869e-01  -1.770289999999999919e-01  2.825071191787719727e+01
1.755009999999999903e-01  8.273129999999999651e-01  -8.630989999999999496e-01  -1.433180000000000009e-01  3.474059999999999926e-01  -1.727869999999999961e-01  2.829632091522216797e+01
2.127300000000000024e-01  7.809519999999999795e-01  -8.061669999999999670e-01  -1.603920000000000068e-01  3.633649999999999936e-01  -1.678050000000000097e-01  2.834283900260925293e+01
2.374789999999999957e-01  7.415460000000000385e-01  -7.590430000000000232e-01  -1.705899999999999916e-01  3.722489999999999966e-01  -1.633320000000000050e-01  2.838344502449035645e+01
2.536559999999999926e-01  7.087010000000000254e-01  -7.211210000000000120e-01  -1.775120000000000031e-01  3.765109999999999846e-01  -1.594579999999999886e-01  2.841309785842895508e+01
2.676609999999999823e-01  6.642449999999999743e-01  -6.709500000000000464e-01  -1.837540000000000007e-01  3.737650000000000139e-01  -1.532439999999999913e-01  2.845019698143005371e+01
2.739869999999999806e-01  6.246549999999999603e-01  -6.281440000000000357e-01  -1.854540000000000077e-01  3.681820000000000093e-01  -1.475569999999999937e-01  2.848287200927734375e+01
2.770299999999999985e-01  5.943249999999999922e-01  -5.954479999999999773e-01  -1.842149999999999899e-01  3.619269999999999987e-01  -1.426389999999999880e-01  2.851406502723693848e+01
2.785349999999999770e-01  5.556720000000000548e-01  -5.547710000000000141e-01  -1.818539999999999879e-01  3.533990000000000187e-01  -1.363739999999999952e-01  2.854417490959167480e+01
2.772700000000000164e-01  5.091170000000000417e-01  -5.058570000000000011e-01  -1.782229999999999925e-01  3.424499999999999766e-01  -1.279990000000000017e-01  2.858042097091674805e+01
2.727939999999999809e-01  4.707580000000000098e-01  -4.667040000000000077e-01  -1.741880000000000095e-01  3.278079999999999883e-01  -1.213100000000000012e-01  2.861070799827575684e+01
2.635449999999999737e-01  4.230709999999999749e-01  -4.189339999999999731e-01  -1.663239999999999996e-01  3.074430000000000218e-01  -1.118159999999999987e-01  2.865643501281738281e+01
2.519000000000000128e-01  3.801100000000000034e-01  -3.748580000000000245e-01  -1.569180000000000019e-01  2.858339999999999770e-01  -1.029989999999999933e-01  2.869644188880920410e+01
2.410059999999999980e-01  3.390389999999999793e-01  -3.348249999999999837e-01  -1.485640000000000016e-01  2.662260000000000182e-01  -9.353200000000000403e-02  2.873535299301147461e+01
2.285540000000000072e-01  3.018810000000000104e-01  -2.966920000000000113e-01  -1.387359999999999982e-01  2.448359999999999981e-01  -8.425599999999999756e-02  2.877088093757629395e+01
2.156440000000000023e-01  2.721339999999999870e-01  -2.677700000000000080e-01  -1.301100000000000034e-01  2.253759999999999930e-01  -7.633399999999999908e-02  2.880783605575561523e+01
2.083170000000000022e-01  2.599299999999999944e-01  -2.551780000000000159e-01  -1.252459999999999962e-01  2.158579999999999943e-01  -7.337399999999999478e-02  2.884204101562500000e+01
