q1     q2   q3   q4  q5   q6   t1
-7.000252517427227872e-01  -1.499805029603602513e+00  1.999813317812136448e+00  -2.269920819833275871e+00  -1.569801593925642003e+00  -4.019851078669546496e+00  0.000000000000000000e+00
-7.000276350494480937e-01  -1.499805124391153655e+00  1.999811816015248267e+00  -2.269916542054112973e+00  -1.569830606199152712e+00  -4.019846734396596233e+00  7.902193069458007812e-02
-7.013825051522246667e-01  -1.502621310509816510e+00  2.002576453028848125e+00  -2.271526280750840954e+00  -1.576301851718042712e+00  -4.015318288990084028e+00  1.693830490112304688e-01
-7.051833079306621954e-01  -1.516540605669266739e+00  2.016240959997222859e+00  -2.278140719790288315e+00  -1.605761420664443051e+00  -3.992455706801970816e+00  2.330138683319091797e-01
-6.927597334724380218e-01  -1.539219378875831268e+00  2.038518684192597963e+00  -2.276200525007964437e+00  -1.641900489989307488e+00  -3.950403225768432947e+00  2.973999977111816406e-01
-6.722171127775249388e-01  -1.560842654799682094e+00  2.059742848074148203e+00  -2.263349000410602940e+00  -1.674127333326271838e+00  -3.907074723636095204e+00  3.494720458984375000e-01
-6.524620482818743739e-01  -1.582816838008369587e+00  2.081254771756760658e+00  -2.244974606924978744e+00  -1.707205023469995808e+00  -3.864020116148720430e+00  4.095110893249511719e-01
-6.251007863297992628e-01  -1.615082589580179473e+00  2.112716488493935785e+00  -2.214762658818563601e+00  -1.752787667568712848e+00  -3.800138411606981848e+00  4.888150691986083984e-01
-6.021278693066625110e-01  -1.645318777830457435e+00  2.142115488520897948e+00  -2.182658874676000949e+00  -1.793312341043300506e+00  -3.739751418467969213e+00  5.555369853973388672e-01
-5.846498901339618470e-01  -1.668865228028883152e+00  2.164933965745522659e+00  -2.154765673716887875e+00  -1.824254438847727755e+00  -3.691334010297556478e+00  6.180958747863769531e-01
-5.688157755136247218e-01  -1.691989053247496599e+00  2.187338305553310658e+00  -2.125716067728237846e+00  -1.853442072254530615e+00  -3.642844340632144018e+00  6.685419082641601562e-01
-5.557824241176358981e-01  -1.711139869282906290e+00  2.205839184979022871e+00  -2.100450027533538488e+00  -1.876566131677206428e+00  -3.601472237800706022e+00  7.154860496520996094e-01
-5.418650633476742584e-01  -1.729269631139008112e+00  2.223291749551610685e+00  -2.075184050415125547e+00  -1.897406390735843829e+00  -3.560320147083081199e+00  7.699968814849853516e-01
-5.264316724103990097e-01  -1.746174626420796017e+00  2.239508395077248526e+00  -2.050153139427638216e+00  -1.915575338920106674e+00  -3.519530788556343825e+00  8.161509037017822266e-01
-5.064205575537990001e-01  -1.764148779975645454e+00  2.256653005862311101e+00  -2.021855609011712573e+00  -1.933099904257968404e+00  -3.472970998419706135e+00  8.751230239868164062e-01
-4.877066531308740238e-01  -1.777878894685869682e+00  2.269694138415011331e+00  -1.998659294269563347e+00  -1.944810880092770589e+00  -3.434492745933944047e+00  9.165868759155273438e-01
-4.658895306763124466e-01  -1.789978291465519789e+00  2.281094678903023532e+00  -1.976840564177926751e+00  -1.953507707797953685e+00  -3.397716169327219315e+00  9.651849269866943359e-01
-4.397133158370882811e-01  -1.800341434777557481e+00  2.290795435880498498e+00  -1.956679438204938393e+00  -1.959108631844703297e+00  -3.362884258543531235e+00  1.012017011642456055e+00
-4.146895264017755878e-01  -1.807587981572970293e+00  2.297519410684436103e+00  -1.941256833522238878e+00  -1.960312706243289682e+00  -3.335317991875805799e+00  1.057060003280639648e+00
-3.813198415687253373e-01  -1.814505846204820472e+00  2.303802365022836085e+00  -1.924629058641901480e+00  -1.956930961671990765e+00  -3.303936655509430498e+00  1.103947877883911133e+00
-3.452609963958614969e-01  -1.819283615199193349e+00  2.307927151328049042e+00  -1.910315767386702390e+00  -1.948752948844328259e+00  -3.274542119345805524e+00  1.150172948837280273e+00
-3.202679048598238154e-01  -1.821140675010180843e+00  2.309371691567074780e+00  -1.902127739830502762e+00  -1.941123325031752778e+00  -3.256134192081542977e+00  1.184025049209594727e+00
-2.885645550156734629e-01  -1.821812526970719048e+00  2.309540358507149449e+00  -1.893629573083191353e+00  -1.929584419794040606e+00  -3.234525312368305094e+00  1.225925922393798828e+00
-2.504496731762859696e-01  -1.820031722920894879e+00  2.307201070377985275e+00  -1.886206550608503285e+00  -1.913253447682365049e+00  -3.210635358072879697e+00  1.272119045257568359e+00
-2.129811809385735444e-01  -1.815412984371732819e+00  2.302021078029298451e+00  -1.881896886201115393e+00  -1.894634898280689761e+00  -3.188884827948217371e+00  1.315610885620117188e+00
-1.888521666890614625e-01  -1.810856704704632669e+00  2.297047155467886626e+00  -1.880727901609928310e+00  -1.881341122739303096e+00  -3.175551929578317445e+00  1.354346036911010742e+00
-1.543289057891739091e-01  -1.801987673083456976e+00  2.287554936049236431e+00  -1.881360014058042651e+00  -1.860384724910304044e+00  -3.157245834462467649e+00  1.396485090255737305e+00
-1.274895839407861331e-01  -1.793119060476819016e+00  2.278224993876760252e+00  -1.883855795707642500e+00  -1.842220301658091586e+00  -3.143453339212742392e+00  1.440834999084472656e+00
-9.778549201196096163e-02  -1.781153346529332104e+00  2.265822124683500860e+00  -1.888858222205666237e+00  -1.819811469407041749e+00  -3.128512983381442236e+00  1.484446048736572266e+00
-7.963805767338705266e-02  -1.772690183158969646e+00  2.257113631023152323e+00  -1.893116482328416339e+00  -1.804864438688092321e+00  -3.119488499498892509e+00  1.521796941757202148e+00
-5.481479014494894386e-02  -1.759358382724643732e+00  2.243414892466514488e+00  -1.900766127801567507e+00  -1.782582303216904585e+00  -3.107166213087742435e+00  1.568804979324340820e+00
-3.595196100261155436e-02  -1.747479357099381403e+00  2.231240337746651647e+00  -1.908213662712681113e+00  -1.764045128658130679e+00  -3.097801867620142424e+00  1.606255054473876953e+00
-1.847978893417412394e-02  -1.734865732595019416e+00  2.218338785306023908e+00  -1.916572600605167764e+00  -1.745718412313806311e+00  -3.089105365072442932e+00  1.646817922592163086e+00
-2.380670499423587216e-03  -1.721769319607631132e+00  2.204984223736426330e+00  -1.925590553023392104e+00  -1.727881149951793205e+00  -3.081056559718267973e+00  1.686042070388793945e+00
1.235478452933851806e-02  -1.708540926136718596e+00  2.191531951349226404e+00  -1.934986031450579347e+00  -1.710838494477030736e+00  -3.073703014999880523e+00  1.725528955459594727e+00
2.315753765320101992e-02  -1.698064109757106088e+00  2.180893776941861262e+00  -1.942595871211157288e+00  -1.697950270538581385e+00  -3.068301109328518184e+00  1.762212991714477539e+00
3.545254748643852233e-02  -1.685395190946455735e+00  2.168053325032927248e+00  -1.952025796393446200e+00  -1.683000880003369559e+00  -3.062163571637380510e+00  1.799741983413696289e+00
4.844077919122601744e-02  -1.671105810566081651e+00  2.153604993206688079e+00  -1.962929174762859219e+00  -1.666913306001082340e+00  -3.055680083839555472e+00  1.846200942993164062e+00
5.610639735241352427e-02  -1.662239644543019423e+00  2.144641574343761903e+00  -1.969836136639209201e+00  -1.657261368159069548e+00  -3.051862745940755239e+00  1.881919860839843750e+00
6.466104406362602197e-02  -1.651945836673307078e+00  2.134250715806260246e+00  -1.978031168643484605e+00  -1.646351407043331605e+00  -3.047597576752180348e+00  1.915360927581787109e+00
7.071648567182602096e-02  -1.644371335882245155e+00  2.126621528840036746e+00  -1.984160556318009583e+00  -1.638574233493069521e+00  -3.044572140410967798e+00  1.949508905410766602e+00
7.779013700172601742e-02  -1.635384001648945151e+00  2.117582976583712195e+00  -1.991448200972460114e+00  -1.629473357323781180e+00  -3.041030244789892478e+00  1.989537954330444336e+00
1.258383724316125551e-01  -1.565970019121174062e+00  2.048024003079157218e+00  -2.052951973035511912e+00  -1.570645987816281064e+00  -3.015771283212130172e+00  2.810937881469726562e+00
1.258103335164628689e-01  -1.566019722251148494e+00  2.048071110804557282e+00  -2.052913518021500572e+00  -1.570700790127403934e+00  -3.015796804109054818e+00  2.863455057144165039e+00
1.257995896265375890e-01  -1.566032656058947481e+00  2.048086576836007477e+00  -2.052892326796401434e+00  -1.570719099934677843e+00  -3.015811560792480250e+00  2.889874935150146484e+00
1.256055816601753250e-01  -1.565790604489271765e+00  2.047800518048658702e+00  -2.052855056995403160e+00  -1.570744351251228466e+00  -3.016016581889893189e+00  2.917383909225463867e+00
1.250426304670009259e-01  -1.564999972023559671e+00  2.046878479377722826e+00  -2.052714910002816140e+00  -1.570759870463401597e+00  -3.016639754984918653e+00  2.943095922470092773e+00
1.235262011369258062e-01  -1.562836476134422448e+00  2.044344041168407955e+00  -2.052351514760165863e+00  -1.570768232003690201e+00  -3.018251989328032181e+00  2.978528022766113281e+00
1.203406442842638313e-01  -1.558293974832797524e+00  2.039030926939894073e+00  -2.051641324920828957e+00  -1.570769787188977418e+00  -3.021522189952481341e+00  3.015297889709472656e+00
1.168383869557505506e-01  -1.553326453842522881e+00  2.033183356979780143e+00  -2.050889829491178595e+00  -1.570769968099289926e+00  -3.025062394896544049e+00  3.046746969223022461e+00
1.126078336977132111e-01  -1.547335534490823505e+00  2.026100950682266699e+00  -2.050039284550703833e+00  -1.570769194602329222e+00  -3.029292312824480859e+00  3.082418918609619141e+00
1.077888529263999473e-01  -1.540501166644248521e+00  2.017973983715794617e+00  -2.049110487021678750e+00  -1.570767026717752479e+00  -3.034069214576767592e+00  3.111499071121215820e+00
1.025087387002878714e-01  -1.532942447851523227e+00  2.008962804105355104e+00  -2.048066205675116436e+00  -1.570762710641014692e+00  -3.039296811040706814e+00  3.139885902404785156e+00
9.688702759345080295e-02  -1.524796767781235296e+00  1.999234724413780029e+00  -2.046934116023665595e+00  -1.570757240500352481e+00  -3.044865335254195671e+00  3.172669887542724609e+00
9.103926009872598257e-02  -1.516208924580547901e+00  1.989000391523205735e+00  -2.045734944514265408e+00  -1.570749596111514990e+00  -3.050666654930093813e+00  3.206456899642944336e+00
8.653731577912537887e-02  -1.509548543488897998e+00  1.981058836398258194e+00  -2.044806741426665297e+00  -1.570741681975665216e+00  -3.055136800845218659e+00  3.234834909439086914e+00
7.892436545680059368e-02  -1.498238546933060356e+00  1.967558075462543243e+00  -2.043232905785252740e+00  -1.570726786139528208e+00  -3.062682260992506400e+00  3.269095897674560547e+00
7.282746070232537505e-02  -1.489110548725935068e+00  1.956697241343377414e+00  -2.041965635987840422e+00  -1.570716849285953565e+00  -3.068711002182569203e+00  3.300579071044921875e+00
6.830213916121241624e-02  -1.482256915132373010e+00  1.948582269486003327e+00  -2.041005512543090816e+00  -1.570704685504790810e+00  -3.073187418268332749e+00  3.328291893005371094e+00
6.239648154519983336e-02  -1.473207364823448273e+00  1.937855205940167025e+00  -2.039753818750278391e+00  -1.570690547101666112e+00  -3.079048688482906471e+00  3.360190868377685547e+00
5.525646847673737483e-02  -1.462082872712298531e+00  1.924673739342939172e+00  -2.038236078529777728e+00  -1.570679189015342203e+00  -3.086144203351267379e+00  3.395124912261962891e+00
5.112156846464976923e-02  -1.455539340395524128e+00  1.916954277337877599e+00  -2.037360128115065727e+00  -1.570673182139117330e+00  -3.090241439929018341e+00  3.422307968139648438e+00
4.581255718959997836e-02  -1.447048775907362028e+00  1.906949049750362946e+00  -2.036208652828439547e+00  -1.570665863524868477e+00  -3.095493936488470155e+00  3.458355903625488281e+00
3.957057237020045193e-02  -1.436906265767299296e+00  1.895051306933826396e+00  -2.034839910755801284e+00  -1.570656928051743506e+00  -3.101685235557056330e+00  3.496800899505615234e+00
3.493631550561371313e-02  -1.429255327650862384e+00  1.886144558146963135e+00  -2.033799440653626611e+00  -1.570652937612281086e+00  -3.106313074051183065e+00  3.525707006454467773e+00
2.962835892835169460e-02  -1.420336381015849803e+00  1.875816770794759947e+00  -2.032576293888213925e+00  -1.570648739752780187e+00  -3.111623374502467954e+00  3.568168878555297852e+00
2.393216105231399382e-02  -1.410579181864462406e+00  1.864606120196885541e+00  -2.031269254649527234e+00  -1.570644065145542889e+00  -3.117299941237968497e+00  3.616561889648437500e+00
2.051447895856384207e-02  -1.404640543586925361e+00  1.857839270504822338e+00  -2.030503483890626626e+00  -1.570642630691081010e+00  -3.120686270766430681e+00  3.645324945449829102e+00
1.738296606453904047e-02  -1.399120315325862229e+00  1.851618617138374390e+00  -2.029785839549677284e+00  -1.570643159003481060e+00  -3.123782329617595721e+00  3.677160024642944336e+00
1.374339118776291002e-02  -1.392637987508350328e+00  1.844377786265136265e+00  -2.028963555100451899e+00  -1.570642151151281141e+00  -3.127368499540720492e+00  3.716827869415283203e+00
-1.673133129929205154e-02  -1.337386754069449069e+00  1.786551462434049498e+00  -2.019928560869537648e+00  -1.570813676560765870e+00  -3.158343366330572888e+00  4.523720026016235352e+00
-1.670749761349199503e-02  -1.337413722364658497e+00  1.786582279599286949e+00  -2.019953889829686489e+00  -1.570809955461403007e+00  -3.158319093851435611e+00  4.565708875656127930e+00
-1.669906613486737967e-02  -1.337425388047297048e+00  1.786594569533062060e+00  -2.019968649871049848e+00  -1.570806677011227670e+00  -3.158306597808248295e+00  4.594652891159057617e+00
-1.639645209564299932e-02  -1.337732087734583075e+00  1.786891303580399493e+00  -2.019999079207735804e+00  -1.570799171333915112e+00  -3.158005976248161151e+00  4.625746011734008789e+00
-1.441647338894291863e-02  -1.339731931392169173e+00  1.788772320904624680e+00  -2.020111424798699318e+00  -1.570774509372790284e+00  -3.155941931634398845e+00  4.663699865341186523e+00
-9.999278740843386970e-03  -1.344192142216421360e+00  1.792982564056062156e+00  -2.020356289085285084e+00  -1.570728848433677882e+00  -3.151286539855036484e+00  4.703629016876220703e+00
-3.177091020117650544e-03  -1.351105895978360394e+00  1.799528467764474726e+00  -2.020740035237881926e+00  -1.570658222891427869e+00  -3.144057787795586645e+00  4.741800069808959961e+00
5.696486912944520933e-03  -1.360179727274148931e+00  1.808138730810474826e+00  -2.021264820777755489e+00  -1.570569695834102220e+00  -3.134662136504661412e+00  4.780440092086791992e+00
1.401020818258202037e-02  -1.368786497413712056e+00  1.816332240800299980e+00  -2.021755574990793392e+00  -1.570495124022114553e+00  -3.125880322773749054e+00  4.816066980361938477e+00
2.325717657488202139e-02  -1.378459415377051300e+00  1.825572058091537553e+00  -2.022304862137943360e+00  -1.570428047791065040e+00  -3.116176257297811336e+00  4.850135087966918945e+00
3.330954587080701967e-02  -1.389053202764626960e+00  1.835751860917524958e+00  -2.022897100063154596e+00  -1.570361391274128771e+00  -3.105709551088336351e+00  4.877731084823608398e+00
4.402888725558201655e-02  -1.400422760059827354e+00  1.846759802026050057e+00  -2.023521763004193730e+00  -1.570285379545827809e+00  -3.094615853232811187e+00  4.909867048263549805e+00
5.527053618071951085e-02  -1.412419144001013649e+00  1.858452525237675346e+00  -2.024137777547355910e+00  -1.570194462636315791e+00  -3.083046166368636598e+00  4.944823980331420898e+00
6.689445877704450205e-02  -1.424887011406589465e+00  1.870688874912162847e+00  -2.024738687533631065e+00  -1.570023195189690135e+00  -3.071164157804123551e+00  4.978772878646850586e+00
8.177298437220699434e-02  -1.440965957586637813e+00  1.886594636958650373e+00  -2.025433113201483337e+00  -1.569759430941690681e+00  -3.056005543856874063e+00  5.014220952987670898e+00
9.687240772974449465e-02  -1.457417278827662699e+00  1.902986578207737978e+00  -2.026109456135735343e+00  -1.569569186333253263e+00  -3.040694512139423544e+00  5.052036046981811523e+00
1.089550659864570031e-01  -1.470695574590951793e+00  1.916285132773175359e+00  -2.026630653606435573e+00  -1.569484694476114939e+00  -3.028474838909723132e+00  5.084503889083862305e+00
1.179503892900820028e-01  -1.480689504677378920e+00  1.926331367217162915e+00  -2.027035053900785755e+00  -1.569510691387215218e+00  -3.019398894520235910e+00  5.114594936370849609e+00
1.298666957125819976e-01  -1.494105745545489583e+00  1.939857220841612717e+00  -2.027594246813386292e+00  -1.569585349295151033e+00  -3.007411662330261137e+00  5.144602060317993164e+00
1.416396966337445107e-01  -1.507612326604501618e+00  1.953494156477375121e+00  -2.028182001399521539e+00  -1.569677273515214466e+00  -2.995597205608186542e+00  5.173516988754272461e+00
1.532392362421695076e-01  -1.521161428847564778e+00  1.967203461740150150e+00  -2.028775686661395738e+00  -1.569842639940365103e+00  -2.983989949173723844e+00  5.204143047332763672e+00
1.617462114250570182e-01  -1.531241649401000160e+00  1.977423877890325254e+00  -2.029201497573433599e+00  -1.569962982982852751e+00  -2.975516100710186684e+00  5.233721017837524414e+00
1.754012246103320294e-01  -1.547681722527833870e+00  1.994123683595025343e+00  -2.029904404874983470e+00  -1.570082756837003046e+00  -2.961927839094736559e+00  5.269397020339965820e+00
1.857363943119570426e-01  -1.560328996970882898e+00  2.007024555377100672e+00  -2.030388549037471790e+00  -1.570111418442841966e+00  -2.951688064803161815e+00  5.306896924972534180e+00
1.955749386186945160e-01  -1.572539934919944926e+00  2.019502460766501084e+00  -2.030832879556122350e+00  -1.570101954686242252e+00  -2.941968041500349518e+00  5.338876008987426758e+00
2.071643916480319925e-01  -1.587156652434870807e+00  2.034510278326326471e+00  -2.031384955803936521e+00  -1.570024153051517324e+00  -2.930517052619749929e+00  5.373419046401977539e+00
2.180337193952569808e-01  -1.601101876553045145e+00  2.048929502399926328e+00  -2.031931668171022665e+00  -1.569809764635467175e+00  -2.919792596099837656e+00  5.411499977111816406e+00
2.262086939387694673e-01  -1.611767683776982096e+00  2.060047829944651632e+00  -2.032362038720748387e+00  -1.569647154251279986e+00  -2.911733292169687459e+00  5.444936037063598633e+00
2.339045387815819610e-01  -1.621939209053969932e+00  2.070788436088401685e+00  -2.032783443661813294e+00  -1.569456930159029540e+00  -2.904157062539674872e+00  5.477957963943481445e+00
2.428666950449569484e-01  -1.633943154001370246e+00  2.083627185606677035e+00  -2.033291427598015844e+00  -1.569214745038929770e+00  -2.895380064371374296e+00  5.516217947006225586e+00
2.494801938028694543e-01  -1.642900484131459393e+00  2.093315969162577339e+00  -2.033649532848791353e+00  -1.569051488986791476e+00  -2.888946187094736828e+00  5.550591945648193359e+00
2.555661209732819628e-01  -1.651243355938033730e+00  2.102417717941664765e+00  -2.033970732053191455e+00  -1.568889805623816081e+00  -2.883035905397786536e+00  5.584038019180297852e+00
2.637669982565945537e-01  -1.662639752600032494e+00  2.114973237851614396e+00  -2.034454205975302798e+00  -1.568697677065564733e+00  -2.875117970125049105e+00  5.630918025970458984e+00
2.686640059670945546e-01  -1.669513101723659076e+00  2.122638691369664432e+00  -2.034776969862251761e+00  -1.568559782198227559e+00  -2.870423609740237136e+00  5.666065931320190430e+00
2.741803430144946208e-01  -1.677331058302733879e+00  2.131445250507239653e+00  -2.035202298873686644e+00  -1.568389342216726767e+00  -2.865153501715961948e+00  5.701416969299316406e+00
2.781307814212821139e-01  -1.682990823278169401e+00  2.137876971311414742e+00  -2.035552397150148352e+00  -1.568297269026676766e+00  -2.861384860304962086e+00  5.735372066497802734e+00
2.826659794246946245e-01  -1.689553867011543531e+00  2.145373886783314532e+00  -2.035990160051460052e+00  -1.568317417095990152e+00  -2.857069906905574275e+00  5.773721933364868164e+00
3.174348502398940397e-01  -1.742847652581845708e+00  2.207011391432359915e+00  -2.034914750454754895e+00  -1.570839680541392447e+00  -2.824140787021999000e+00  6.593098878860473633e+00
3.174000625605684078e-01  -1.742791216339971250e+00  2.206942526471182831e+00  -2.034931300307206925e+00  -1.570817857581582544e+00  -2.824179927757498820e+00  6.668596982955932617e+00
3.187866406329177837e-01  -1.742704559106595497e+00  2.205695401773629882e+00  -2.037545032761745034e+00  -1.562762877239920023e+00  -2.829378707196223530e+00  6.757531881332397461e+00
3.250764874489301959e-01  -1.742343013432968490e+00  2.199789665842068587e+00  -2.046184685155294503e+00  -1.532354101388206935e+00  -2.853857362428348310e+00  6.834317922592163086e+00
3.362424565326051495e-01  -1.743191609771731265e+00  2.194204275014008942e+00  -2.043463531204944061e+00  -1.517765548558307032e+00  -2.883305996040011365e+00  6.890542984008789062e+00
3.463601290404800803e-01  -1.745310692751193216e+00  2.188578318501257058e+00  -2.032829421129319414e+00  -1.520566741992908533e+00  -2.916732852364212647e+00  6.941297054290771484e+00
3.488267709699801600e-01  -1.748998639433782643e+00  2.181116465782420022e+00  -2.016709853194506685e+00  -1.540570570423408725e+00  -2.962448519988271300e+00  7.018620014190673828e+00
3.305381717885298443e-01  -1.752702283106835068e+00  2.171614927674259121e+00  -1.991253243072458545e+00  -1.571789319140421526e+00  -3.017349059774595332e+00  7.099143028259277344e+00
2.989959430399542484e-01  -1.754537172668708678e+00  2.161823356530533147e+00  -1.966962619160595338e+00  -1.598863558015022335e+00  -3.062371034201682107e+00  7.156111955642700195e+00
2.581294863233170034e-01  -1.753704409338056713e+00  2.146029420736294213e+00  -1.943624754972633539e+00  -1.623589199629261515e+00  -3.106883088857829378e+00  7.222568035125732422e+00
2.179197327826791764e-01  -1.746841993343619670e+00  2.123407971551618090e+00  -1.918855305796646427e+00  -1.637177613310949909e+00  -3.152277022271100293e+00  7.286006927490234375e+00
1.865422482921914593e-01  -1.736351508657895337e+00  2.100580825024593423e+00  -1.894535722805459343e+00  -1.636796414661336740e+00  -3.192676210959637828e+00  7.343364953994750977e+00
1.611982074615028182e-01  -1.724253084690757554e+00  2.078780793269103810e+00  -1.872868843518020299e+00  -1.630761087352686545e+00  -3.227227442754212916e+00  7.391653060913085938e+00
1.310837412358907272e-01  -1.706148631419170059e+00  2.049733381139120070e+00  -1.848090697314507480e+00  -1.620038134137674390e+00  -3.267318851926425793e+00  7.444519996643066406e+00
1.025420842565898383e-01  -1.686563988516208923e+00  2.020843726997121337e+00  -1.827117873936182413e+00  -1.612909712409386742e+00  -3.301894654239298177e+00  7.491293907165527344e+00
7.039301489310201276e-02  -1.663053940508759432e+00  1.988093563599708347e+00  -1.806247479426683178e+00  -1.607981891190249257e+00  -3.336698770318008656e+00  7.544475078582763672e+00
2.294375403626425225e-02  -1.626767118036158699e+00  1.939801419612882327e+00  -1.779096438186219764e+00  -1.599494907957625500e+00  -3.382970240200668499e+00  7.603641033172607422e+00
-2.048200689356072246e-02  -1.592158330594483751e+00  1.895421307714542536e+00  -1.756250551001469873e+00  -1.593583003669200693e+00  -3.422786369625130831e+00  7.661771059036254883e+00
-5.728791377303465993e-02  -1.561846471925496083e+00  1.857494933491917521e+00  -1.737609731871345708e+00  -1.592093308723763201e+00  -3.455895346896431519e+00  7.714372873306274414e+00
-1.222613049632492732e-01  -1.511517917559620727e+00  1.796168879168995147e+00  -1.709249851576821300e+00  -1.595425901153074477e+00  -3.508391428623919950e+00  7.794990062713623047e+00
-1.649977033387628467e-01  -1.481480543401670680e+00  1.760596276472245592e+00  -1.694370338091871098e+00  -1.599472397729709172e+00  -3.538050557454857525e+00  7.842686891555786133e+00
-2.540432241234356070e-01  -1.420961867392082745e+00  1.691376952896507468e+00  -1.672023677735109182e+00  -1.609340121465461237e+00  -3.592278353739384755e+00  7.931737899780273438e+00
-3.133682443694993935e-01  -1.379579134731270251e+00  1.645756440681420685e+00  -1.663978245027358582e+00  -1.615722340828160242e+00  -3.624768319112749992e+00  7.999727964401245117e+00
-3.836547533862102455e-01  -1.343071866327920638e+00  1.605373220754946040e+00  -1.651734870735372063e+00  -1.628074822809550071e+00  -3.656994803362213275e+00  8.068136930465698242e+00
-4.461208216175123198e-01  -1.318181541434945814e+00  1.577881824317508119e+00  -1.639546767130296345e+00  -1.642499748543500004e+00  -3.682050693482599613e+00  8.133347988128662109e+00
-4.823240662476866447e-01  -1.302605056788170401e+00  1.561101678984058161e+00  -1.634557334060609435e+00  -1.650847055094285309e+00  -3.696345730300436117e+00  8.175504922866821289e+00
-5.211385519148237222e-01  -1.282201217013695604e+00  1.539631568203931877e+00  -1.632644299119633935e+00  -1.658317829520157716e+00  -3.712369558914137002e+00  8.226530075073242188e+00
-5.496923154084001339e-01  -1.263799886182357390e+00  1.520676285439069630e+00  -1.634090859578346766e+00  -1.662178620746505686e+00  -3.724973716502525178e+00  8.262482881546020508e+00
-5.751767596966530505e-01  -1.244603153723718769e+00  1.501166727320019767e+00  -1.637701463712545547e+00  -1.664239399464030100e+00  -3.736962488874299382e+00  8.301264047622680664e+00
-5.977937674090547659e-01  -1.225136875968519057e+00  1.481525558414932497e+00  -1.642981596383631171e+00  -1.664813237951968006e+00  -3.748311760812423898e+00  8.340942859649658203e+00
-6.176974666978303219e-01  -1.205794074644181535e+00  1.462128675828182622e+00  -1.649557164565557343e+00  -1.664167920834041858e+00  -3.758906462378888591e+00  8.384788990020751953e+00
-6.318121619627934393e-01  -1.190523494711632324e+00  1.446886799014944103e+00  -1.655469067505645597e+00  -1.662914473664141468e+00  -3.766858753253298886e+00  8.418210029602050781e+00
-6.531307763011291456e-01  -1.164002712580595400e+00  1.420555367178994111e+00  -1.666726252218859727e+00  -1.659351044765966954e+00  -3.779788021812109378e+00  8.469543933868408203e+00
-6.660271656612266611e-01  -1.145338401174095466e+00  1.402100724595269021e+00  -1.675308945276183792e+00  -1.655963498889141405e+00  -3.788311461519707990e+00  8.514740943908691406e+00
-6.772178825473122998e-01  -1.127062759909020606e+00  1.384088777959356698e+00  -1.684323992493933275e+00  -1.652096870435302733e+00  -3.796284126769918998e+00  8.548660039901733398e+00
-6.868881754764011305e-01  -1.109410780350070347e+00  1.366700527250218400e+00  -1.693773040633509197e+00  -1.647924969148927055e+00  -3.803677102658170384e+00  8.590317010879516602e+00
-6.951375015358252085e-01  -1.092585427602995374e+00  1.350127868114506136e+00  -1.703500671296822588e+00  -1.643581037581702375e+00  -3.810490132009983100e+00  8.630486011505126953e+00
-7.008107990181393632e-01  -1.079860579140257570e+00  1.337596249912593294e+00  -1.711343438279087081e+00  -1.640047150322327951e+00  -3.815522920882607139e+00  8.664985895156860352e+00
-7.068823734563629557e-01  -1.064993591196994771e+00  1.322957581392842918e+00  -1.721067030432248401e+00  -1.635617284174977648e+00  -3.821295855000972352e+00  8.704216003417968750e+00
-7.128020100618357446e-01  -1.048863607556781652e+00  1.307044981763993086e+00  -1.732346729231071691e+00  -1.630442088846577597e+00  -3.827446718311197316e+00  8.749749898910522461e+00
-7.167952774197523524e-01  -1.036850107541019028e+00  1.295180990597730286e+00  -1.741277139499320725e+00  -1.626348116408115274e+00  -3.831934781112810384e+00  8.794216871261596680e+00
-7.201002106923244384e-01  -1.026059107517180990e+00  1.284516385676130135e+00  -1.749712386688621280e+00  -1.622504978447953938e+00  -3.835900640058760303e+00  8.830726861953735352e+00
-7.228349834242493444e-01  -1.016388249047541770e+00  1.274984582781467424e+00  -1.757602393487633918e+00  -1.618927028962866999e+00  -3.839383444494561815e+00  8.868555068969726562e+00
-7.256759648094259774e-01  -1.005827755451492500e+00  1.264546085032717926e+00  -1.766525675389186034e+00  -1.614879257424492565e+00  -3.843166245969225514e+00  8.916476011276245117e+00
-7.277651277179622014e-01  -9.418692286186889362e-01  1.201054997626003429e+00  -1.830160759674576809e+00  -1.570643412587072518e+00  -3.869455985534009379e+00  9.723456859588623047e+00
-7.277762566722234538e-01  -9.419289973653253156e-01  1.201117331801641264e+00  -1.830094657038701556e+00  -1.570719283206510219e+00  -3.869423526715934702e+00  9.807714939117431641e+00
-7.290867383917714051e-01  -9.451561586057355413e-01  1.204590076407641375e+00  -1.828822319049664635e+00  -1.574882226257432905e+00  -3.866960330852909244e+00  9.887028932571411133e+00
-7.356696728131222329e-01  -9.650586850387217197e-01  1.226022644824303898e+00  -1.821470098027964113e+00  -1.598357922800607511e+00  -3.851919619997409949e+00  9.950021982192993164e+00
-7.392107430338707985e-01  -1.023092764232959695e+00  1.289518372767316512e+00  -1.802494000311687827e+00  -1.651045267622183843e+00  -3.809510628132547261e+00  1.004485702514648438e+01
-7.340418637279713110e-01  -1.058567027039972075e+00  1.328773169343441696e+00  -1.789872728152812620e+00  -1.675115671195460010e+00  -3.784492552634509455e+00  1.009760594367980957e+01
-7.182742099112457979e-01  -1.122043944160886042e+00  1.399435699222679297e+00  -1.766505903627651364e+00  -1.707332008320275207e+00  -3.742315501071247663e+00  1.017594289779663086e+01
-6.927147319629201050e-01  -1.189687917448289056e+00  1.477560470704029294e+00  -1.754608048284840294e+00  -1.737577264974989433e+00  -3.689466057871710447e+00  1.027368688583374023e+01
-6.857113256494580256e-01  -1.240135848828018084e+00  1.544217457757341760e+00  -1.768235330310226061e+00  -1.791164585475025106e+00  -3.630019586335573312e+00  1.037131094932556152e+01
-6.775594557712327770e-01  -1.293330888631466280e+00  1.607998892233979404e+00  -1.758610881636313295e+00  -1.823305707356302818e+00  -3.592048586368611574e+00  1.044374704360961914e+01
-6.611107072678086283e-01  -1.361926925905617480e+00  1.687134157790504352e+00  -1.738125648148288072e+00  -1.861149503755390455e+00  -3.552476748330947842e+00  1.052453494071960449e+01
-6.544194808408461128e-01  -1.405240595731868325e+00  1.737903063194829345e+00  -1.728928763012175907e+00  -1.890138064734276924e+00  -3.525733603605385458e+00  1.058335804939270020e+01
-6.530048365616103467e-01  -1.452379912927856509e+00  1.793675677782529121e+00  -1.720827008159438343e+00  -1.920873387685151812e+00  -3.496286421603360672e+00  1.064609503746032715e+01
-6.537279903327615216e-01  -1.487732233672579341e+00  1.835456038483878949e+00  -1.714677577257362806e+00  -1.939213659092652975e+00  -3.475067779334985563e+00  1.069538187980651855e+01
-6.541305853069960818e-01  -1.523176876937132107e+00  1.877270180872829153e+00  -1.708621824723350890e+00  -1.953326269245566849e+00  -3.454543518724647377e+00  1.073952698707580566e+01
-6.532944025211460115e-01  -1.564305877015069512e+00  1.925750234841866693e+00  -1.702123839444738884e+00  -1.966015896798230855e+00  -3.431425640107272468e+00  1.079499888420104980e+01
-6.509252823195588178e-01  -1.598915450881055023e+00  1.966609663920979356e+00  -1.697276811376238648e+00  -1.974381345765808149e+00  -3.412372010035660264e+00  1.084607291221618652e+01
-6.465301441238215929e-01  -1.632438226020990868e+00  2.006316198429954234e+00  -1.693384022603889427e+00  -1.981150802064131966e+00  -3.394100184253860508e+00  1.089772605895996094e+01
-6.400047063977725159e-01  -1.664446834420044041e+00  2.044402106610154757e+00  -1.690640147304939056e+00  -1.986689411575056852e+00  -3.376740691462710053e+00  1.093909096717834473e+01
-6.330525542851477283e-01  -1.689791375700620435e+00  2.074670067689092789e+00  -1.689259147519439175e+00  -1.990356963959971637e+00  -3.363022540638572977e+00  1.098573899269104004e+01
-6.213071235615732490e-01  -1.722965847014647167e+00  2.114580983188592445e+00  -1.688701497260677087e+00  -1.993866041117257737e+00  -3.344971054434572988e+00  1.103569602966308594e+01
-6.095904277146599881e-01  -1.749041777939009279e+00  2.146374618342404617e+00  -1.689520269097936733e+00  -1.995175051027946012e+00  -3.330597224460323247e+00  1.108380699157714844e+01
-5.987249924837341197e-01  -1.769010772537271237e+00  2.171052936561591817e+00  -1.691201553946909186e+00  -1.994913091118770687e+00  -3.319438978505548032e+00  1.112520599365234375e+01
-5.868643016318850769e-01  -1.787344188776048171e+00  2.194031727319341929e+00  -1.693854106920410274e+00  -1.993318331010021538e+00  -3.309007433532598075e+00  1.116949200630187988e+01
-5.686619002028221459e-01  -1.810198962939473688e+00  2.223181893479279747e+00  -1.699212305303596793e+00  -1.988667612685107500e+00  -3.295601120992210031e+00  1.122491908073425293e+01
-5.458145543249228737e-01  -1.832141302012459505e+00  2.251906668918329579e+00  -1.707556057263783345e+00  -1.979920641949044047e+00  -3.281988223147347394e+00  1.128705000877380371e+01
-5.240502748777098319e-01  -1.847522016890284391e+00  2.272813136869304529e+00  -1.716727663505583479e+00  -1.969133780456943761e+00  -3.271585735352497526e+00  1.134194207191467285e+01
-5.023983792456103714e-01  -1.857452813428071892e+00  2.287161079280654707e+00  -1.726449082450846717e+00  -1.956259349904519773e+00  -3.263728778508359518e+00  1.139073204994201660e+01
-4.727272911244853049e-01  -1.864507963821509406e+00  2.299147402366529924e+00  -1.740801277832810356e+00  -1.936689775459532470e+00  -3.255705932499572075e+00  1.144928097724914551e+01
-4.492639795396486946e-01  -1.866570642080048970e+00  2.304594837964080156e+00  -1.752946340477258502e+00  -1.920290451175694635e+00  -3.250637057523697138e+00  1.149039387702941895e+01
-4.144556674633248505e-01  -1.865822765972464659e+00  2.308300455019092201e+00  -1.771874626863834123e+00  -1.894828394840270214e+00  -3.244431496901021728e+00  1.154058599472045898e+01
-3.888847929169125806e-01  -1.863108569906664513e+00  2.308500837537479811e+00  -1.786217714650870647e+00  -1.875144968876358398e+00  -3.240615728313534838e+00  1.158176708221435547e+01
-3.581346897315746958e-01  -1.857924695752339872e+00  2.306503676348869547e+00  -1.803905566854121290e+00  -1.850212493136845993e+00  -3.236639235344672461e+00  1.163001608848571777e+01
-3.327474433686132826e-01  -1.852258840041915100e+00  2.303217939941305303e+00  -1.818762858207975341e+00  -1.828541732534209707e+00  -3.233760675686285335e+00  1.167397689819335938e+01
-3.029942984162010688e-01  -1.844097401431477934e+00  2.297685551590189945e+00  -1.837008114262037139e+00  -1.801967327761459181e+00  -3.230728598285522946e+00  1.172115802764892578e+01
-2.791676175574879792e-01  -1.836277411609927412e+00  2.291942958584591850e+00  -1.852647547283812202e+00  -1.779865799000271309e+00  -3.228528608906772845e+00  1.175706005096435547e+01
-2.609226517851501725e-01  -1.829462397850265098e+00  2.286723011635366731e+00  -1.865309584793937603e+00  -1.762485051186059692e+00  -3.226964555924197953e+00  1.179090690612792969e+01
-2.394030991158002664e-01  -1.820467561249214938e+00  2.279619683740117253e+00  -1.880967971850736831e+00  -1.741589461860209020e+00  -3.225222837648022534e+00  1.182710886001586914e+01
-2.233671168393254192e-01  -1.813062176461389896e+00  2.273646995685467687e+00  -1.893207224487451157e+00  -1.725737827917072309e+00  -3.223996483310972661e+00  1.186051988601684570e+01
-2.084403875277756057e-01  -1.805636688840753123e+00  2.267559701974903419e+00  -1.905046712337078674e+00  -1.710780387132972535e+00  -3.222900490864797352e+00  1.189194488525390625e+01
-1.947071225333010247e-01  -1.798325246847690906e+00  2.261497337706918742e+00  -1.916339039172978431e+00  -1.696849567259710589e+00  -3.221924938613122347e+00  1.192764687538146973e+01
-1.792430306407757357e-01  -1.789567746896291389e+00  2.254109346026142546e+00  -1.929500546246913473e+00  -1.681039120251047514e+00  -3.220874351657172063e+00  1.196869087219238281e+01
-1.655975531839262160e-01  -1.781295608523103979e+00  2.247035254130079096e+00  -1.941504661596537673e+00  -1.666996319690847272e+00  -3.219973430007146753e+00  1.200525307655334473e+01
-1.558626953874400201e-01  -1.775020927880679444e+00  2.241616865377878298e+00  -1.950336993761489168e+00  -1.656900406094434786e+00  -3.219362057825772006e+00  1.204089593887329102e+01
-1.450731928942410320e-01  -1.767635724232241579e+00  2.235177886509825740e+00  -1.960473427077900510e+00  -1.645613700638859811e+00  -3.218678616245258972e+00  1.207693600654602051e+01
-1.374439565468916769e-01  -1.762126230026590967e+00  2.230334577788465111e+00  -1.967867790870261757e+00  -1.637624889178546539e+00  -3.218180561172734322e+00  1.210980200767517090e+01
-1.304708649366537188e-01  -1.756933451064979224e+00  2.225739258912840413e+00  -1.974736964132924655e+00  -1.630329316493796199e+00  -3.217762474648534710e+00  1.214242601394653320e+01
-7.393249866202111775e-02  -1.698054823956855586e+00  2.170245091596473053e+00  -2.043141627626944512e+00  -1.570626238784713635e+00  -3.215643456210771411e+00  1.295419597625732422e+01
-7.398492634009556923e-02  -1.698104822867065877e+00  2.170293952614273270e+00  -2.043079763005620109e+00  -1.570688177939425501e+00  -3.215647567005959218e+00  1.301288890838623047e+01
-7.400158826107094967e-02  -1.698111914812289847e+00  2.170295792094011134e+00  -2.043058199914669970e+00  -1.570710553674839360e+00  -3.215654807614569677e+00  1.304193186759948730e+01
-7.416996254848484682e-02  -1.697472122519101845e+00  2.169601435468372586e+00  -2.043004236822932640e+00  -1.570733576121291719e+00  -3.215813683386045341e+00  1.307304406166076660e+01
-7.494379169030906951e-02  -1.694239415309376717e+00  2.166165415345407297e+00  -2.042844324025106850e+00  -1.570734920937942647e+00  -3.216561511558506226e+00  1.311288595199584961e+01
-7.647324802682220479e-02  -1.687909872110438414e+00  2.159519937267795342e+00  -2.042563379366656662e+00  -1.570733784818592937e+00  -3.218088999121043514e+00  1.315202498435974121e+01
-7.869146989840913875e-02  -1.678690155771751513e+00  2.149918808475394627e+00  -2.042167607321744072e+00  -1.570725830914280863e+00  -3.220276431501156722e+00  1.319227600097656250e+01
-8.144787313285917207e-02  -1.666930356795751855e+00  2.137673458082133493e+00  -2.041637000093631471e+00  -1.570719210395255416e+00  -3.223022484652631192e+00  1.322800087928771973e+01
-8.330457270174740358e-02  -1.658796069885264401e+00  2.129160193887496888e+00  -2.041288629782118669e+00  -1.570713808312868665e+00  -3.224883438195856655e+00  1.325291204452514648e+01
-8.595210003282360844e-02  -1.646848352133026161e+00  2.116580330633009766e+00  -2.040773193468718105e+00  -1.570704374014280980e+00  -3.227536628762969428e+00  1.328693509101867676e+01
-8.947021682994638070e-02  -1.630501750548475570e+00  2.099283468596558677e+00  -2.040076983119269549e+00  -1.570689793049556471e+00  -3.231039632685817509e+00  1.332348108291625977e+01
-9.239278409445894624e-02  -1.616619679384349695e+00  2.084486218890944542e+00  -2.039464655280444738e+00  -1.570671847884620220e+00  -3.233934372797618195e+00  1.335579705238342285e+01
-9.462892952326029672e-02  -1.605890025018750222e+00  2.073017551638043798e+00  -2.038976853751394813e+00  -1.570659779431119674e+00  -3.236137274524292451e+00  1.338562107086181641e+01
-9.763695640094738337e-02  -1.591341809223075110e+00  2.057421661881004837e+00  -2.038291400458144942e+00  -1.570640830832233270e+00  -3.239107333146217016e+00  1.341203403472900391e+01
-1.006521743809578595e-01  -1.576671163959725952e+00  2.041669737651604422e+00  -2.037606259922332796e+00  -1.570620117792357107e+00  -3.242073236802379910e+00  1.344452786445617676e+01
-1.036424105196704915e-01  -1.562113530195564870e+00  2.026011624063816186e+00  -2.036916563712670047e+00  -1.570599829476369003e+00  -3.245012812225557042e+00  1.347954607009887695e+01
-1.072843380606833819e-01  -1.544280765696090185e+00  2.006858418620339535e+00  -2.036091517599345480e+00  -1.570580958980281494e+00  -3.248604168999992936e+00  1.351999902725219727e+01
-1.107799696701068370e-01  -1.526996060965802648e+00  1.988308548603189507e+00  -2.035329410821131724e+00  -1.570566967691981120e+00  -3.252055659340319593e+00  1.355759406089782715e+01
-1.134545457108444566e-01  -1.513680582046740497e+00  1.974053623715878558e+00  -2.034755251524981823e+00  -1.570557925906306274e+00  -3.254688705947282656e+00  1.358870196342468262e+01
-1.160002073647810050e-01  -1.500914576682740531e+00  1.960396698166018581e+00  -2.034193500163206991e+00  -1.570550484031032035e+00  -3.257206484874169305e+00  1.362180995941162109e+01
-1.217214531566970237e-01  -1.471818931774815375e+00  1.929488710586454658e+00  -2.032798552369769141e+00  -1.570563576896532254e+00  -3.262922536036503729e+00  1.370398306846618652e+01
-1.237284549863577610e-01  -1.461516939690403305e+00  1.918616280699016130e+00  -2.032305350572269020e+00  -1.570584483479045446e+00  -3.264934807358891078e+00  1.373572707176208496e+01
-1.260222624065718833e-01  -1.449774345668465081e+00  1.906278134167177285e+00  -2.031743210223419638e+00  -1.570612293113871516e+00  -3.267217843228841900e+00  1.377328991889953613e+01
-1.276740987098214930e-01  -1.441296151857053509e+00  1.897392746722527335e+00  -2.031326629767281844e+00  -1.570628127806806162e+00  -3.268845308416491235e+00  1.380472087860107422e+01
-1.291689913845210924e-01  -1.433577961908603093e+00  1.889340195067227057e+00  -2.030923929917170412e+00  -1.570645660624906625e+00  -3.270299207715879675e+00  1.383584904670715332e+01
-1.305456852346580376e-01  -1.426430020933915799e+00  1.881904866944388743e+00  -2.030517644264845600e+00  -1.570659088477682985e+00  -3.271637123662079816e+00  1.386976599693298340e+01
-1.455257219195473795e-01  -1.355590388055858853e+00  1.809651376223596175e+00  -2.024781669572651488e+00  -1.570758104994158799e+00  -3.287152243237883464e+00  1.469377088546752930e+01
-1.455170294072729575e-01  -1.355626931837349503e+00  1.809691801990033655e+00  -2.024813440333153025e+00  -1.570751667565833287e+00  -3.287141608664883474e+00  1.473576903343200684e+01
-1.455100123430099757e-01  -1.355644449217084713e+00  1.809709053078171204e+00  -2.024842677666839563e+00  -1.570740547378482788e+00  -3.287133015240633505e+00  1.476000595092773438e+01
-1.455034288612973015e-01  -1.356135083196761570e+00  1.810141782748358796e+00  -2.024821786279277447e+00  -1.570777320531856702e+00  -3.287120100992333871e+00  1.479038286209106445e+01
-1.454903170334098661e-01  -1.358435950455074703e+00  1.812124708249721161e+00  -2.024665502751188839e+00  -1.570829419850396036e+00  -3.287101725899271187e+00  1.481897902488708496e+01
-1.454690745007090058e-01  -1.364810779426886000e+00  1.817642342859208782e+00  -2.024211156078625784e+00  -1.570863461654532500e+00  -3.287054728003283799e+00  1.485978889465332031e+01
-1.454507736273589202e-01  -1.372817463350873624e+00  1.824567029072958757e+00  -2.023605433020000177e+00  -1.570801354926456561e+00  -3.287009746796984100e+00  1.489800190925598145e+01
-1.454183095216592392e-01  -1.386235136819896852e+00  1.836160858639108939e+00  -2.022556794335462094e+00  -1.570712710555344671e+00  -3.286911316199096600e+00  1.494009590148925781e+01
-1.453850351648711126e-01  -1.403037820639385203e+00  1.850639426424983691e+00  -2.021270664925749472e+00  -1.570618876492083871e+00  -3.286775035086896946e+00  1.497593688964843750e+01
-1.453485925955462221e-01  -1.418568974233686220e+00  1.864023507741333852e+00  -2.020038303280674796e+00  -1.570552842246883962e+00  -3.286612785524496871e+00  1.500949406623840332e+01
-1.452968625096078270e-01  -1.440159923462324798e+00  1.882594317391908856e+00  -2.018255306230424928e+00  -1.570395831348196047e+00  -3.286341674655547163e+00  1.504323792457580566e+01
-1.452644786428951562e-01  -1.454067930350699811e+00  1.894560300939333919e+00  -2.017074166483300068e+00  -1.570291916202095628e+00  -3.286158132656497255e+00  1.507385706901550293e+01
-1.452237805790446146e-01  -1.473506006432824478e+00  1.911276077956258979e+00  -2.015402639519987105e+00  -1.570124042696558142e+00  -3.285895058163796900e+00  1.510318398475646973e+01
-1.451769038266821354e-01  -1.493740570090436037e+00  1.928695202184446567e+00  -2.013639790517937733e+00  -1.569866113844082811e+00  -3.285616746213096739e+00  1.513670492172241211e+01
-1.451360630823694819e-01  -1.514540116413124693e+00  1.946647556203259022e+00  -2.011791556819274795e+00  -1.569614988165532132e+00  -3.285288718138234199e+00  1.516724395751953125e+01
-1.450938842910582949e-01  -1.535685138098237701e+00  1.964942806006533926e+00  -2.009883938995549180e+00  -1.569431232777994900e+00  -3.284891168550109430e+00  1.519909906387329102e+01
-1.450537701064202878e-01  -1.556940002244459720e+00  1.983385900363346499e+00  -2.007924575261286648e+00  -1.569267758817419534e+00  -3.284438867432046383e+00  1.522981786727905273e+01
-1.450107092951204990e-01  -1.578277165068859844e+00  2.001963296086346489e+00  -2.005927300279086722e+00  -1.569068843775519362e+00  -3.283985737158845897e+00  1.526283502578735352e+01
-1.449720581975446621e-01  -1.599724882343998900e+00  2.020682634202346950e+00  -2.003894824956649501e+00  -1.568820106731418917e+00  -3.283586888985246421e+00  1.529117798805236816e+01
-1.449395204220946809e-01  -1.621220846447034347e+00  2.039498809950834435e+00  -2.001842008295486863e+00  -1.568547017533019172e+00  -3.283240026115358923e+00  1.532514500617980957e+01
-1.449043986977818221e-01  -1.642666437085999576e+00  2.058309067949247062e+00  -1.999777469886987014e+00  -1.568286262595181668e+00  -3.282959475391021176e+00  1.535739898681640625e+01
-1.448688451236943564e-01  -1.669001156973848765e+00  2.081491146519159230e+00  -1.997213262937149736e+00  -1.568040862961056270e+00  -3.282697344084483770e+00  1.539647507667541504e+01
-1.448291224263815735e-01  -1.694450751053960147e+00  2.104047189950409624e+00  -1.994704063366274482e+00  -1.567927229120119392e+00  -3.282531190878108962e+00  1.543836903572082520e+01
-1.447945255629443650e-01  -1.713965071022535369e+00  2.121394566862784714e+00  -1.992728134054249978e+00  -1.567975200457979668e+00  -3.282451080921171549e+00  1.547397494316101074e+01
-1.447598155433196254e-01  -1.737316832263212873e+00  2.142226179556709464e+00  -1.990282936567148830e+00  -1.568165499411481534e+00  -3.282413541279471048e+00  1.550859093666076660e+01
-1.447356156360815049e-01  -1.755133467274525572e+00  2.158163748840672191e+00  -1.988348525462374283e+00  -1.568405015862445850e+00  -3.282399249328758817e+00  1.554345107078552246e+01
-1.447118082867442368e-01  -1.772188720258961681e+00  2.173446083674834828e+00  -1.986466587591211308e+00  -1.568684208648459588e+00  -3.282400285662234296e+00  1.557553887367248535e+01
-1.446928983192563578e-01  -1.788444581930423993e+00  2.188074883346972310e+00  -1.984630586585961254e+00  -1.568983084758409419e+00  -3.282430613488884319e+00  1.560940289497375488e+01
-1.446721264343810986e-01  -1.807613880617896740e+00  2.205378715908771881e+00  -1.982439307396748340e+00  -1.569367357760896198e+00  -3.282497904913698861e+00  1.564314389228820801e+01
-1.446629135889310191e-01  -1.821940985834070048e+00  2.218369551420834362e+00  -1.980766444373710300e+00  -1.569656157846143429e+00  -3.282575880418983516e+00  1.568150997161865234e+01
-1.446572996337307515e-01  -1.835287958887795057e+00  2.230506431371884091e+00  -1.979175732449060199e+00  -1.569874401738005076e+00  -3.282667867560586927e+00  1.570994901657104492e+01
-1.446529072603937038e-01  -1.850570749196121412e+00  2.244470217158371916e+00  -1.977311140722210148e+00  -1.570036762162107635e+00  -3.282791270681599372e+00  1.574875903129577637e+01
-1.446477532080567840e-01  -1.864221616514107893e+00  2.256982693341684332e+00  -1.975607849515609971e+00  -1.570079095730433139e+00  -3.282918687972124161e+00  1.579038190841674805e+01
-1.446429904699444435e-01  -1.874143229642458053e+00  2.266092093707121613e+00  -1.974361869217798215e+00  -1.570024560674669445e+00  -3.283019069471773577e+00  1.582444000244140625e+01
-1.446341738645937625e-01  -1.885371043152520798e+00  2.276449747680384217e+00  -1.972922854726298247e+00  -1.569881844567305507e+00  -3.283167072224660643e+00  1.586174106597900391e+01
-1.446258587217057467e-01  -1.895398514060394390e+00  2.285744878264284186e+00  -1.971610533343049809e+00  -1.569639584917542408e+00  -3.283314448939810504e+00  1.589883804321289062e+01
-1.446197163932811947e-01  -1.901006581375181526e+00  2.290962800550571554e+00  -1.970864869588599966e+00  -1.569507533546779854e+00  -3.283411133516398905e+00  1.592929196357727051e+01
-1.447530291519854018e-01  -1.973950980219790097e+00  2.360314318988990578e+00  -1.957080167570359741e+00  -1.570863327005698196e+00  -3.286335364922031044e+00  1.674592208862304688e+01
-1.447392856076961110e-01  -1.973876867763177501e+00  2.360226240187564883e+00  -1.957105944997085345e+00  -1.570805255974348391e+00  -3.286312396869041752e+00  1.683787703514099121e+01
-1.416153083461839657e-01  -1.973072769910889868e+00  2.358893270921264218e+00  -1.955578462794160366e+00  -1.566041052141210699e+00  -3.287716965332993624e+00  1.691299295425415039e+01
-1.207110108919575708e-01  -1.967069016504502166e+00  2.349008323108325413e+00  -1.943458038304861191e+00  -1.536369119948074236e+00  -3.298132725442531665e+00  1.698011302947998047e+01
-9.980131852309526153e-02  -1.961546139832914371e+00  2.338971787948079140e+00  -1.927016857734886734e+00  -1.519106129028599206e+00  -3.309554762330883193e+00  1.703328704833984375e+01
-7.602389943052045851e-02  -1.955507216719862384e+00  2.325034105489244496e+00  -1.901241524313999953e+00  -1.514657304007599237e+00  -3.324886806092447245e+00  1.708430409431457520e+01
-6.032503414608214598e-02  -1.950613040807987808e+00  2.311115900515869015e+00  -1.875124157955224469e+00  -1.522359837406860095e+00  -3.339053626997120716e+00  1.713550496101379395e+01
-5.027501228231923136e-02  -1.945302282174463215e+00  2.295181967659903677e+00  -1.847325971846275117e+00  -1.536833914260348877e+00  -3.354010116265520480e+00  1.718629097938537598e+01
-4.477339565993165849e-02  -1.938321920693663714e+00  2.273422077285381704e+00  -1.814556107216500180e+00  -1.559557413641961432e+00  -3.372256753729359957e+00  1.723635792732238770e+01
-4.400449050384480643e-02  -1.931932844840912544e+00  2.251439366980820367e+00  -1.786896709477213463e+00  -1.582510614855523912e+00  -3.388319282135245913e+00  1.728925108909606934e+01
-4.661702585352145434e-02  -1.922925453210312163e+00  2.217356032306705416e+00  -1.750721938669476785e+00  -1.615558378587325095e+00  -3.410103208129267927e+00  1.734682297706604004e+01
-5.093930521114842236e-02  -1.914268867874437063e+00  2.183967760676068792e+00  -1.718483146900551262e+00  -1.644643643191862736e+00  -3.429354657124683570e+00  1.740786695480346680e+01
-5.641281033629752528e-02  -1.904719473112185923e+00  2.148396657764354956e+00  -1.686431907163488120e+00  -1.672387139237613951e+00  -3.448556778380021726e+00  1.746192407608032227e+01
-6.421362202020830523e-02  -1.893762673912386951e+00  2.111344034266981140e+00  -1.656019853388750462e+00  -1.698326994520588329e+00  -3.467427182059084956e+00  1.752012896537780762e+01
-8.461197111720508701e-02  -1.866405646532211193e+00  2.046324535807166001e+00  -1.606269295274800335e+00  -1.738582875208845024e+00  -3.498504501405756528e+00  1.761791706085205078e+01
-1.073414361070952339e-01  -1.834349205313574593e+00  1.994805802450217769e+00  -1.566796078870114073e+00  -1.767452725488894316e+00  -3.522340519247869395e+00  1.769335007667541504e+01
-1.313470157083074241e-01  -1.801239265470599982e+00  1.951319795955335223e+00  -1.536450381589599345e+00  -1.790589884095540540e+00  -3.542339242824603218e+00  1.776885986328125000e+01
-1.447019149473334210e-01  -1.777027338507960685e+00  1.922526432887046610e+00  -1.518972944139887815e+00  -1.807912500447891091e+00  -3.556229862020263255e+00  1.781405997276306152e+01
-1.616885610993463729e-01  -1.750616617686285181e+00  1.893041560768747189e+00  -1.503159719478137646e+00  -1.827617395750490203e+00  -3.570933151458691057e+00  1.785921597480773926e+01
-1.810984092004481738e-01  -1.726760311877260534e+00  1.867731107927797396e+00  -1.491206341469362151e+00  -1.845220556801388412e+00  -3.583648319168263541e+00  1.790618896484375000e+01
-2.140527936494986960e-01  -1.690484481963210328e+00  1.830968800462269286e+00  -1.476607991209513138e+00  -1.870405553896462791e+00  -3.601963678830362170e+00  1.795616602897644043e+01
-2.351531889819611365e-01  -1.667745154033523747e+00  1.808808273955630597e+00  -1.469398753831951510e+00  -1.884113399641849540e+00  -3.612777512225987309e+00  1.799146890640258789e+01
-2.634694601688636340e-01  -1.636703583817460839e+00  1.779489516035468455e+00  -1.461723062146764285e+00  -1.899317098277911953e+00  -3.626705182945013206e+00  1.802651095390319824e+01
-2.935563121140631893e-01  -1.602817397254511000e+00  1.748326322887692186e+00  -1.455813938153114329e+00  -1.911579109917962427e+00  -3.640969301488263810e+00  1.807070899009704590e+01
-3.312395077298901924e-01  -1.559334180635124412e+00  1.708951729108704853e+00  -1.451340520103788556e+00  -1.921903041115522015e+00  -3.658312343039451520e+00  1.812020087242126465e+01
-4.137941378016734006e-01  -1.461280601640649657e+00  1.620405558320254791e+00  -1.451531614439989681e+00  -1.928090999158346364e+00  -3.695252804819350700e+00  1.822655892372131348e+01
-4.807768529352518527e-01  -1.381664059698825220e+00  1.547772289684867353e+00  -1.459736929358353308e+00  -1.920928856511871174e+00  -3.724685629390874553e+00  1.831268095970153809e+01
-5.175206098847873193e-01  -1.344220218432988112e+00  1.513463616142805890e+00  -1.463610083635142445e+00  -1.917755318810222320e+00  -3.739888268933786009e+00  1.835909986495971680e+01
-5.536666664912601732e-01  -1.310114130002812516e+00  1.482110761529130905e+00  -1.467718765803734726e+00  -1.914240354482360296e+00  -3.754553454012986791e+00  1.840347194671630859e+01
-5.817291296649340637e-01  -1.282111347530661583e+00  1.456131861338881173e+00  -1.473161101823158958e+00  -1.908549473255048312e+00  -3.766390842081273505e+00  1.844782900810241699e+01
-6.170752871388742733e-01  -1.242357864342799267e+00  1.418889130157306333e+00  -1.484629420904646224e+00  -1.895557087365248528e+00  -3.782497484526235354e+00  1.850460290908813477e+01
-6.397908253917474752e-01  -1.213920024206224468e+00  1.392050786611381596e+00  -1.494929022326234147e+00  -1.883533051648198509e+00  -3.793657919532385847e+00  1.854582595825195312e+01
-6.605315706675973786e-01  -1.186031228216312350e+00  1.365623421555532069e+00  -1.506316377081008184e+00  -1.869890337851060735e+00  -3.804455801387963021e+00  1.858554196357727051e+01
-6.793134441307344673e-01  -1.159092021905699710e+00  1.339998413835895796e+00  -1.518470134737682997e+00  -1.854922673631723917e+00  -3.814820209025150177e+00  1.862347698211669922e+01
-6.994055670055203677e-01  -1.128145139679138431e+00  1.310468169318934173e+00  -1.533811272403056591e+00  -1.835338288180898836e+00  -3.826599635416098266e+00  1.866729807853698730e+01
-7.141502229963592185e-01  -1.103713902401326052e+00  1.287037346201134191e+00  -1.546933154328156590e+00  -1.818138370193186582e+00  -3.835809455786797884e+00  1.871132588386535645e+01
-7.271878854441702345e-01  -1.080554512264512823e+00  1.264707425159659060e+00  -1.560170809835796035e+00  -1.800484736397811147e+00  -3.844449756538423912e+00  1.875198602676391602e+01
-7.408473952849305988e-01  -1.054155011207764225e+00  1.239049045172846419e+00  -1.576301818844093816e+00  -1.778827102812511995e+00  -3.854181765854262309e+00  1.879743409156799316e+01
-7.507621093318537220e-01  -1.033274191894076210e+00  1.218619498541009705e+00  -1.589959349829229041e+00  -1.760602619841724170e+00  -3.861818708449298754e+00  1.884265708923339844e+01
-7.594304088004655284e-01  -1.013469402394813201e+00  1.199147807824322065e+00  -1.603668767859506517e+00  -1.742610262816211453e+00  -3.869018429246347424e+00  1.888150906562805176e+01
-7.683329829272071976e-01  -9.912758898202262969e-01  1.177239629306459534e+00  -1.619874788185681425e+00  -1.721701160191474678e+00  -3.877040268096259013e+00  1.892826104164123535e+01
-7.768469665579438299e-01  -9.678813049366254972e-01  1.154017370939121712e+00  -1.637867897933357852e+00  -1.698875306770562865e+00  -3.885483501588968380e+00  1.897915291786193848e+01
-7.817607354609563686e-01  -9.529040015247884909e-01  1.139083207301397671e+00  -1.649894860948094788e+00  -1.683951214432751087e+00  -3.890925632534408152e+00  1.901874804496765137e+01
-7.865913270671534008e-01  -9.367855753763763005e-01  1.122980509179759778e+00  -1.663268707929834278e+00  -1.667746224228888963e+00  -3.896798639251283447e+00  1.907278394699096680e+01
-7.904879358788168275e-01  -9.226368381741387736e-01  1.108821920265822492e+00  -1.675410727131847466e+00  -1.653397002730200960e+00  -3.901940480473445660e+00  1.911962985992431641e+01
-7.932454719779382657e-01  -9.119589145856892287e-01  1.098127829628647412e+00  -1.684710336290734745e+00  -1.642530342869664040e+00  -3.905821861190446498e+00  1.915637302398681641e+01
-7.971471448024622930e-01  -8.970772810483023108e-01  1.083266724894859756e+00  -1.697588975613808060e+00  -1.627479578379877445e+00  -3.911234425015880589e+00  1.921196007728576660e+01
-7.958866372158936997e-01  -8.371139912060918675e-01  1.023032346738448339e+00  -1.756857717862594370e+00  -1.570615556307933147e+00  -3.937529777424758404e+00  2.000826287269592285e+01
-7.959009407877211117e-01  -8.371668178631530566e-01  1.023095474874210709e+00  -1.756804965254056938e+00  -1.570698274141822282e+00  -3.937508230532146047e+00  2.007652592658996582e+01
-8.037306355921423062e-01  -8.396349297269516399e-01  1.031505801866685834e+00  -1.754293347547619675e+00  -1.581267571026838681e+00  -3.933142732753271531e+00  2.017078590393066406e+01
-8.372169335633188325e-01  -8.603680965041622386e-01  1.081026386977573361e+00  -1.739661598694981492e+00  -1.630576307648324175e+00  -3.907955330780808811e+00  2.026704907417297363e+01
-8.532102448157097285e-01  -8.990481512521597551e-01  1.136788787748173268e+00  -1.726446740879244324e+00  -1.657431210991624937e+00  -3.880543770301783990e+00  2.034170889854431152e+01
-8.707521657096606305e-01  -9.444820995237339645e-01  1.192287739656760381e+00  -1.729502323841458633e+00  -1.668686177377447066e+00  -3.854933784827508703e+00  2.040929508209228516e+01
-8.835991155191624813e-01  -9.819191894981216251e-01  1.237355401404897970e+00  -1.733262535393894410e+00  -1.676116838215422788e+00  -3.835309170444746396e+00  2.045724797248840332e+01
-8.939070599122622696e-01  -1.021179603557506255e+00  1.285104104714547946e+00  -1.732941944596632311e+00  -1.688796941379919758e+00  -3.815401698244621276e+00  2.050166702270507812e+01
-9.032728879170122127e-01  -1.069243942068794695e+00  1.343135631359648086e+00  -1.729338132165432640e+00  -1.712583374811606163e+00  -3.792084847502346978e+00  2.056071805953979492e+01
-9.095277719145506978e-01  -1.119087664164492679e+00  1.402511784788135651e+00  -1.725283196635695404e+00  -1.742091489613692090e+00  -3.769123190224997533e+00  2.061694002151489258e+01
-9.134503298641512004e-01  -1.169930710968166920e+00  1.462659269036322929e+00  -1.721203362834945239e+00  -1.773240756840731791e+00  -3.746812029700997471e+00  2.066788792610168457e+01
-9.147709238027399437e-01  -1.213534387625038846e+00  1.514175761363685480e+00  -1.717582954211896329e+00  -1.798376908109917238e+00  -3.728322237345934820e+00  2.072110295295715332e+01
-9.141901277709134632e-01  -1.264090803169340305e+00  1.573934406367123229e+00  -1.713348300571721161e+00  -1.824472607391239620e+00  -3.707541585958284536e+00  2.077675008773803711e+01
-9.124733558356767915e-01  -1.315103296201211691e+00  1.634291134862785544e+00  -1.709034848181684829e+00  -1.847405781509563027e+00  -3.687471505455134579e+00  2.083212208747863770e+01
-9.097801413018151706e-01  -1.373504476921770134e+00  1.703518403565060790e+00  -1.704445720625209937e+00  -1.870101569644837980e+00  -3.665536885272634660e+00  2.089583992958068848e+01
-9.074000470260035200e-01  -1.416588826621090647e+00  1.754726629161148521e+00  -1.701478392240559856e+00  -1.884723114251837472e+00  -3.649985444515722044e+00  2.094038987159729004e+01
-9.048194284446156033e-01  -1.451512531904491254e+00  1.796353568020536029e+00  -1.699520116935747893e+00  -1.895627990391199447e+00  -3.637716370752796635e+00  2.098504805564880371e+01
-9.013689449252924035e-01  -1.485314066545253553e+00  1.836742279405648715e+00  -1.698191711001135751e+00  -1.905615567279676625e+00  -3.626102576442409298e+00  2.102461504936218262e+01
-8.958887749966182312e-01  -1.524323636710104068e+00  1.883511791417248782e+00  -1.697511498968998112e+00  -1.916388446982626448e+00  -3.612996379820058834e+00  2.107242298126220703e+01
-8.877803763173428564e-01  -1.567491105837227394e+00  1.935506172281873827e+00  -1.697927045523410783e+00  -1.927116200652626787e+00  -3.598803135616683857e+00  2.112793087959289551e+01
-8.795920428980057437e-01  -1.602249023378966797e+00  1.977552583280711485e+00  -1.699375567845788026e+00  -1.934501103485992246e+00  -3.587637846479658776e+00  2.117807507514953613e+01
-8.705035714089310872e-01  -1.634768038322865991e+00  2.017041874063711493e+00  -1.701707552738726648e+00  -1.940121533919965557e+00  -3.577449139964796299e+00  2.122080993652343750e+01
-8.605084049986686523e-01  -1.664975555619268022e+00  2.053881579637699240e+00  -1.704865164762001228e+00  -1.943875517608256942e+00  -3.568211996127846675e+00  2.127291607856750488e+01
-8.450181973176436045e-01  -1.701020628063218965e+00  2.098490163849149770e+00  -1.710762321378211936e+00  -1.945338987873381775e+00  -3.557276260017121494e+00  2.133546996116638184e+01
-8.333983790096191058e-01  -1.720789399228605632e+00  2.123452036344812388e+00  -1.715783287190935980e+00  -1.943657666734732281e+00  -3.551247561907571626e+00  2.137808299064636230e+01
-8.195095304444448558e-01  -1.738152688932004253e+00  2.145873729428974919e+00  -1.722201543500887055e+00  -1.939158696906319257e+00  -3.545854735664234259e+00  2.141171002388000488e+01
-7.994583929859313542e-01  -1.755522669268879454e+00  2.169102763395399869e+00  -1.732144795985124830e+00  -1.929641737087730569e+00  -3.540202926213146473e+00  2.145927596092224121e+01
-7.722368006545696772e-01  -1.771103782552877703e+00  2.191165894421099658e+00  -1.746604217711048790e+00  -1.913990868947668567e+00  -3.534596199605346101e+00  2.151833200454711914e+01
-7.509234617090578823e-01  -1.779368414757939831e+00  2.203768690395886409e+00  -1.758334785974360770e+00  -1.900750257880906346e+00  -3.531184413993321058e+00  2.156219005584716797e+01
-7.186375089019199081e-01  -1.787117548556853563e+00  2.217163224644373543e+00  -1.776506867095449138e+00  -1.879809587761505085e+00  -3.527158562377496143e+00  2.161368298530578613e+01
-6.889169936637831171e-01  -1.790378181192393114e+00  2.224933700468611164e+00  -1.793501888779813314e+00  -1.859342352677555432e+00  -3.524299142103657800e+00  2.166574406623840332e+01
-6.582868600256075453e-01  -1.790948806312954389e+00  2.229741164178973722e+00  -1.811143087886014413e+00  -1.836871456623630827e+00  -3.521918564230970272e+00  2.170677590370178223e+01
-6.328545976289952080e-01  -1.789741220240467889e+00  2.231829565903035828e+00  -1.825936404378561306e+00  -1.817155015357167613e+00  -3.520293257854720803e+00  2.174875187873840332e+01
-6.078748520929204702e-01  -1.787226653721293523e+00  2.232450638041910906e+00  -1.841029955747899294e+00  -1.796848704583630330e+00  -3.518975102273607991e+00  2.178858995437622070e+01
-5.836434848242584295e-01  -1.783607548322193814e+00  2.231821935849623628e+00  -1.856545821029074617e+00  -1.776255387248755646e+00  -3.517911334242633359e+00  2.183078694343566895e+01
-5.605224539452215993e-01  -1.779124564060956537e+00  2.230166548534914028e+00  -1.872225150978765740e+00  -1.755814671758942680e+00  -3.517046862513133032e+00  2.186842894554138184e+01
-5.388305922758842570e-01  -1.773993881283769447e+00  2.227682427698363554e+00  -1.887730773520239325e+00  -1.736021197613156097e+00  -3.516363974398195147e+00  2.190938997268676758e+01
-5.188263509451847000e-01  -1.768427581744907329e+00  2.224574195963512580e+00  -1.902818057231215221e+00  -1.717267623111456309e+00  -3.515843241339657421e+00  2.194965887069702148e+01
-4.973597928457591522e-01  -1.761467800969694686e+00  2.220302986890811070e+00  -1.919964163028929249e+00  -1.696533062651607082e+00  -3.515368519224620236e+00  2.199510908126831055e+01
-4.846288274322345657e-01  -1.756809645231044215e+00  2.217289543346934622e+00  -1.930591842947942283e+00  -1.683984774960520348e+00  -3.515124348393270370e+00  2.203227496147155762e+01
-4.704049577867728260e-01  -1.751074223429581522e+00  2.213434416131436322e+00  -1.942855443420167916e+00  -1.669779827642033254e+00  -3.514893787153720695e+00  2.207111597061157227e+01
-4.533993898295971547e-01  -1.743362596859494573e+00  2.208066186409235243e+00  -1.958183401970790882e+00  -1.652489558407721049e+00  -3.514665224252883302e+00  2.212382388114929199e+01
-4.412389570424348761e-01  -1.737141486916044641e+00  2.203648276341745316e+00  -1.969697210666076614e+00  -1.639948822983457788e+00  -3.514588092788695661e+00  2.217030501365661621e+01
-4.339115309629733019e-01  -1.733163586490195307e+00  2.200783583068144367e+00  -1.976826519935201532e+00  -1.632363316723645319e+00  -3.514584719625993614e+00  2.220776295661926270e+01
-3.746718564572937282e-01  -1.678764903720253443e+00  2.153728161614506753e+00  -2.045867904883731825e+00  -1.570624503441433006e+00  -3.516369167416667274e+00  2.302117800712585449e+01
-3.747127559260192697e-01  -1.678809388213768017e+00  2.153756427263582296e+00  -2.045828286731218526e+00  -1.570688261277320308e+00  -3.516367692868643591e+00  2.307767295837402344e+01
-3.747244713989932308e-01  -1.678802723325991231e+00  2.153755427995758254e+00  -2.045793622081305330e+00  -1.570707253986769913e+00  -3.516380260826005966e+00  2.310511088371276855e+01
-3.743793562755435289e-01  -1.677769319380853830e+00  2.152693492322171664e+00  -2.045744922579730840e+00  -1.570732980597167483e+00  -3.516060756559193479e+00  2.313917303085327148e+01
-3.734078656741930402e-01  -1.675003117587565704e+00  2.149816435462049924e+00  -2.045673445566943194e+00  -1.570757913742555800e+00  -3.515147958585918886e+00  2.317806005477905273e+01
-3.711893038139937318e-01  -1.668798077688591341e+00  2.143343312762887365e+00  -2.045382352863030384e+00  -1.570723975956681784e+00  -3.513061480143256698e+00  2.321599292755126953e+01
-3.672657570075568145e-01  -1.657646722835441011e+00  2.131627853970263331e+00  -2.044757219119943237e+00  -1.570610685999445089e+00  -3.509213436088794325e+00  2.326597905158996582e+01
-3.640504303609066739e-01  -1.648301419930791489e+00  2.121706084505339263e+00  -2.044181062120043357e+00  -1.570479649060994909e+00  -3.505964717188806645e+00  2.329521298408508301e+01
-3.604731787179442648e-01  -1.637666554605479163e+00  2.110327495537314135e+00  -2.043495935558955701e+00  -1.570332284396083189e+00  -3.502312586402831940e+00  2.332700204849243164e+01
-3.566180108765193424e-01  -1.625963308595641088e+00  2.097742283704725708e+00  -2.042802297027931147e+00  -1.570199936589096623e+00  -3.498372251858119952e+00  2.335738492012023926e+01
-3.525584277824069801e-01  -1.613435971909278344e+00  2.084195065925200652e+00  -2.042122062373831426e+00  -1.570045624364671433e+00  -3.494243584727406926e+00  2.339137005805969238e+01
-3.483653450395811646e-01  -1.600311550942591587e+00  2.069981566766513126e+00  -2.041437569928568507e+00  -1.569894198162546495e+00  -3.489975675859469106e+00  2.341917300224304199e+01
-3.441044564062307742e-01  -1.586811079976453875e+00  2.055363424769710790e+00  -2.040757825885542331e+00  -1.569749246098095519e+00  -3.485633384371382260e+00  2.345441198348999023e+01
-3.387432481336674073e-01  -1.569708076656390894e+00  2.036810458339772367e+00  -2.039922660573218138e+00  -1.569569079022020475e+00  -3.480170651179132602e+00  2.349133300781250000e+01
-3.334224710532174285e-01  -1.552620203005091959e+00  2.018277042591360981e+00  -2.039078669155542478e+00  -1.569351910203571343e+00  -3.474747241149494847e+00  2.353450703620910645e+01
-3.292459243893306464e-01  -1.539161516779880223e+00  2.003725320041386482e+00  -2.038419020743604371e+00  -1.569228780724945871e+00  -3.470490097989107792e+00  2.356792593002319336e+01
-3.241733813628560057e-01  -1.522761877838218147e+00  1.986021787082234979e+00  -2.037606805280492317e+00  -1.569118691348507788e+00  -3.465333996416507745e+00  2.360480904579162598e+01
-3.202810623000562629e-01  -1.510046858311954843e+00  1.972373588064021632e+00  -2.036928044506017166e+00  -1.569049934676807645e+00  -3.461375076114595384e+00  2.363706898689270020e+01
-3.165653462377067129e-01  -1.497796282243530896e+00  1.959241775315058831e+00  -2.036245894399179690e+00  -1.569057389909868760e+00  -3.457589979477495135e+00  2.367364192008972168e+01
-3.121902740783566443e-01  -1.483253588500829778e+00  1.943713358826386184e+00  -2.035414159300390935e+00  -1.569154757587980953e+00  -3.453134248771644987e+00  2.370638799667358398e+01
-3.089180347147069128e-01  -1.472312314255154853e+00  1.932039564922449770e+00  -2.034735156890953967e+00  -1.569342352349256231e+00  -3.449792905604144533e+00  2.374450492858886719e+01
-3.044096859414571199e-01  -1.457187489392593349e+00  1.915919553504302542e+00  -2.033707300214116387e+00  -1.569600696388793182e+00  -3.445199740937094912e+00  2.378839302062988281e+01
-3.016892343674815180e-01  -1.447994719942081510e+00  1.906138456903862632e+00  -2.033054710861279091e+00  -1.569730709923616629e+00  -3.442430540141995010e+00  2.382102298736572266e+01
-2.985989297289188826e-01  -1.437499093306581877e+00  1.894979469002327832e+00  -2.032329885379691170e+00  -1.569837499981501239e+00  -3.439290964788982663e+00  2.386088705062866211e+01
-2.963715265578690250e-01  -1.429889066221794458e+00  1.886908337834153571e+00  -2.031807658507766234e+00  -1.569893503867827889e+00  -3.437024711687620027e+00  2.389523506164550781e+01
-2.938037966680440150e-01  -1.421084214870593776e+00  1.877570142914564144e+00  -2.031233307968054014e+00  -1.570048630703389847e+00  -3.434424891529907597e+00  2.393220686912536621e+01
-2.728006295120302127e-01  -1.354189081182628485e+00  1.807865635845772756e+00  -2.024487938549068389e+00  -1.570819143918592786e+00  -3.414331996612474995e+00  2.474051499366760254e+01
-2.728207873894952229e-01  -1.354236304485205267e+00  1.807913289644997645e+00  -2.024504083764969486e+00  -1.570811518941932050e+00  -3.414366179820540026e+00  2.478631401062011719e+01
-2.728379718876325910e-01  -1.354271049954242301e+00  1.807944924640110029e+00  -2.024528684235843201e+00  -1.570805309329844413e+00  -3.414388970932952461e+00  2.481747007369995117e+01
-2.733506171892194914e-01  -1.355048443133219038e+00  1.808643310124922632e+00  -2.024471490302055976e+00  -1.570844552853820630e+00  -3.414909051390377925e+00  2.484894394874572754e+01
-2.758647874278068457e-01  -1.358786455485681444e+00  1.811977948082610146e+00  -2.024202992658680422e+00  -1.570910768369458310e+00  -3.417449346099424190e+00  2.488361001014709473e+01
-2.808370329780327523e-01  -1.366161184058658051e+00  1.818590406398972847e+00  -2.023646425820718520e+00  -1.570957002136333713e+00  -3.422470999000260861e+00  2.492506289482116699e+01
-2.880753754855209792e-01  -1.376950931152459034e+00  1.828271238911935548e+00  -2.022971356171143320e+00  -1.570922566033408962e+00  -3.429779007876824437e+00  2.496780490875244141e+01
-2.952973750962204491e-01  -1.387792501049709415e+00  1.837987331565460458e+00  -2.022329327510417940e+00  -1.570805701606134086e+00  -3.437023107568112579e+00  2.499934697151184082e+01
-3.036178273645475656e-01  -1.400381750556322302e+00  1.849264852331522935e+00  -2.021625449171118305e+00  -1.570693955128684038e+00  -3.445286313482249341e+00  2.503370308876037598e+01
-3.152463899298219019e-01  -1.418193509657534435e+00  1.865270820427822995e+00  -2.020626744273642750e+00  -1.570609526557121605e+00  -3.456791001176835465e+00  2.507166004180908203e+01
-3.279222859872348295e-01  -1.437913231306346518e+00  1.883011673694910515e+00  -2.019482231634268210e+00  -1.570658100258647494e+00  -3.469293808449684491e+00  2.510796904563903809e+01
-3.386520082411834665e-01  -1.454744602653409657e+00  1.898187831935710612e+00  -2.018425913001506089e+00  -1.570687722532661645e+00  -3.479806341691347171e+00  2.514134407043457031e+01
-3.497439199350580452e-01  -1.472283011556495325e+00  1.914031697817123012e+00  -2.017301147039906262e+00  -1.570744289414438555e+00  -3.490656666120734997e+00  2.517370986938476562e+01
-3.610979754013072807e-01  -1.490394454869321095e+00  1.930426526820423039e+00  -2.016132950472331764e+00  -1.570843110019200850e+00  -3.501784970800084551e+00  2.520922708511352539e+01
-3.726482160569304369e-01  -1.508882332786683378e+00  1.947219893929910572e+00  -2.014938410149668790e+00  -1.571019021118662096e+00  -3.513073070946383325e+00  2.524056386947631836e+01
-3.842405987731396522e-01  -1.527570141645419710e+00  1.964238741316110648e+00  -2.013724877102606392e+00  -1.571245647443962667e+00  -3.524405833331297089e+00  2.527355909347534180e+01
-3.987003884694040323e-01  -1.551137438436505533e+00  1.985743104468823184e+00  -2.012181026990294441e+00  -1.571523976125135391e+00  -3.538539960670647133e+00  2.531148099899291992e+01
-4.102044602934533657e-01  -1.570202018454381232e+00  2.003169680674910857e+00  -2.010934730913581880e+00  -1.571641919482846816e+00  -3.549796759227284326e+00  2.534471392631530762e+01
-4.243997340781913152e-01  -1.594198403203730408e+00  2.025089925002861335e+00  -2.009369840744770208e+00  -1.571763770408786343e+00  -3.563733762695029839e+00  2.537999391555786133e+01
-4.382654675643777864e-01  -1.618052462229718103e+00  2.046896658592411544e+00  -2.007829381205582742e+00  -1.571817905884472566e+00  -3.577329438949192308e+00  2.542086100578308105e+01
-4.490054539534540368e-01  -1.636830805773268338e+00  2.064093238096036398e+00  -2.006612638542844884e+00  -1.571861396720885651e+00  -3.587885500292202323e+00  2.545572209358215332e+01
-4.619303174494451270e-01  -1.659699204036268583e+00  2.085087040591324214e+00  -2.005121473959956546e+00  -1.571921637135949013e+00  -3.600595043923913607e+00  2.549201893806457520e+01
-4.717756408046689387e-01  -1.677369800771019825e+00  2.101305091708374206e+00  -2.003947946167194516e+00  -1.571925176573188310e+00  -3.610313227812962822e+00  2.552883291244506836e+01
-4.811154359503575506e-01  -1.694290779671769442e+00  2.116895297011849308e+00  -2.002822213649482208e+00  -1.571810129301088210e+00  -3.619576944643601024e+00  2.555724287033081055e+01
-4.920640915857710240e-01  -1.714178465616706504e+00  2.135291924215249271e+00  -2.001467698172019638e+00  -1.571554146507039285e+00  -3.630419733701213403e+00  2.559831094741821289e+01
-5.002128923692090723e-01  -1.729082138658768031e+00  2.149160829528349304e+00  -2.000436820428670437e+00  -1.571257897941826798e+00  -3.638494211558636948e+00  2.563386988639831543e+01
-5.097030001405684629e-01  -1.746664769009969476e+00  2.165590698587661844e+00  -1.999211249356645403e+00  -1.570900128492664471e+00  -3.647967250087637225e+00  2.567370700836181641e+01
-5.185199767098929158e-01  -1.763140750787954403e+00  2.181097752940399648e+00  -1.998031028270969678e+00  -1.570589938794689999e+00  -3.656789778671873492e+00  2.571386504173278809e+01
-5.266914963944806516e-01  -1.778508532646680962e+00  2.195644387137362319e+00  -1.996927054217158215e+00  -1.570320629473626717e+00  -3.664983191477483970e+00  2.575150704383850098e+01
-5.341480436477823446e-01  -1.792657045921904668e+00  2.209139241483387028e+00  -1.995893300702458184e+00  -1.570059123178227267e+00  -3.672499811240022893e+00  2.578844809532165527e+01
-5.395789259816190508e-01  -1.803049184866267751e+00  2.219081560051699320e+00  -1.995108391986920360e+00  -1.569772335858265144e+00  -3.678004325446135425e+00  2.582078695297241211e+01
-5.457426895450900872e-01  -1.814888332146690431e+00  2.230431375193874466e+00  -1.994228646207795386e+00  -1.569441391822801180e+00  -3.684225574052035768e+00  2.585926508903503418e+01
-5.501991505182175501e-01  -1.823479585538242631e+00  2.238703041921874082e+00  -1.993580731349445578e+00  -1.569276029210875834e+00  -3.688705388037284649e+00  2.589614987373352051e+01
-5.542471564555029317e-01  -1.831312880837330681e+00  2.246276102884936954e+00  -1.992983677347219817e+00  -1.569133684272324913e+00  -3.692761735813483881e+00  2.592861294746398926e+01
-5.579800869936910601e-01  -1.838574057961714914e+00  2.253309358270599638e+00  -1.992418344433281696e+00  -1.569005154682137082e+00  -3.696505895438022549e+00  2.595995688438415527e+01
-5.956194001260071147e-01  -1.909612269934393147e+00  2.323386829299293410e+00  -1.984468779987754061e+00  -1.570820072356344355e+00  -3.737196858470558158e+00  2.677985405921936035e+01
-5.955823134168332089e-01  -1.909541977184368911e+00  2.323333523621830210e+00  -1.984499266959868891e+00  -1.570812812360892430e+00  -3.737160907049470460e+00  2.685806107521057129e+01
-5.992039616447186745e-01  -1.908134432133718583e+00  2.320173754796307719e+00  -1.981084754394020209e+00  -1.573745685953781503e+00  -3.737424237210035471e+00  2.693874096870422363e+01
-6.195566573960338275e-01  -1.897245846135481528e+00  2.296109276383708320e+00  -1.954150222326933140e+00  -1.594066406635445077e+00  -3.740519329633345436e+00  2.702797698974609375e+01
-6.197896358009842288e-01  -1.882426246606018871e+00  2.262906282761083077e+00  -1.911376054768156862e+00  -1.615008077164249656e+00  -3.747685327980097014e+00  2.710883998870849609e+01
-5.784906494056203385e-01  -1.866854424857781858e+00  2.221123486565170779e+00  -1.848566011734945391e+00  -1.612780904466113441e+00  -3.753747961473500538e+00  2.720514488220214844e+01
-5.879804374894082031e-01  -1.848989217601569202e+00  2.162860658128021640e+00  -1.780257341570918861e+00  -1.635676171211551733e+00  -3.756750174546404253e+00  2.730290007591247559e+01
-6.249519975057822307e-01  -1.831976224114394647e+00  2.120908815206320241e+00  -1.745952560665181785e+00  -1.657177652934265666e+00  -3.758914477506138496e+00  2.735819101333618164e+01
-6.664293772584706232e-01  -1.811668943996794567e+00  2.078517577134682881e+00  -1.712937121587131628e+00  -1.679043332602541128e+00  -3.761594260707612492e+00  2.741143703460693359e+01
-7.004577211916362955e-01  -1.792292624850783334e+00  2.042157222051644183e+00  -1.683823851412318717e+00  -1.699247557262827613e+00  -3.764481098399802050e+00  2.746172308921813965e+01
-7.298475140092133273e-01  -1.773854988889608464e+00  2.010173494118795645e+00  -1.659599192681030289e+00  -1.718202188969453204e+00  -3.767638574419429176e+00  2.750190401077270508e+01
-7.674894290163898347e-01  -1.748361623303058110e+00  1.968896902977071761e+00  -1.631312922551156674e+00  -1.743320589396191167e+00  -3.772403050233791078e+00  2.754700994491577148e+01
-8.003185552436917760e-01  -1.724431462826895078e+00  1.932233822332785067e+00  -1.608869686078569394e+00  -1.765462181460387470e+00  -3.776990260792480569e+00  2.759126687049865723e+01
-8.339262152413926543e-01  -1.697942465374294940e+00  1.893356825722211312e+00  -1.588053953034244792e+00  -1.787670501972524306e+00  -3.782026664201005417e+00  2.763085508346557617e+01
-8.744115879067457797e-01  -1.662680118699495502e+00  1.843667236482348315e+00  -1.565705401612982328e+00  -1.813084087475846928e+00  -3.788590570432081250e+00  2.767571997642517090e+01
-9.073594687708226303e-01  -1.630671598724245719e+00  1.800097102627885803e+00  -1.549390457732744864e+00  -1.832313379370109629e+00  -3.794482989328118450e+00  2.771707391738891602e+01
-9.446161937863362112e-01  -1.588845705955045595e+00  1.745162862192138675e+00  -1.532608739314044399e+00  -1.851985157497745504e+00  -3.802069379332641219e+00  2.776376795768737793e+01
-9.728600544080627799e-01  -1.551117598237184758e+00  1.697246263431051005e+00  -1.520821866914869425e+00  -1.865039821780335672e+00  -3.808787183470055737e+00  2.780710792541503906e+01
-1.002380718589801489e+00  -1.503043567385634383e+00  1.637913287235326365e+00  -1.509419199595281924e+00  -1.876316288639435115e+00  -3.817277052118004832e+00  2.785105299949645996e+01
-1.022968484157479097e+00  -1.461333380008171368e+00  1.587679111893951500e+00  -1.502191149214644028e+00  -1.882060869835250116e+00  -3.824628425105204954e+00  2.789656090736389160e+01
-1.039894442896727611e+00  -1.418802005350582540e+00  1.537451583375763597e+00  -1.496910805251718379e+00  -1.884695256298922317e+00  -3.832160299145979110e+00  2.793010187149047852e+01
-1.053257612012766131e+00  -1.375964825287456783e+00  1.487721708117502040e+00  -1.493439826342893184e+00  -1.884498342046359021e+00  -3.839816383678007483e+00  2.797638106346130371e+01
-1.064936212297327600e+00  -1.324785098302806219e+00  1.429325330697951202e+00  -1.491374854387080617e+00  -1.880923801914646809e+00  -3.849054408560355967e+00  2.802140188217163086e+01
-1.071278767754037631e+00  -1.282797361729818064e+00  1.382179435148488622e+00  -1.491222883453442449e+00  -1.875380276535710600e+00  -3.856748287352781190e+00  2.806358194351196289e+01
-1.075222608265598012e+00  -1.233716109921093818e+00  1.327846551202251035e+00  -1.492719122720641778e+00  -1.866091568572859849e+00  -3.865933554576033160e+00  2.810739588737487793e+01
-1.074999264722684700e+00  -1.171298804182731246e+00  1.259917298735500957e+00  -1.497190645430155342e+00  -1.850105213244021662e+00  -3.877915086917173682e+00  2.817372608184814453e+01
-1.072063174406908459e+00  -1.134326943638243712e+00  1.220277787920663215e+00  -1.501207812678444498e+00  -1.838427131860459696e+00  -3.885196813927784376e+00  2.821248197555541992e+01
-1.067278893395784856e+00  -1.098899173144306296e+00  1.182750360528637579e+00  -1.506022104579407994e+00  -1.825712869567809982e+00  -3.892341441963722559e+00  2.825071191787719727e+01
-1.060866955307897541e+00  -1.065156639463944011e+00  1.147384824735513398e+00  -1.511501112370620348e+00  -1.812138229001522660e+00  -3.899327041677398853e+00  2.829632091522216797e+01
-1.051378763673848304e+00  -1.026740100313481285e+00  1.107549165440638639e+00  -1.518864758459345765e+00  -1.794994560634585845e+00  -3.907476475604749311e+00  2.834283900260925293e+01
-1.042254005238936188e+00  -9.964361445124438887e-01  1.076422259426913719e+00  -1.525532241531033506e+00  -1.780222371981036389e+00  -3.914081836140109516e+00  2.838344502449035645e+01
-1.034322392576498828e+00  -9.733662534537819155e-01  1.052882932691264095e+00  -1.531138215636106636e+00  -1.768207985646361280e+00  -3.919232206878984215e+00  2.841309785842895508e+01
-1.023811605331673924e+00  -9.460610898108079425e-01  1.025222601534201416e+00  -1.538400779086430248e+00  -1.753199585930623527e+00  -3.925469623050883428e+00  2.845019698143005371e+01
-1.015113906151999146e+00  -9.255828899587958958e-01  1.004596991136526007e+00  -1.544317488185766862e+00  -1.741337446095310604e+00  -3.930263093935371543e+00  2.848287200927734375e+01
-1.008484329481599495e+00  -9.110739011846709090e-01  9.900410874737017863e-01  -1.548743527543054554e+00  -1.732602909012110892e+00  -3.933728292833148288e+00  2.851406502723693848e+01
-9.995861112722241870e-01  -8.928345098901830923e-01  9.718065338393895303e-01  -1.554589699410430015e+00  -1.721190566538448152e+00  -3.938173147543022168e+00  2.854417490959167480e+01
-9.884570096602365297e-01  -8.717079426106080220e-01  9.507896254479399900e-01  -1.561789148546591122e+00  -1.707288207784586120e+00  -3.943441497695921782e+00  2.858042097091674805e+01
-9.796638928306489191e-01  -8.561820916815205962e-01  9.353819719958273993e-01  -1.567423266534678561e+00  -1.696616392494660452e+00  -3.947406048952585067e+00  2.861070799827575684e+01
-9.689594425822116719e-01  -8.384962596107206068e-01  9.178669603169140601e-01  -1.574192507333503244e+00  -1.683980638148198317e+00  -3.952041281455045407e+00  2.865643501281738281e+01
-9.586917921737621029e-01  -8.226138066587580511e-01  9.021858419191266520e-01  -1.580621394337338614e+00  -1.672217740179122281e+00  -3.956305563448108131e+00  2.869644188880920410e+01
-9.488779619354374972e-01  -8.084016581982451655e-01  8.881609070508407200e-01  -1.586709371850211880e+00  -1.661250820180996790e+00  -3.960197834201458988e+00  2.873535299301147461e+01
-9.395266121147249905e-01  -7.957279544438957686e-01  8.756872526375527599e-01  -1.592427927484884265e+00  -1.651105126141522383e+00  -3.963708475690571831e+00  2.877088093757629395e+01
-9.324658254782622890e-01  -7.866631002956330221e-01  8.667707153702783884e-01  -1.596699148067857621e+00  -1.643647400957497062e+00  -3.966246669928359836e+00  2.880783605575561523e+01
-9.240935342920622020e-01  -7.762489752228960427e-01  8.565346953755659243e-01  -1.601745241043705192e+00  -1.634971114823296823e+00  -3.969185797970171237e+00  2.884204101562500000e+01
