q1     q2   q3   q4  q5   q6   t1
-1.039888758253718848e+00  -1.135081663239217775e+00  1.545105138618824370e+00  -2.096838800577686790e+00  -1.569913035530740686e+00  -3.570086041120403841e+00  0.000000000000000000e+00
-1.039894469901945229e+00  -1.135081151069606165e+00  1.545105627149100158e+00  -2.096828337483624516e+00  -1.569914940202014719e+00  -3.570084599965380079e+00  7.902193069458007812e-02
-1.043139833994020549e+00  -1.136897437686421597e+00  1.543345793615475081e+00  -2.099196688400239097e+00  -1.576218968420924682e+00  -3.568874952341793083e+00  1.693830490112304688e-01
-1.056734967143110993e+00  -1.146245792115259121e+00  1.536030104954876130e+00  -2.110021932952086843e+00  -1.603553414883752026e+00  -3.562193757914880798e+00  2.330138683319091797e-01
-1.068840280450896074e+00  -1.164723587963798934e+00  1.536840623166288111e+00  -2.119871046369500078e+00  -1.625777192433549345e+00  -3.544900788316555307e+00  2.973999977111816406e-01
-1.072246955450797401e+00  -1.185264461419773596e+00  1.548387759209700398e+00  -2.126722608023513317e+00  -1.632510208380285377e+00  -3.527017321095968327e+00  3.494720458984375000e-01
-1.069409730066622544e+00  -1.207627032224152686e+00  1.565361714117975422e+00  -2.128930896966650721e+00  -1.643219247051408871e+00  -3.512246699739980826e+00  4.095110893249511719e-01
-1.054261708111335238e+00  -1.241407087306164669e+00  1.593319598533375459e+00  -2.119413002308650817e+00  -1.677958473243258197e+00  -3.494710273266606659e+00  4.888150691986083984e-01
-1.033240388603109849e+00  -1.274313304551455417e+00  1.623201811724500399e+00  -2.102450520614011609e+00  -1.722179741083607496e+00  -3.480054529971943644e+00  5.555369853973388672e-01
-1.012740332165223300e+00  -1.300938544258830376e+00  1.649320414414562785e+00  -2.088774596706124420e+00  -1.757600205105006808e+00  -3.469407977472418469e+00  6.180958747863769531e-01
-9.943704860661854994e-01  -1.327672988120820463e+00  1.676569007124637967e+00  -2.072899824261798862e+00  -1.791069419576832189e+00  -3.458981595754231808e+00  6.685419082641601562e-01
-9.793357502575599227e-01  -1.350282252997583754e+00  1.700256294587300765e+00  -2.056344395861860797e+00  -1.817870890850619148e+00  -3.450194763397494313e+00  7.154860496520996094e-01
-9.622902356623725950e-01  -1.372153588729155160e+00  1.723883662661663152e+00  -2.037852656911285365e+00  -1.842568246960643918e+00  -3.441729531107181828e+00  7.699968814849853516e-01
-9.425453610436473895e-01  -1.392963211336191165e+00  1.747090572590800583e+00  -2.018328454302310782e+00  -1.864829266987182876e+00  -3.433661207930169379e+00  8.161509037017822266e-01
-9.162820086818594945e-01  -1.415665107105317233e+00  1.773329624957763029e+00  -1.994945164641911184e+00  -1.887299192257719582e+00  -3.424759084467981829e+00  8.751230239868164062e-01
-8.917724653041974037e-01  -1.433597914353603286e+00  1.794676241426088170e+00  -1.974941057227711738e+00  -1.903288440640096724e+00  -3.417662485613294443e+00  9.165868759155273438e-01
-8.662224443108215155e-01  -1.449948778168739238e+00  1.814695552621575780e+00  -1.955385681132949749e+00  -1.916122984758047210e+00  -3.411086707684844122e+00  9.651849269866943359e-01
-8.403381832098961723e-01  -1.464499131414378041e+00  1.833102106396263364e+00  -1.936683590533800903e+00  -1.925821800821484686e+00  -3.405008436033893915e+00  1.012017011642456055e+00
-8.187345962153340651e-01  -1.475177474589063564e+00  1.847094366916463226e+00  -1.922028229820938350e+00  -1.931498248820272323e+00  -3.400326238622481512e+00  1.057060003280639648e+00
-7.926654788555591580e-01  -1.486165945787313092e+00  1.862098128660163443e+00  -1.905744948929500637e+00  -1.935313433480448708e+00  -3.395191908306268935e+00  1.103947877883911133e+00
-7.661083808186335276e-01  -1.494961016898429307e+00  1.874950827561388422e+00  -1.891225763374700719e+00  -1.935733638609850260e+00  -3.390592508432706875e+00  1.150172948837280273e+00
-7.478739686477213766e-01  -1.499481946240077690e+00  1.882189938519663430e+00  -1.882668157806125286e+00  -1.934034772929625667e+00  -3.387821773534819059e+00  1.184025049209594727e+00
-7.238039284301338583e-01  -1.503419639807177077e+00  1.889574495542901023e+00  -1.873488178127300507e+00  -1.929419458917288388e+00  -3.384719394929381231e+00  1.225925922393798828e+00
-6.920936018999475081e-01  -1.505495855069089117e+00  1.895826759859101207e+00  -1.864966224526150462e+00  -1.920173501904851143e+00  -3.381525801240519158e+00  1.272119045257568359e+00
-6.577220911998473696e-01  -1.504633469255726830e+00  1.899119739595151346e+00  -1.859262926542299965e+00  -1.907534770461663420e+00  -3.378858753430569184e+00  1.315610885620117188e+00
-6.339748744684605697e-01  -1.502446633559564759e+00  1.899628236706863760e+00  -1.857052570065099495e+00  -1.897700958072713107e+00  -3.377352519618244120e+00  1.354346036911010742e+00
-5.980992712038490922e-01  -1.496984009012840566e+00  1.898066059810716411e+00  -1.855985677661086797e+00  -1.881375616655387439e+00  -3.375477968858844324e+00  1.396485090255737305e+00
-5.683756411084734950e-01  -1.490702039406790469e+00  1.894841230403391918e+00  -1.856974385878249478e+00  -1.866333884991774994e+00  -3.374239263541356504e+00  1.440834999084472656e+00
-5.335922295840358487e-01  -1.481669120202689705e+00  1.889128680034302121e+00  -1.860083691928235083e+00  -1.846738359203624391e+00  -3.373084536881744366e+00  1.484446048736572266e+00
-5.112940860265116072e-01  -1.474982994485627863e+00  1.884454638732552922e+00  -1.863090847365786118e+00  -1.832912015059648958e+00  -3.372477369094856847e+00  1.521796941757202148e+00
-4.796125652200231571e-01  -1.464162051411502574e+00  1.876350017838825934e+00  -1.868775634833548693e+00  -1.811247847757925022e+00  -3.371786580981644743e+00  1.568804979324340820e+00
-4.547061040920983288e-01  -1.454273015085353116e+00  1.868578387566914856e+00  -1.874525459281645823e+00  -1.792331039193087783e+00  -3.371329974853544797e+00  1.606255054473876953e+00
-4.310712476821718653e-01  -1.443508311147828849e+00  1.859881146873149760e+00  -1.881158922012733825e+00  -1.772783779219873956e+00  -3.370964865851720393e+00  1.646817922592163086e+00
-4.088600629071974524e-01  -1.432107394430403247e+00  1.850464867770273969e+00  -1.888492060853097954e+00  -1.753121521341873823e+00  -3.370671734642432860e+00  1.686042070388793945e+00
-3.882727007316235657e-01  -1.420369831041777609e+00  1.840643251094423505e+00  -1.896339223902970161e+00  -1.733906923827262858e+00  -3.370413941571520411e+00  1.725528955459594727e+00
-3.730973782752986523e-01  -1.410982472732402293e+00  1.832663523301086173e+00  -1.902815576232383066e+00  -1.719147321806738127e+00  -3.370318971454133283e+00  1.762212991714477539e+00
-3.558784200471105663e-01  -1.399566387045489968e+00  1.822831373331437632e+00  -1.910875959729285256e+00  -1.701828572264449946e+00  -3.370363699238696498e+00  1.799741983413696289e+00
-3.377456170684354220e-01  -1.386628817161290605e+00  1.811587711031497960e+00  -1.920249938665882894e+00  -1.683003046234436972e+00  -3.370572022600560658e+00  1.846200942993164062e+00
-3.271267987992096948e-01  -1.378528834502703582e+00  1.804492338054947353e+00  -1.926259691787134187e+00  -1.671699222004225049e+00  -3.370792793938509391e+00  1.881919860839843750e+00
-3.152948399034851690e-01  -1.369020663139429494e+00  1.796111567146686738e+00  -1.933441559901547535e+00  -1.658922894301188222e+00  -3.371147155782370675e+00  1.915360927581787109e+00
-3.069242332550601304e-01  -1.361964914053467091e+00  1.789850955752124051e+00  -1.938844956608672732e+00  -1.649759541498300841e+00  -3.371453164921508261e+00  1.949508905410766602e+00
-2.973475032290098241e-01  -1.353695920854766754e+00  1.782461222390937294e+00  -1.945247363197108115e+00  -1.639237980880187351e+00  -3.371809120831908757e+00  1.989537954330444336e+00
-2.337992980802354737e-01  -1.285432388552878891e+00  1.718735215709584541e+00  -2.004184471293417147e+00  -1.570620868275186766e+00  -3.375530640380415726e+00  2.810937881469726562e+00
-2.338402162593133937e-01  -1.285487858756127366e+00  1.718778405865534431e+00  -2.004176373160943214e+00  -1.570694941915846243e+00  -3.375517170163165215e+00  2.863455057144165039e+00
-2.338564028860119492e-01  -1.285495321617614373e+00  1.718793711282122105e+00  -2.004177364612694134e+00  -1.570727109058871918e+00  -3.375511572422327689e+00  2.889874935150146484e+00
-2.336074855764378455e-01  -1.285841664797150230e+00  1.719166865815459522e+00  -2.004220865480444758e+00  -1.570755732563396734e+00  -3.375238280767014931e+00  2.917383909225463867e+00
-2.327897147277129264e-01  -1.286885519684936696e+00  1.720298504200997280e+00  -2.004399880434469594e+00  -1.570780038417282753e+00  -3.374416597284139563e+00  2.943095922470092773e+00
-2.305261092706381021e-01  -1.289680709746548359e+00  1.723399143278734780e+00  -2.004919036421869194e+00  -1.570816735317434265e+00  -3.372125261932214624e+00  2.978528022766113281e+00
-2.258098866023630080e-01  -1.295548239691875381e+00  1.729918220812784790e+00  -2.005988335015867818e+00  -1.570805294527208851e+00  -3.367299316158740119e+00  3.015297889709472656e+00
-2.206574205905615926e-01  -1.302035696155849465e+00  1.737193806068197288e+00  -2.007117584466580951e+00  -1.570739383690833435e+00  -3.362014513007902661e+00  3.046746969223022461e+00
-2.144597766109370696e-01  -1.309863215738051423e+00  1.746146079570247478e+00  -2.008369145782182841e+00  -1.570577623418958346e+00  -3.355685189321902850e+00  3.082418918609619141e+00
-2.074216029360993474e-01  -1.318852520510988668e+00  1.756607087485197560e+00  -2.009744952881447944e+00  -1.570345410464883962e+00  -3.348504990963515393e+00  3.111499071121215820e+00
-1.996760077485868479e-01  -1.328819096072187733e+00  1.768383374055859880e+00  -2.011257841166347760e+00  -1.570106622745097269e+00  -3.340616717617240550e+00  3.139885902404785156e+00
-1.913933654674107032e-01  -1.339585306299412082e+00  1.781261277372022445e+00  -2.012906819240058098e+00  -1.569870820265972355e+00  -3.332189048432053102e+00  3.172669887542724609e+00
-1.827582359037487336e-01  -1.350909635750600302e+00  1.794958073578872604e+00  -2.014648898215444461e+00  -1.569650624143060114e+00  -3.323422406802652773e+00  3.206456899642944336e+00
-1.738818115928859598e-01  -1.362615074365088219e+00  1.809203362222984834e+00  -2.016474437557331356e+00  -1.569414363744535912e+00  -3.314459826137453380e+00  3.234834909439086914e+00
-1.648793588357229112e-01  -1.374503374807488854e+00  1.823749643118709685e+00  -2.018345766040493316e+00  -1.569188398035374021e+00  -3.305405787764440717e+00  3.269095897674560547e+00
-1.559017478903985676e-01  -1.386452972843727593e+00  1.838383157815484781e+00  -2.020250635034530617e+00  -1.569055068823199228e+00  -3.296334877052366163e+00  3.300579071044921875e+00
-1.492189839575486232e-01  -1.395391570690602379e+00  1.849343768314809733e+00  -2.021678692317992798e+00  -1.568995944055411762e+00  -3.289594804805140882e+00  3.328291893005371094e+00
-1.404018729301723667e-01  -1.407204549167101248e+00  1.863809609999647066e+00  -2.023564692885717164e+00  -1.569015558324124981e+00  -3.280759977167991170e+00  3.360190868377685547e+00
-1.296479469691105280e-01  -1.421690145074062883e+00  1.881443581685472433e+00  -2.025884772892206698e+00  -1.569038101846338407e+00  -3.270040806558128565e+00  3.395124912261962891e+00
-1.234120927417601266e-01  -1.430169883020464994e+00  1.891684523126009987e+00  -2.027252457986218559e+00  -1.569046521019888729e+00  -3.263837587610453728e+00  3.422307968139648438e+00
-1.153922029880725120e-01  -1.441149699471928614e+00  1.904856922358647564e+00  -2.029048468598031008e+00  -1.569058862663401221e+00  -3.255883150549715666e+00  3.458355903625488281e+00
-1.059115899081595202e-01  -1.454187325036727430e+00  1.920392459751385061e+00  -2.031204459865078249e+00  -1.568990691645764102e+00  -3.246523139565252958e+00  3.496800899505615234e+00
-9.883347903630923525e-02  -1.463939200679551078e+00  1.931950586442997553e+00  -2.032826143155375576e+00  -1.568863171311614124e+00  -3.239549262301940402e+00  3.525707006454467773e+00
-9.069538313232161642e-02  -1.475186129125113155e+00  1.945211752513860137e+00  -2.034710186685636302e+00  -1.568626988341451423e+00  -3.231547456157252363e+00  3.568168878555297852e+00
-8.188738061082201369e-02  -1.487315113001375977e+00  1.959408645255297454e+00  -2.036751760642912856e+00  -1.568329564071838433e+00  -3.222993111916751641e+00  3.616561889648437500e+00
-7.656645081188440116e-02  -1.494579998176650548e+00  1.967888927467110083e+00  -2.037987510184152029e+00  -1.568107085865563022e+00  -3.217880777579976037e+00  3.645324945449829102e+00
-7.167948430173520791e-02  -1.501231844189700126e+00  1.975630414690672465e+00  -2.039119649552025848e+00  -1.567902223899338310e+00  -3.213205146221876252e+00  3.677160024642944336e+00
-6.600630704663501547e-02  -1.508923957617735567e+00  1.984551374027397674e+00  -2.040420937747200014e+00  -1.567714260490163269e+00  -3.207813947136226140e+00  3.716827869415283203e+00
-2.054349096590968315e-02  -1.569360325229800956e+00  2.051448162039433143e+00  -2.052893079613674843e+00  -1.570852606111730942e+00  -3.162056438379448942e+00  4.523720026016235352e+00
-2.056958356910776331e-02  -1.569323678026787405e+00  2.051411589522855294e+00  -2.052861807068301125e+00  -1.570834937030295642e+00  -3.162091334127222986e+00  4.565708875656127930e+00
-2.058876035131973481e-02  -1.569287567051199872e+00  2.051373704974878365e+00  -2.052852125271314776e+00  -1.570835468452395745e+00  -3.162117961198111615e+00  4.594652891159057617e+00
-2.078587745581828017e-02  -1.568919434326574880e+00  2.050881695629502843e+00  -2.052724350098877437e+00  -1.570806460905345148e+00  -3.162305236576861134e+00  4.625746011734008789e+00
-2.212600471696646309e-02  -1.566363313858899708e+00  2.047466237581865300e+00  -2.051952860990439831e+00  -1.570684429850182973e+00  -3.163607810782645302e+00  4.663699865341186523e+00
-2.511641641859085894e-02  -1.560655610740212751e+00  2.039846236113204370e+00  -2.050234396695914896e+00  -1.570539534280120719e+00  -3.166505389802171777e+00  4.703629016876220703e+00
-2.977599814779097187e-02  -1.551756269615237827e+00  2.027979858000254154e+00  -2.047656005355902309e+00  -1.570377444690383761e+00  -3.170868124737584282e+00  4.741800069808959961e+00
-3.588975649292791559e-02  -1.540059350528962590e+00  2.012259380688091071e+00  -2.044394709343851702e+00  -1.570095035809983663e+00  -3.176502300068946738e+00  4.780440092086791992e+00
-4.160460488738948470e-02  -1.528980901895837796e+00  1.997229649285365838e+00  -2.041336765010975718e+00  -1.569739170302845821e+00  -3.181791411058647157e+00  4.816066980361938477e+00
-4.792848259212689754e-02  -1.516523022170475521e+00  1.980209599088293970e+00  -2.037923098997662663e+00  -1.569322206427496091e+00  -3.187694438780571460e+00  4.850135087966918945e+00
-5.476804418662695184e-02  -1.502853583517987701e+00  1.961362347442619836e+00  -2.034204658905425234e+00  -1.568961603839284180e+00  -3.194107162450320558e+00  4.877731084823608398e+00
-6.203509219608704939e-02  -1.488140979616700221e+00  1.940903495813891766e+00  -2.030213493124150226e+00  -1.568721536441421094e+00  -3.200912661727819852e+00  4.909867048263549805e+00
-6.962325001936520152e-02  -1.472563251089074932e+00  1.919103673856014325e+00  -2.025982239744037905e+00  -1.568616929325208353e+00  -3.208024073157446310e+00  4.944823980331420898e+00
-7.743845962165352148e-02  -1.456331551181600403e+00  1.896281731223925959e+00  -2.021590834484163324e+00  -1.568521861476807722e+00  -3.215375168974858866e+00  4.978772878646850586e+00
-8.742952136722692558e-02  -1.435374756683176045e+00  1.866752161903114882e+00  -2.015908484994825223e+00  -1.568346313183308638e+00  -3.224799659263286600e+00  5.014220952987670898e+00
-9.754587496168909411e-02  -1.413921900125325593e+00  1.836542077077364610e+00  -2.010048205892187134e+00  -1.568076493002221738e+00  -3.234355218422837908e+00  5.052036046981811523e+00
-1.056043113084026430e-01  -1.396616961956188341e+00  1.812162532679643334e+00  -2.005304715816999206e+00  -1.567856419521346467e+00  -3.242007286068663063e+00  5.084503889083862305e+00
-1.135930300048677566e-01  -1.379210064457064178e+00  1.787725635549591630e+00  -2.000513578210536103e+00  -1.567718725998858531e+00  -3.249642488010650254e+00  5.114594936370849609e+00
-1.195559802516559245e-01  -1.366070473766201054e+00  1.769344956403903879e+00  -1.996892283318986827e+00  -1.567671592551171500e+00  -3.255355857440811462e+00  5.144602060317993164e+00
-1.274262392209415395e-01  -1.348424742152688260e+00  1.744842652464928534e+00  -1.991996049499299204e+00  -1.567632440154347329e+00  -3.262928575088711369e+00  5.173516988754272461e+00
-1.351707390576049050e-01  -1.330754904488189005e+00  1.720441043430952277e+00  -1.987046389014023084e+00  -1.567692079586885612e+00  -3.270437543909324063e+00  5.204143047332763672e+00
-1.408515098644542718e-01  -1.317570113238126339e+00  1.702374924592376715e+00  -1.983311137209272879e+00  -1.567755116615110467e+00  -3.275972311043673812e+00  5.233721017837524414e+00
-1.500169202898788967e-01  -1.295994693212101367e+00  1.673114048632626805e+00  -1.977172580375197164e+00  -1.567939976358061926e+00  -3.284925119541162175e+00  5.269397020339965820e+00
-1.569726877260535503e-01  -1.279339756265001959e+00  1.650748655015802591e+00  -1.972407390418997153e+00  -1.568159039722337056e+00  -3.291763379040997251e+00  5.306896924972534180e+00
-1.652073270078915357e-01  -1.259389840710839259e+00  1.624202441008053555e+00  -1.966678372695209731e+00  -1.568399544382650390e+00  -3.299900290476221798e+00  5.338876008987426758e+00
-1.714153038575787491e-01  -1.244127824966977158e+00  1.604103798280466009e+00  -1.962234781430660213e+00  -1.568585970759187376e+00  -3.306091803286257402e+00  5.373419046401977539e+00
-1.787565098277426046e-01  -1.225883342858502090e+00  1.580341675024089731e+00  -1.956848806865973067e+00  -1.568819256621939218e+00  -3.313483490671959686e+00  5.411499977111816406e+00
-1.842947902900888835e-01  -1.211967193794126985e+00  1.562445679186263980e+00  -1.952674656185022783e+00  -1.568974507326203138e+00  -3.319106168193060924e+00  5.444936037063598633e+00
-1.895170863758632862e-01  -1.198644697539640092e+00  1.545569707792888714e+00  -1.948627182909248745e+00  -1.569060561214403293e+00  -3.324435858824298151e+00  5.477957963943481445e+00
-1.955865371416898313e-01  -1.182924288571665095e+00  1.525899515346438307e+00  -1.943806477268435806e+00  -1.569113759233703220e+00  -3.330684997629958843e+00  5.516217947006225586e+00
-2.000525145648008873e-01  -1.171184550460590224e+00  1.511397380008551394e+00  -1.940175967614711894e+00  -1.569079376194816078e+00  -3.335330248617495386e+00  5.550591945648193359e+00
-2.041574947101523207e-01  -1.160294766601814409e+00  1.498040034543850929e+00  -1.936788433686412070e+00  -1.569018842990717033e+00  -3.339654023985346498e+00  5.584038019180297852e+00
-2.097293202419017177e-01  -1.145463258319427524e+00  1.480095581576838626e+00  -1.932113073311098717e+00  -1.568860245378017382e+00  -3.345536915737959305e+00  5.630918025970458984e+00
-2.130430490757024842e-01  -1.136535033337414902e+00  1.469402161193688272e+00  -1.929255344767386582e+00  -1.568751693267129710e+00  -3.349056457354645744e+00  5.666065931320190430e+00
-2.167442533472137001e-01  -1.126391001407852421e+00  1.457372362689863365e+00  -1.925971457464811465e+00  -1.568633788221667658e+00  -3.353020120297145468e+00  5.701416969299316406e+00
-2.194052405065640698e-01  -1.119057953047264853e+00  1.448739662152737750e+00  -1.923579136776473852e+00  -1.568552913373305380e+00  -3.355869557546707682e+00  5.735372066497802734e+00
-2.224683494035772924e-01  -1.110559595834952340e+00  1.438796512171138353e+00  -1.920791730872697833e+00  -1.568531738785980068e+00  -3.359147820292395892e+00  5.773721933364868164e+00
-2.464186434266313341e-01  -1.044989260789989771e+00  1.367789873994175176e+00  -1.893600808410240255e+00  -1.570822137554046094e+00  -3.388033915793803530e+00  6.593098878860473633e+00
-2.464014070827564851e-01  -1.045043991896438484e+00  1.367874560082137370e+00  -1.893634261899927118e+00  -1.570769867864282965e+00  -3.388005183973103129e+00  6.668596982955932617e+00
-2.430844922506310013e-01  -1.049656612590890603e+00  1.372974128118824577e+00  -1.890878406986414184e+00  -1.562056694824644154e+00  -3.391683256785352540e+00  6.757531881332397461e+00
-2.339606483433556150e-01  -1.071718770233715645e+00  1.397363006785111939e+00  -1.877499430418327009e+00  -1.528994424515131456e+00  -3.408910403509302967e+00  6.834317922592163086e+00
-2.415677371716284938e-01  -1.099365795650140143e+00  1.427796203408836950e+00  -1.860566540935714386e+00  -1.512932812124581083e+00  -3.428357236258705143e+00  6.890542984008789062e+00
-2.602305930538300061e-01  -1.132083936503164523e+00  1.463666910206311789e+00  -1.841754855713114480e+00  -1.515182140750855666e+00  -3.449724929883306146e+00  6.941297054290771484e+00
-2.976605939937417844e-01  -1.178881014089901313e+00  1.514709585080536769e+00  -1.817328989908438608e+00  -1.535480916638320537e+00  -3.478991338912042153e+00  7.018620014190673828e+00
-3.595143502325797158e-01  -1.236139695057289600e+00  1.577283738679424063e+00  -1.786158400374164401e+00  -1.570822289725079202e+00  -3.514617190373794386e+00  7.099143028259277344e+00
-4.190294144353927663e-01  -1.283710797649739277e+00  1.629588271247649267e+00  -1.759130123181100736e+00  -1.603473069450153332e+00  -3.544096795339845229e+00  7.156111955642700195e+00
-4.873695953987891016e-01  -1.330217069265478003e+00  1.680563632819274122e+00  -1.736288883838301267e+00  -1.639354037691475696e+00  -3.573708210274014974e+00  7.222568035125732422e+00
-5.590010543665790976e-01  -1.373290632563028524e+00  1.728195367509423930e+00  -1.717586985080189699e+00  -1.678410360739125196e+00  -3.604810430161979440e+00  7.286006927490234375e+00
-6.251540446521843819e-01  -1.408239469664703591e+00  1.767623253975924014e+00  -1.702488384839527136e+00  -1.716546221053924626e+00  -3.633189262378451190e+00  7.343364953994750977e+00
-6.830963409234467321e-01  -1.435950872757292274e+00  1.799509046536636570e+00  -1.690770119447039477e+00  -1.750618200153397197e+00  -3.657861872191837449e+00  7.391653060913085938e+00
-7.502672322654575510e-01  -1.465442010458342992e+00  1.834056647935449202e+00  -1.679534864970926300e+00  -1.788872918668008793e+00  -3.686855358744136169e+00  7.444519996643066406e+00
-8.070839536466323239e-01  -1.488579467235453535e+00  1.861670918946636721e+00  -1.672009025968588247e+00  -1.818686105047046198e+00  -3.712197026444048475e+00  7.491293907165527344e+00
-8.620916777495413186e-01  -1.509788382759179370e+00  1.887494687190349074e+00  -1.666373349822312555e+00  -1.844675617088370245e+00  -3.737993655295035467e+00  7.544475078582763672e+00
-9.310588835628550441e-01  -1.534967302831883984e+00  1.919008969014111665e+00  -1.661803065116025380e+00  -1.872990265439218760e+00  -3.772713374184238688e+00  7.603641033172607422e+00
-9.862597378234667644e-01  -1.554119353314820984e+00  1.943851126146424191e+00  -1.660299698995999940e+00  -1.892123099226379779e+00  -3.802790669348386388e+00  7.661771059036254883e+00
-1.029362857577254431e+00  -1.568549792599220893e+00  1.963088720568574308e+00  -1.660530825440837077e+00  -1.905030300459678472e+00  -3.827946200518699271e+00  7.714372873306274414e+00
-1.091929787597976542e+00  -1.588476781010799144e+00  1.990726781639424070e+00  -1.663999752256209774e+00  -1.920158258463963818e+00  -3.867999252500236906e+00  7.794990062713623047e+00
-1.128150718778798023e+00  -1.598883606248909572e+00  2.006357946629024447e+00  -1.669148310393907764e+00  -1.925650151057977766e+00  -3.894581254727521369e+00  7.842686891555786133e+00
-1.167518398201096375e+00  -1.607463791828887878e+00  2.021812584838662108e+00  -1.681487729773561313e+00  -1.924764655550613490e+00  -3.929947088925004550e+00  7.931737899780273438e+00
-1.189981397917186712e+00  -1.604969963501163832e+00  2.024803420306373170e+00  -1.698877318474586673e+00  -1.912753142007463936e+00  -3.959158178638388037e+00  7.999727964401245117e+00
-1.200005262849661136e+00  -1.588846402628251830e+00  2.013072715242836708e+00  -1.710179989417945023e+00  -1.892943426513339134e+00  -3.982148021460133691e+00  8.068136930465698242e+00
-1.202211200393138668e+00  -1.560798392945813795e+00  1.989300280574779478e+00  -1.717970746530021131e+00  -1.864578945547200384e+00  -4.004589488489244786e+00  8.133347988128662109e+00
-1.200409727734713883e+00  -1.544898006120188683e+00  1.975455789443154586e+00  -1.723835302933110825e+00  -1.847704673077876336e+00  -4.016003026539955556e+00  8.175504922866821289e+00
-1.196114149980188834e+00  -1.527722610471713871e+00  1.960404356545378590e+00  -1.734124846595623382e+00  -1.827216073542588859e+00  -4.028953230013740949e+00  8.226530075073242188e+00
-1.191021775157951268e+00  -1.514990188431013962e+00  1.949145602962641277e+00  -1.745050715946710795e+00  -1.810043684600551650e+00  -4.039238496427479674e+00  8.262482881546020508e+00
-1.184795284879088584e+00  -1.503188632498451582e+00  1.938600340329891480e+00  -1.757397517959759625e+00  -1.792798662157401246e+00  -4.049090925769018412e+00  8.301264047622680664e+00
-1.177707403083438464e+00  -1.492048392464938367e+00  1.928566417351891715e+00  -1.770685628475657580e+00  -1.775671277218701327e+00  -4.058464642473907702e+00  8.340942859649658203e+00
-1.170059841681251100e+00  -1.481621797295676224e+00  1.919120819398965949e+00  -1.784515491660233266e+00  -1.759028729176375982e+00  -4.067323253398598126e+00  8.384788990020751953e+00
-1.163734263802326474e+00  -1.473855631458000914e+00  1.912048653378466412e+00  -1.795740988979382280e+00  -1.746260783895401403e+00  -4.073986421623697396e+00  8.418210029602050781e+00
-1.152297161503777367e+00  -1.461141137628088948e+00  1.900479221418679643e+00  -1.816210203555717939e+00  -1.724907902310015118e+00  -4.084900924624310647e+00  8.469543933868408203e+00
-1.143875328954502280e+00  -1.452611373938226258e+00  1.892754384720241490e+00  -1.831439905570594107e+00  -1.710314278258690202e+00  -4.092242476916073457e+00  8.514740943908691406e+00
-1.135330096994801252e+00  -1.444542375074088447e+00  1.885449155997955373e+00  -1.846982391928793987e+00  -1.696362976364327757e+00  -4.099216456556348476e+00  8.548660039901733398e+00
-1.126821307168525799e+00  -1.436920810708538276e+00  1.878582346245604384e+00  -1.862540515819279818e+00  -1.683134416079552942e+00  -4.105785735992123264e+00  8.590317010879516602e+00
-1.118482920676551196e+00  -1.429778967525249911e+00  1.872192663011865932e+00  -1.877806668125355571e+00  -1.670763791528902864e+00  -4.111886102365362561e+00  8.630486011505126953e+00
-1.112020288551339497e+00  -1.424451382201874061e+00  1.867450164421843084e+00  -1.889562913315419479e+00  -1.661552278122241155e+00  -4.116413692848841066e+00  8.664985895156860352e+00
-1.104291941130663091e+00  -1.418267820846886629e+00  1.861984949469881911e+00  -1.903551621732946231e+00  -1.650915604625165400e+00  -4.121653003394467163e+00  8.704216003417968750e+00
-1.095703118805801068e+00  -1.411631506191787011e+00  1.856115786234507681e+00  -1.918995244014686463e+00  -1.639500099896427088e+00  -4.127313034503568900e+00  8.749749898910522461e+00
-1.089119972282301063e+00  -1.406799382406998866e+00  1.851777183128472615e+00  -1.930692726999350128e+00  -1.631071888371402601e+00  -4.131468970225105508e+00  8.794216871261596680e+00
-1.083050341564938179e+00  -1.402626914254724078e+00  1.847880308676259631e+00  -1.941348918081251540e+00  -1.623558427704739238e+00  -4.135135280977580763e+00  8.830726861953735352e+00
-1.077487733416738536e+00  -1.399055625483710763e+00  1.844385032868284924e+00  -1.950938450456263240e+00  -1.616885901386301505e+00  -4.138357515752979054e+00  8.868555068969726562e+00
-1.071348240240826755e+00  -1.395237224763723027e+00  1.840544092555122191e+00  -1.961526388391547471e+00  -1.609638593005363383e+00  -4.141870230090027860e+00  8.916476011276245117e+00
-1.025962774096086605e+00  -1.364398330016699745e+00  1.820718473508148527e+00  -2.027265274050929378e+00  -1.570687480423799798e+00  -4.167694224438585948e+00  9.723456859588623047e+00
-1.025998212477851723e+00  -1.364429964685250241e+00  1.820748066665423659e+00  -2.027181792518054415e+00  -1.570736512938012197e+00  -4.167655301532160905e+00  9.807714939117431641e+00
-1.025148698860139262e+00  -1.363365918965738999e+00  1.818734421598669826e+00  -2.028557806648706219e+00  -1.575025475997371416e+00  -4.164190343190398380e+00  9.887028932571411133e+00
-1.019500619704412969e+00  -1.356727819351839059e+00  1.806632162855320800e+00  -2.037365117868882081e+00  -1.599435653723208617e+00  -4.143183632461773236e+00  9.950021982192993164e+00
-1.004643746863348674e+00  -1.340857978452562271e+00  1.778264219829656767e+00  -2.064123189164703831e+00  -1.653436827997580849e+00  -4.084154038334211201e+00  1.004485702514648438e+01
-9.960993470434607033e-01  -1.334794204653712235e+00  1.765066529369931914e+00  -2.080326787205294181e+00  -1.677758579034531294e+00  -4.049255196089585951e+00  1.009760594367980957e+01
-9.758503990582969578e-01  -1.335394185877037287e+00  1.755409358333322345e+00  -2.099869600612784382e+00  -1.709884765937735196e+00  -3.989361286748324797e+00  1.017594289779663086e+01
-9.352457790113595237e-01  -1.336218026596986519e+00  1.746258211364795088e+00  -2.115104923261668546e+00  -1.740066781464761902e+00  -3.913035070372199886e+00  1.027368688583374023e+01
-9.007339339994215877e-01  -1.311019996429785728e+00  1.713413296817018150e+00  -2.142816484487196860e+00  -1.779893011389638957e+00  -3.834295342279149477e+00  1.037131094932556152e+01
-8.845684336790480273e-01  -1.289105709491711771e+00  1.687561634310132064e+00  -2.156081653643898477e+00  -1.768765382393449492e+00  -3.773158117845398785e+00  1.044374704360961914e+01
-8.679909885644478962e-01  -1.290495432684027222e+00  1.686578065638706381e+00  -2.145904820691836079e+00  -1.767380324479098874e+00  -3.715701662752973533e+00  1.052453494071960449e+01
-8.518025450082609140e-01  -1.299019828528464870e+00  1.694083286806906452e+00  -2.133209537100761111e+00  -1.781557039525388575e+00  -3.676882700822985850e+00  1.058335804939270020e+01
-8.318755959966228630e-01  -1.310376658077853307e+00  1.704865038398344135e+00  -2.116825019182236645e+00  -1.805039600869248417e+00  -3.633931908469735461e+00  1.064609503746032715e+01
-8.151983652257728252e-01  -1.320155512893316896e+00  1.714614971304306623e+00  -2.102328326036162487e+00  -1.823636659427409157e+00  -3.603006880633309983e+00  1.069538187980651855e+01
-7.963065003067475445e-01  -1.331679153544966354e+00  1.726457749359844085e+00  -2.085394897916887480e+00  -1.841563220515071819e+00  -3.573060867517496852e+00  1.073952698707580566e+01
-7.723858693457854585e-01  -1.347317876461779917e+00  1.742895181122093851e+00  -2.062814930960413129e+00  -1.861221218138457090e+00  -3.539103772331684272e+00  1.079499888420104980e+01
-7.510280181083350826e-01  -1.361941191200383372e+00  1.758624592210193738e+00  -2.041801434712950503e+00  -1.876634472907719342e+00  -3.510846630727921802e+00  1.084607291221618652e+01
-7.289677853883853587e-01  -1.377014480757097203e+00  1.774991554520231052e+00  -2.020048828407613684e+00  -1.891012031378032532e+00  -3.483512586219634333e+00  1.089772605895996094e+01
-7.063674346546475746e-01  -1.392041018747647740e+00  1.791439559847906038e+00  -1.998152983282951212e+00  -1.904444457014458081e+00  -3.457286789446284203e+00  1.093909096717834473e+01
-6.873321211856113777e-01  -1.404265637451985071e+00  1.804930013696193658e+00  -1.980151568126913730e+00  -1.914650549815295477e+00  -3.436447224337871642e+00  1.098573899269104004e+01
-6.607993498780748709e-01  -1.420526771447047309e+00  1.823084061141318823e+00  -1.955683430447788140e+00  -1.926955234238956649e+00  -3.408911308248034011e+00  1.103569602966308594e+01
-6.382951489096235775e-01  -1.433447082622357982e+00  1.837663307373556210e+00  -1.935731366135662768e+00  -1.935230942335671500e+00  -3.386868382910384057e+00  1.108380699157714844e+01
-6.196705250546985511e-01  -1.443333228856458206e+00  1.848996164241868634e+00  -1.920077156237612215e+00  -1.940298878029983243e+00  -3.369631720758483606e+00  1.112520599365234375e+01
-6.011066146331733862e-01  -1.452312952068933072e+00  1.859413291652431077e+00  -1.905383727636587921e+00  -1.943616676598221460e+00  -3.353403484965671311e+00  1.116949200630187988e+01
-5.751264616612985492e-01  -1.463206806082180123e+00  1.872302931368693635e+00  -1.886698553041975757e+00  -1.945269731098610677e+00  -3.332403955010246221e+00  1.122491908073425293e+01
-5.452170113982361954e-01  -1.473052244676058109e+00  1.884346608642881282e+00  -1.868332129272189057e+00  -1.942886195037710984e+00  -3.310837516986383733e+00  1.128705000877380371e+01
-5.185249183802866924e-01  -1.479191766336896308e+00  1.892287530258331074e+00  -1.855213415888902873e+00  -1.937145022624897628e+00  -3.294110535087496405e+00  1.134194207191467285e+01
-4.931428170317495585e-01  -1.482092293598594068e+00  1.896666249441906205e+00  -1.846671276108577509e+00  -1.928771558447134105e+00  -3.281417242731746065e+00  1.139073204994201660e+01
-4.591968121986864659e-01  -1.481765768899929725e+00  1.898049581473980396e+00  -1.840786472091428649e+00  -1.914355689491620716e+00  -3.268342225343758400e+00  1.144928097724914551e+01
-4.327649034702742981e-01  -1.479048855243504157e+00  1.896513617171070365e+00  -1.839271155022353277e+00  -1.901384575613746186e+00  -3.260006900735707536e+00  1.149039387702941895e+01
-3.943170520489251984e-01  -1.472269494447330018e+00  1.891276471574116158e+00  -1.840438484811702580e+00  -1.880558440725222269e+00  -3.249631711484595176e+00  1.154058599472045898e+01
-3.667250330533748937e-01  -1.465746523705417914e+00  1.885728247157542725e+00  -1.843281052467389713e+00  -1.864126872438721882e+00  -3.243092807256007681e+00  1.158176708221435547e+01
-3.341609383266996858e-01  -1.456585530140618090e+00  1.877597090148482195e+00  -1.848453693216953297e+00  -1.842841239976046985e+00  -3.236131327220795217e+00  1.163001608848571777e+01
-3.079072561881375236e-01  -1.448130100110805785e+00  1.869946445381755140e+00  -1.853915195922404280e+00  -1.823994721491009940e+00  -3.231041031487782877e+00  1.167397689819335938e+01
-2.777379402821882337e-01  -1.437063052065455260e+00  1.859792189383341565e+00  -1.861641498698602959e+00  -1.800360246464147274e+00  -3.225642615876308295e+00  1.172115802764892578e+01
-2.538944942002379079e-01  -1.426994616260579996e+00  1.850468513270715931e+00  -1.869028665802053624e+00  -1.780165526739096116e+00  -3.221606931496608262e+00  1.175706005096435547e+01
-2.357963600135013493e-01  -1.418496562092805391e+00  1.842536793487417057e+00  -1.875456893774128275e+00  -1.763980201171283291e+00  -3.218657945304995494e+00  1.179090690612792969e+01
-2.145119556881383005e-01  -1.407577938721267685e+00  1.832259202921131092e+00  -1.883917508540092101e+00  -1.744144888120207959e+00  -3.215306256870945401e+00  1.182710886001586914e+01
-1.986805310189136975e-01  -1.398770860085567058e+00  1.823927836734656083e+00  -1.890873119546718328e+00  -1.728852678358370198e+00  -3.212888333210883296e+00  1.186051988601684570e+01
-1.839267130585762189e-01  -1.390087091003767483e+00  1.815696127259677439e+00  -1.897871357961342653e+00  -1.714281510747794002e+00  -3.210690096273770777e+00  1.189194488525390625e+01
-1.702997655647635611e-01  -1.381651758328192869e+00  1.807695942745365159e+00  -1.904756586823655340e+00  -1.700551185096719209e+00  -3.208702645223008521e+00  1.192764687538146973e+01
-1.550416313308637939e-01  -1.371639238054793708e+00  1.798184154565428017e+00  -1.913007658803206112e+00  -1.684867785341880975e+00  -3.206507102450971036e+00  1.196869087219238281e+01
-1.415834587465143457e-01  -1.362239159456105853e+00  1.789226759054491467e+00  -1.920843974093392248e+00  -1.670732681467632652e+00  -3.204597339999833761e+00  1.200525307655334473e+01
-1.319605104075023405e-01  -1.355206372397292469e+00  1.782483559790215111e+00  -1.926813404534030383e+00  -1.660498249698120432e+00  -3.203247519417684153e+00  1.204089593887329102e+01
-1.212631169160154343e-01  -1.347027444061092538e+00  1.774612606971739837e+00  -1.933866902173816626e+00  -1.648976477506608695e+00  -3.201758819925008659e+00  1.207693600654602051e+01
-1.136919163010157163e-01  -1.340975574334342113e+00  1.768788695815979750e+00  -1.939110675509041926e+00  -1.640741241779183568e+00  -3.200709765510846072e+00  1.210980200767517090e+01
-1.067590297572165170e-01  -1.335307666103992652e+00  1.763322829574292427e+00  -1.944055825861891407e+00  -1.633185293966795015e+00  -3.199755540376509000e+00  1.214242601394653320e+01
-5.031698084521352143e-02  -1.274677306646173847e+00  1.704268034383191077e+00  -2.000521886050165676e+00  -1.570656568907667250e+00  -3.191978856616309201e+00  1.295419597625732422e+01
-5.036927161000193109e-02  -1.274731544775537628e+00  1.704316384517915894e+00  -2.000483056277015059e+00  -1.570713080758604718e+00  -3.192008834997796640e+00  1.301288890838623047e+01
-5.037591167257726710e-02  -1.274757324596937025e+00  1.704337737521840923e+00  -2.000481900487715237e+00  -1.570716793959578972e+00  -3.191990597674521535e+00  1.304193186759948730e+01
-4.999393873446500436e-02  -1.275261807093034605e+00  1.704934617551316034e+00  -2.000599503046416316e+00  -1.570737690958867283e+00  -3.191593656790034039e+00  1.307304406166076660e+01
-4.802397484165332742e-02  -1.277620428554607557e+00  1.707748415672891040e+00  -2.001199010144855350e+00  -1.570767649626819029e+00  -3.189441214141984116e+00  1.311288595199584961e+01
-4.412755525479017393e-02  -1.282124006393072335e+00  1.713172715002641011e+00  -2.002303812479954814e+00  -1.570898786823743620e+00  -3.185271145179996211e+00  1.315202498435974121e+01
-3.856550462906582766e-02  -1.288655908044420428e+00  1.721024861335528566e+00  -2.003854508557855851e+00  -1.571112755245680503e+00  -3.179330138043683807e+00  1.319227600097656250e+01
-3.166989024582811396e-02  -1.296901031099066515e+00  1.730973772852840931e+00  -2.005752630964593664e+00  -1.571239743700967750e+00  -3.172038884284559046e+00  1.322800087928771973e+01
-2.701797230486580048e-02  -1.302562650802503441e+00  1.737802325021778449e+00  -2.007023452924283191e+00  -1.571269318596517195e+00  -3.167180290621871563e+00  1.325291204452514648e+01
-2.032627740309145281e-02  -1.310780665779354592e+00  1.747809843301516119e+00  -2.008827069334383708e+00  -1.571316533811515370e+00  -3.160264443236796339e+00  1.328693509101867676e+01
-1.137573725050433637e-02  -1.321884247312329563e+00  1.761411892148828429e+00  -2.011219204298710039e+00  -1.571261870441902353e+00  -3.151091442544496246e+00  1.332348108291625977e+01
-3.871836480503709765e-03  -1.331258275480156072e+00  1.772908197954753184e+00  -2.013204520799185104e+00  -1.571146372683389636e+00  -3.143453721057209105e+00  1.335579705238342285e+01
1.850733215558619804e-03  -1.338489787041254431e+00  1.781797733631753200e+00  -2.014710300892209816e+00  -1.571008583783964241e+00  -3.137631989665671473e+00  1.338562107086181641e+01
9.558587678608621019e-03  -1.348293018803651933e+00  1.793871620323440608e+00  -2.016728236303485744e+00  -1.570766707965476350e+00  -3.129835450177121281e+00  1.341203403472900391e+01
1.728982486048362063e-02  -1.358180796556812453e+00  1.806079661732515440e+00  -2.018759773139947811e+00  -1.570451894310413543e+00  -3.122059277159896062e+00  1.344452786445617676e+01
2.496364665549612172e-02  -1.368036297261213008e+00  1.818262972776578001e+00  -2.020767118489997571e+00  -1.570146697469012587e+00  -3.114356164741683752e+00  1.347954607009887695e+01
3.430516880354612247e-02  -1.380188432920277819e+00  1.833238212763440345e+00  -2.023221004319333716e+00  -1.569753202490513644e+00  -3.104997556020121063e+00  1.351999902725219727e+01
4.330365720929612444e-02  -1.392090134893477327e+00  1.847886661305102596e+00  -2.025587376268205730e+00  -1.569421664254700310e+00  -3.096037599755583347e+00  1.355759406089782715e+01
5.021139360737112561e-02  -1.401355958419790326e+00  1.859284891097565007e+00  -2.027417103338304827e+00  -1.569226176006638163e+00  -3.089173270143608097e+00  1.358870196342468262e+01
5.681786291194611954e-02  -1.410308753426589234e+00  1.870267684169152567e+00  -2.029183622944444210e+00  -1.569153120545076163e+00  -3.082626562515608182e+00  1.362180995941162109e+01
7.174727308007111670e-02  -1.430941312970615442e+00  1.895539898571702686e+00  -2.033254030943428603e+00  -1.569337925977404069e+00  -3.067868457236982760e+00  1.370398306846618652e+01
7.700323042975860954e-02  -1.438316646333515081e+00  1.904553363858077608e+00  -2.034708887276115874e+00  -1.569490685511219397e+00  -3.062695500736007492e+00  1.373572707176208496e+01
8.299098951527110468e-02  -1.446769365907954352e+00  1.914850175592365034e+00  -2.036361504873468675e+00  -1.569609177867944183e+00  -3.056830548467145192e+00  1.377328991889953613e+01
8.728557506032109947e-02  -1.452917409880429389e+00  1.922311912048564997e+00  -2.037557879259320970e+00  -1.569610066484205646e+00  -3.052613232863619963e+00  1.380472087860107422e+01
9.118477384654609386e-02  -1.458551311998780520e+00  1.929135694351389985e+00  -2.038639091273958925e+00  -1.569526170754381056e+00  -3.048814827745532252e+00  1.383584904670715332e+01
9.477587533998359237e-02  -1.463798040775570186e+00  1.935458936972765054e+00  -2.039641957367333447e+00  -1.569365822575018221e+00  -3.045333988722532581e+00  1.386976599693298340e+01
1.337912830461727154e-01  -1.520930335207184569e+00  2.001480432941644239e+00  -2.051330144593610072e+00  -1.570858095400975429e+00  -3.007765261618171593e+00  1.469377088546752930e+01
1.337693517216340666e-01  -1.520916317001709928e+00  2.001451086055144657e+00  -2.051304947607271778e+00  -1.570849933934098885e+00  -3.007800800775282113e+00  1.473576903343200684e+01
1.337581772300726612e-01  -1.520899629525560570e+00  2.001436080255231786e+00  -2.051318956696771778e+00  -1.570855255622898738e+00  -3.007812098931531786e+00  1.476000595092773438e+01
1.336727649140971863e-01  -1.520533508700522951e+00  2.000934962869557410e+00  -2.051194147200020801e+00  -1.570838867348386181e+00  -3.007914126201907123e+00  1.479038286209106445e+01
1.332881718195721987e-01  -1.518786544211273792e+00  1.998569756755482985e+00  -2.050638692367895644e+00  -1.570898413687187301e+00  -3.008284619002308702e+00  1.481897902488708496e+01
1.322412369648340302e-01  -1.513928429467735981e+00  1.991974953459559217e+00  -2.049038916156670886e+00  -1.571042947947535851e+00  -3.009260567999358926e+00  1.485978889465332031e+01
1.309069203264465742e-01  -1.507843995373986168e+00  1.983624175430946934e+00  -2.046995003682784642e+00  -1.571186755172934824e+00  -3.010466624628955756e+00  1.489800190925598145e+01
1.286730457969351704e-01  -1.497644655822598203e+00  1.969520490096984489e+00  -2.043579645993760074e+00  -1.571414803227646928e+00  -3.012487238541293522e+00  1.494009590148925781e+01
1.259208543768970401e-01  -1.484962690988248291e+00  1.951847052511247682e+00  -2.039381967037510179e+00  -1.571712814752835641e+00  -3.015004660185390151e+00  1.497593688964843750e+01
1.234270929693712660e-01  -1.473279321742274384e+00  1.935394767468245902e+00  -2.035591155227860050e+00  -1.571970770172537613e+00  -3.017296939085939655e+00  1.500949406623840332e+01
1.207264562995957746e-01  -1.460441353065561998e+00  1.917152433740309192e+00  -2.031481522379848137e+00  -1.572298973358863705e+00  -3.019781862371100800e+00  1.504323792457580566e+01
1.178418688359208488e-01  -1.446630441444849424e+00  1.897303104033447596e+00  -2.027102890544935754e+00  -1.572697470195800307e+00  -3.022435429932176731e+00  1.507385706901550293e+01
1.148235964252330987e-01  -1.432033018382762535e+00  1.876100434694699004e+00  -2.022491764693598704e+00  -1.573155279381310834e+00  -3.025220898794213298e+00  1.510318398475646973e+01
1.117292542159704638e-01  -1.416820179247950229e+00  1.853923107339237930e+00  -2.017690791476536738e+00  -1.573597924099109591e+00  -3.028096082071911610e+00  1.513670492172241211e+01
1.085816880305587873e-01  -1.401166035387637621e+00  1.831003927290749900e+00  -2.012728843292999059e+00  -1.573994031967473006e+00  -3.031032391961151262e+00  1.516724395751953125e+01
1.053876588207582898e-01  -1.385173696597737703e+00  1.807551050368413570e+00  -2.007666188641949567e+00  -1.574372538816534828e+00  -3.034017416514153354e+00  1.519909906387329102e+01
1.021932567848589102e-01  -1.368994673577000221e+00  1.783894638542516731e+00  -2.002554948988849226e+00  -1.574715032094623268e+00  -3.037020856161779747e+00  1.522981786727905273e+01
9.904197965563454886e-02  -1.352634974236588405e+00  1.760094663518703584e+00  -1.997404362266824052e+00  -1.575011967844375249e+00  -3.040017589742317838e+00  1.526283502578735352e+01
9.592153607701003892e-02  -1.336118368323527150e+00  1.736161237358118115e+00  -1.992189773109699580e+00  -1.575238772163462642e+00  -3.043019497798255202e+00  1.529117798805236816e+01
9.282024961707247002e-02  -1.319485587618201450e+00  1.712185907999618451e+00  -1.986912630173649497e+00  -1.575367700565449169e+00  -3.046006325198954201e+00  1.532514500617980957e+01
8.975665301113444627e-02  -1.302842144017014370e+00  1.688349660721881307e+00  -1.981599149341886523e+00  -1.575374861530437265e+00  -3.048954322976463516e+00  1.535739898681640625e+01
8.605954695524697939e-02  -1.282273538192701956e+00  1.659095509066369267e+00  -1.975002492136798793e+00  -1.575218381505899323e+00  -3.052538203984816789e+00  1.539647507667541504e+01
8.253970003327193439e-02  -1.262299334878626667e+00  1.630946688086068797e+00  -1.968605543502386368e+00  -1.574876048788324212e+00  -3.055987272196329485e+00  1.543836903572082520e+01
7.985132827898411279e-02  -1.246899863529814745e+00  1.609441967459005696e+00  -1.963656709533823985e+00  -1.574582566712886766e+00  -3.058628643163643801e+00  1.547397494316101074e+01
7.670061862025878696e-02  -1.228512762602989916e+00  1.584084774369168613e+00  -1.957711329349436369e+00  -1.574318702691110516e+00  -3.061759261460869297e+00  1.550859093666076660e+01
7.433104892083441939e-02  -1.214423813911990280e+00  1.564902535447506793e+00  -1.953090010912211127e+00  -1.574191345294334354e+00  -3.064149981497308772e+00  1.554345107078552246e+01
7.209458202367180490e-02  -1.200868628176915642e+00  1.546675012146581096e+00  -1.948593036842347637e+00  -1.574096039234009758e+00  -3.066438109602646733e+00  1.557553887367248535e+01
6.995991591038475121e-02  -1.187807537290302307e+00  1.529334264953917888e+00  -1.944234230528234519e+00  -1.574078500514310974e+00  -3.068623642774596760e+00  1.560940289497375488e+01
6.744592218440992326e-02  -1.172251487538977344e+00  1.508976743446093671e+00  -1.939015687516171482e+00  -1.574135509580070647e+00  -3.071205361987672688e+00  1.564314389228820801e+01
6.556425548928501712e-02  -1.160491509872614735e+00  1.493795992230568359e+00  -1.935055359690983856e+00  -1.574170210102181500e+00  -3.073140638163609495e+00  1.568150997161865234e+01
6.382452454334686109e-02  -1.149417746318976974e+00  1.479688081191505411e+00  -1.931296343003745974e+00  -1.574174971578393922e+00  -3.074961568545962365e+00  1.570994901657104492e+01
6.184959001014700419e-02  -1.136658129892977875e+00  1.463634486080930941e+00  -1.926910046831557644e+00  -1.574061825198244335e+00  -3.077062585769276382e+00  1.574875903129577637e+01
6.007635629330998484e-02  -1.125034359390239658e+00  1.449250819767693876e+00  -1.922867504043520803e+00  -1.573887204213057167e+00  -3.078963501670202163e+00  1.579038190841674805e+01
5.878418069977264793e-02  -1.116522656430589677e+00  1.438834992000968427e+00  -1.919887583036696377e+00  -1.573688619755419182e+00  -3.080343844467986258e+00  1.582444000244140625e+01
5.731300011891082846e-02  -1.106788182632289619e+00  1.427066760513843846e+00  -1.916482686508458322e+00  -1.573359296934230933e+00  -3.081911884856811668e+00  1.586174106597900391e+01
5.626122169304803577e-02  -1.099704770004239940e+00  1.418570546529269727e+00  -1.913996695805682435e+00  -1.572989832036218338e+00  -3.083036842531210908e+00  1.589883804321289062e+01
5.529622172827242110e-02  -1.093104807923952926e+00  1.410698488527369676e+00  -1.911685209424257792e+00  -1.572587272686906346e+00  -3.084078557673297638e+00  1.592929196357727051e+01
4.488775010366115314e-02  -1.025027379438952835e+00  1.336313499174254238e+00  -1.882037016471421964e+00  -1.570791063868197668e+00  -3.096644392176362004e+00  1.674592208862304688e+01
4.494332547469864769e-02  -1.025098301330118034e+00  1.336389304158929203e+00  -1.882061281137621833e+00  -1.570763869955644765e+00  -3.096610023294049441e+00  1.683787703514099121e+01
4.577856710107364169e-02  -1.026969647188519019e+00  1.338444268060129394e+00  -1.881613533348795997e+00  -1.567811376800682055e+00  -3.098209190811310521e+00  1.691299295425415039e+01
5.097736122202364134e-02  -1.044751599923703367e+00  1.357997564247291900e+00  -1.876532277005958704e+00  -1.544688943398682568e+00  -3.113435783974939142e+00  1.698011302947998047e+01
5.111900315579820386e-02  -1.067013187404427299e+00  1.382537851509916704e+00  -1.867529721884084282e+00  -1.531903657913006533e+00  -3.131426755315089849e+00  1.703328704833984375e+01
4.468012514156161075e-02  -1.099781182367840060e+00  1.418568967892791743e+00  -1.851227688319435849e+00  -1.531196180263718176e+00  -3.156835592510102373e+00  1.708430409431457520e+01
3.365709950346129631e-02  -1.131976787955302655e+00  1.453978926501191760e+00  -1.833707932442910860e+00  -1.541076442356480669e+00  -3.181121741368166056e+00  1.713550496101379395e+01
1.827265085639773190e-02  -1.167260181876930147e+00  1.492791253659241812e+00  -1.815040175550786117e+00  -1.557091229554579570e+00  -3.207206266590176824e+00  1.718629097938537598e+01
-4.804273767277322804e-03  -1.211741798790452407e+00  1.541674230115466893e+00  -1.794783283801874241e+00  -1.580956219190703393e+00  -3.239363668467152735e+00  1.723635792732238770e+01
-2.879860411917789520e-02  -1.252162448786590332e+00  1.586171110125416783e+00  -1.779774746382986272e+00  -1.604261472630527763e+00  -3.268001956852605971e+00  1.728925108909606934e+01
-6.661108852347652487e-02  -1.308271623816903428e+00  1.647963847605141696e+00  -1.762889788647811429e+00  -1.636896243638155113e+00  -3.306982032237083757e+00  1.734682297706604004e+01
-1.061410213187254925e-01  -1.358814393900352968e+00  1.703581727098692156e+00  -1.749942965359549518e+00  -1.665167486869076896e+00  -3.341439408497747010e+00  1.740786695480346680e+01
-1.519034695372365462e-01  -1.410017114332978494e+00  1.759893364855841913e+00  -1.738462267707074460e+00  -1.692166947581990044e+00  -3.375954686666034377e+00  1.746192407608032227e+01
-2.017048681852386949e-01  -1.461285816288391715e+00  1.816454572706604598e+00  -1.725514543106174692e+00  -1.719693119504654533e+00  -3.410090626626054444e+00  1.752012896537780762e+01
-2.837499661989610900e-01  -1.547173936256591276e+00  1.913166062531854283e+00  -1.696083898227298548e+00  -1.776750433685105435e+00  -3.466371239875464028e+00  1.761791706085205078e+01
-3.436896788443437600e-01  -1.610325443005752533e+00  1.990609524738279124e+00  -1.668253194993686073e+00  -1.834857505649765130e+00  -3.509205668286339730e+00  1.769335007667541504e+01
-4.083897950919972430e-01  -1.655462979923603584e+00  2.050043994234679090e+00  -1.647455544380123982e+00  -1.891275051521937201e+00  -3.544198249819061175e+00  1.776885986328125000e+01
-4.539922341874564893e-01  -1.680877500288142201e+00  2.083333018882128851e+00  -1.637057549386386590e+00  -1.925497077786962663e+00  -3.567308360894358543e+00  1.781405997276306152e+01
-5.002335966481687990e-01  -1.703704864768242899e+00  2.112653709144678871e+00  -1.628901901457411761e+00  -1.954370050650901192e+00  -3.590827203235020804e+00  1.785921597480773926e+01
-5.399468794258215354e-01  -1.720801163668593148e+00  2.134583493855766623e+00  -1.623622720132811281e+00  -1.973988541538236774e+00  -3.610566752821572578e+00  1.790618896484375000e+01
-5.969502976352227819e-01  -1.741622264535280351e+00  2.161747097566017128e+00  -1.618579148171961357e+00  -1.995143847854972563e+00  -3.638396986779547149e+00  1.795616602897644043e+01
-6.297803959574217458e-01  -1.751857711019727759e+00  2.175462084080679315e+00  -1.617084430178886478e+00  -2.004007468385548663e+00  -3.654540768004132190e+00  1.799146890640258789e+01
-6.705503659025850993e-01  -1.762824023178888311e+00  2.190627314946129722e+00  -1.616933072560588158e+00  -2.011705298732760383e+00  -3.675021916966370483e+00  1.802651095390319824e+01
-7.105599862648119824e-01  -1.771492832591251343e+00  2.203342596597041680e+00  -1.619040025498726720e+00  -2.015608289810824516e+00  -3.695701304802245346e+00  1.807070899009704590e+01
-7.569002297451774552e-01  -1.778601010426637430e+00  2.215072469431166979e+00  -1.624747503241326996e+00  -2.015556207079586493e+00  -3.720552271367584041e+00  1.812020087242126465e+01
-8.463739985663032428e-01  -1.782200721216333328e+00  2.227326297266879251e+00  -1.647384628112440907e+00  -2.000563218587172010e+00  -3.772636820802235391e+00  1.822655892372131348e+01
-9.053565567897052802e-01  -1.775896101865559018e+00  2.226839967940605902e+00  -1.675062279263025644e+00  -1.974950769072721712e+00  -3.813487520551348098e+00  1.831268095970153809e+01
-9.284395350889909082e-01  -1.772600875531383124e+00  2.226372145965767047e+00  -1.693528726367413029e+00  -1.955719877129221018e+00  -3.834480632639660769e+00  1.835909986495971680e+01
-9.433500503965142059e-01  -1.769569634156132665e+00  2.225579716424480381e+00  -1.710437050392901170e+00  -1.937466639016433234e+00  -3.851241622284986121e+00  1.840347194671630859e+01
-9.577342255853515951e-01  -1.763521276396469162e+00  2.222018543979618954e+00  -1.731663184916815368e+00  -1.913947685530983378e+00  -3.870601966305162733e+00  1.844782900810241699e+01
-9.709433354902774482e-01  -1.752247574546345277e+00  2.213367778595833002e+00  -1.756907809172179924e+00  -1.884973924585533034e+00  -3.892371510288210601e+00  1.850460290908813477e+01
-9.782705467485772743e-01  -1.741988360169719030e+00  2.204813017148243404e+00  -1.774897756997578568e+00  -1.863727406945183240e+00  -3.907272854344896018e+00  1.854582595825195312e+01
-9.839404619405485164e-01  -1.730517565196769247e+00  2.194893656452794772e+00  -1.792635840422704518e+00  -1.842419006242483448e+00  -3.921521340053619298e+00  1.858554196357727051e+01
-9.880551705833120479e-01  -1.718206479567919942e+00  2.183994999559470074e+00  -1.809964326453027184e+00  -1.821286663912970560e+00  -3.935065047225105417e+00  1.862347698211669922e+01
-9.912405659620375786e-01  -1.702633254412932118e+00  2.169924450925169168e+00  -1.830147306986852129e+00  -1.796489073535120440e+00  -3.950469834347888565e+00  1.866729807853698730e+01
-9.926353486572256912e-01  -1.689326437187782304e+00  2.157701921822868130e+00  -1.846329777058603128e+00  -1.776613484785945829e+00  -3.962515763200212149e+00  1.871132588386535645e+01
-9.930903696646655732e-01  -1.675820144989057958e+00  2.145169315017732004e+00  -1.861879514590489393e+00  -1.757621060933257873e+00  -3.973824347935035917e+00  1.875198602676391602e+01
-9.926643722429284722e-01  -1.659266034669908407e+00  2.129661333187657490e+00  -1.879936608238114815e+00  -1.735978506947769340e+00  -3.986535849735648895e+00  1.879743409156799316e+01
-9.916909937159532618e-01  -1.645220466277257820e+00  2.116441242887393770e+00  -1.894466517468915256e+00  -1.718911287568845481e+00  -3.996458657090849798e+00  1.884265708923339844e+01
-9.902964177365154441e-01  -1.631159477544633418e+00  2.103138099854154675e+00  -1.908493899688480155e+00  -1.702827258842032343e+00  -4.005782684149775008e+00  1.888150906562805176e+01
-9.882128986490030798e-01  -1.614557555341733064e+00  2.087321892387144828e+00  -1.924464412321256646e+00  -1.684948931396856864e+00  -4.016126024804101746e+00  1.892826104164123535e+01
-9.854161724613907936e-01  -1.596123389072170440e+00  2.069653785900431586e+00  -1.941671230259840897e+00  -1.666270788858069452e+00  -4.026947231311353903e+00  1.897915291786193848e+01
-9.832880060882400741e-01  -1.583871555391558772e+00  2.057911941761130237e+00  -1.952808477192114367e+00  -1.654447894864006230e+00  -4.033837525555831860e+00  1.901874804496765137e+01
-9.806912226463770921e-01  -1.570326288376758583e+00  2.044867676691429992e+00  -1.964946545734880701e+00  -1.641928770742269172e+00  -4.041205806751857921e+00  1.907278394699096680e+01
-9.781686809760135048e-01  -1.558079236313634652e+00  2.033053253356115420e+00  -1.975758872940943434e+00  -1.631137471853318921e+00  -4.047634118069144193e+00  1.911962985992431641e+01
-9.761647090905016810e-01  -1.548640401266935029e+00  2.023950316807653138e+00  -1.983993421832581205e+00  -1.623091533508318918e+00  -4.052484417193655375e+00  1.915637302398681641e+01
-9.734186399284254776e-01  -1.535585628900947519e+00  2.011333693881748985e+00  -1.995458877094105077e+00  -1.611887100374693738e+00  -4.059253653817993523e+00  1.921196007728576660e+01
-9.502710204894064816e-01  -1.475408841045149799e+00  1.951954231317520438e+00  -2.047418942824570820e+00  -1.570698880441614875e+00  -4.091982133008396971e+00  2.000826287269592285e+01
-9.502859261441436445e-01  -1.475467914411815684e+00  1.952012861641620356e+00  -2.047380489601872355e+00  -1.570728387177325658e+00  -4.091919527791995748e+00  2.007652592658996582e+01
-9.468320068478446316e-01  -1.473357051380528304e+00  1.947357039313509119e+00  -2.048261324701382335e+00  -1.578513166887839603e+00  -4.084812990991245840e+00  2.017078590393066406e+01
-9.144613118219435677e-01  -1.461816170814802973e+00  1.918730194102622022e+00  -2.049164510942605766e+00  -1.632216365468078578e+00  -4.028118024342032477e+00  2.026704907417297363e+01
-8.742685768107305577e-01  -1.466848780790861895e+00  1.914464649688561781e+00  -2.031689835572468183e+00  -1.674116085431554879e+00  -3.968728868987332348e+00  2.034170889854431152e+01
-8.427747074614302392e-01  -1.479042361679685058e+00  1.921992499542474642e+00  -2.007438144259007018e+00  -1.707396027871588728e+00  -3.913450861074057485e+00  2.040929508209228516e+01
-8.169567733826061939e-01  -1.488420583699911148e+00  1.928092982008324574e+00  -1.988258608963580976e+00  -1.728116780650223561e+00  -3.870240881608195238e+00  2.045724797248840332e+01
-7.873118050574436921e-01  -1.496803624199451122e+00  1.932907874351187161e+00  -1.969034012039355908e+00  -1.747794110051074767e+00  -3.824906100018769628e+00  2.050166702270507812e+01
-7.509852947505306631e-01  -1.506152821830736954e+00  1.938272664389724342e+00  -1.945804572246943920e+00  -1.773150564441788646e+00  -3.770184006076157779e+00  2.056071805953979492e+01
-7.140442332897816158e-01  -1.515230248660762058e+00  1.943725568848674090e+00  -1.922034851333369154e+00  -1.800091545978311558e+00  -3.714757945836945296e+00  2.061694002151489258e+01
-6.777302911492810722e-01  -1.523876789990437075e+00  1.949062920847098868e+00  -1.898199654572343853e+00  -1.827036905195162930e+00  -3.659555077385644672e+00  2.066788792610168457e+01
-6.468788770226812090e-01  -1.530482530107160954e+00  1.953104160747848761e+00  -1.878266108461931871e+00  -1.848409321818849094e+00  -3.612929401641907123e+00  2.072110295295715332e+01
-6.108755387693811656e-01  -1.537058137574435435e+00  1.956968403144111246e+00  -1.855880013711393772e+00  -1.870286215686435938e+00  -3.559488248533332566e+00  2.077675008773803711e+01
-5.749577843092312790e-01  -1.542742338615848752e+00  1.960171556799361170e+00  -1.834015432453394823e+00  -1.889327719644111170e+00  -3.506802465606794428e+00  2.083212208747863770e+01
-5.342735454761191605e-01  -1.548087421745400150e+00  1.962821112732248574e+00  -1.809905929725657003e+00  -1.907800080140784615e+00  -3.448059577416544563e+00  2.089583992958068848e+01
-5.095876097780198677e-01  -1.550693678716665858e+00  1.963841577153348616e+00  -1.795583191336532103e+00  -1.917596106650798049e+00  -3.412610226931107160e+00  2.094038987159729004e+01
-4.809423822029330609e-01  -1.552915177999715013e+00  1.964226910427798956e+00  -1.779447064036293824e+00  -1.927932796481286459e+00  -3.371745544721982402e+00  2.098504805564880371e+01
-4.578072625428593057e-01  -1.553850215252552402e+00  1.963688535220949660e+00  -1.767150145907568692e+00  -1.935585593281135885e+00  -3.339218026215607704e+00  2.102461504936218262e+01
-4.309643845221851066e-01  -1.553788989901264017e+00  1.961923495744610335e+00  -1.753763779786106092e+00  -1.943596430159033162e+00  -3.302060320011557693e+00  2.107242298126220703e+01
-4.010309069343724886e-01  -1.552162553453888094e+00  1.958393383525594444e+00  -1.740126537671206286e+00  -1.951197980195107817e+00  -3.261376809630994522e+00  2.112793087959289551e+01
-3.767273635679968535e-01  -1.549502355203951076e+00  1.954260584478468843e+00  -1.730055603099392769e+00  -1.956077235663709502e+00  -3.228868883179806470e+00  2.117807507514953613e+01
-3.536010918803595970e-01  -1.545840927483150828e+00  1.949257140308468195e+00  -1.721465558406817919e+00  -1.959271827914873754e+00  -3.198624282828931520e+00  2.122080993652343750e+01
-3.289483019224102023e-01  -1.541244647923788236e+00  1.943408901102603892e+00  -1.714388154413967413e+00  -1.958926794410099426e+00  -3.170603550597793863e+00  2.127291607856750488e+01
-2.906160885867850041e-01  -1.533353030198737699e+00  1.933996543096366594e+00  -1.707574026981243165e+00  -1.950815172559773991e+00  -3.136701359267456635e+00  2.133546996116638184e+01
-2.638689640374609624e-01  -1.527059220539587869e+00  1.926900013030342862e+00  -1.705132997118417038e+00  -1.941788685884349164e+00  -3.117465986425981495e+00  2.137808299064636230e+01
-2.356710062468607703e-01  -1.519420365163351327e+00  1.918504275848494700e+00  -1.704466804141254954e+00  -1.930424334075087955e+00  -3.099632665482693561e+00  2.141171002388000488e+01
-2.004618817550234411e-01  -1.508131443376263370e+00  1.906339208893495396e+00  -1.706434609091516563e+00  -1.914216489487112760e+00  -3.080084983083718697e+00  2.145927596092224121e+01
-1.586800180815108874e-01  -1.492278918030999435e+00  1.889499944147072341e+00  -1.712412384783331021e+00  -1.892566807026200060e+00  -3.059671059962993933e+00  2.151833200454711914e+01
-1.292581364969613844e-01  -1.479599249978024389e+00  1.876190233016210129e+00  -1.718706594330081217e+00  -1.875883447820637429e+00  -3.046586770705994152e+00  2.156219005584716797e+01
-8.948003571011131640e-02  -1.460216803653512585e+00  1.856068703570334932e+00  -1.730059274630697530e+00  -1.851208667955875242e+00  -3.030223316439144554e+00  2.161368298530578613e+01
-5.703959050384721507e-02  -1.442293082594300557e+00  1.837648222684684640e+00  -1.741877526162172174e+00  -1.828925633814412421e+00  -3.017770373394518924e+00  2.166574406623840332e+01
-2.651217172180952986e-02  -1.423716819508375586e+00  1.818603879380995991e+00  -1.755032108203733898e+00  -1.805989472531412510e+00  -3.006659010309431057e+00  2.170677590370178223e+01
-2.871961847509041377e-03  -1.408097275567574691e+00  1.802669797840170673e+00  -1.766529333315457251e+00  -1.786885776187462582e+00  -2.998365033524530876e+00  2.174875187873840332e+01
1.913526435511572060e-02  -1.392335403645510894e+00  1.786620554888610712e+00  -1.778549851464656939e+00  -1.767997951422588088e+00  -2.990827352063143429e+00  2.178858995437622070e+01
3.956770252704071983e-02  -1.376358245737460351e+00  1.770387052873122258e+00  -1.791111236773659243e+00  -1.749466171056150543e+00  -2.983984508229231114e+00  2.183078694343566895e+01
5.849870622237822448e-02  -1.360282263722272234e+00  1.754111395698545905e+00  -1.804109634053858713e+00  -1.731481691074476359e+00  -2.977788319981568677e+00  2.186842894554138184e+01
7.597086710330322457e-02  -1.344380243620472370e+00  1.738043956219046393e+00  -1.817320125951024323e+00  -1.714265342358725519e+00  -2.972164463903406162e+00  2.190938997268676758e+01
9.194332650277822760e-02  -1.328921207259521786e+00  1.722419210362655662e+00  -1.830381982020623965e+00  -1.698060947980200019e+00  -2.967064724105818563e+00  2.194965887069702148e+01
1.090448009628032233e-01  -1.311386368799509761e+00  1.704761643705343666e+00  -1.845470880260833724e+00  -1.680239356911375381e+00  -2.961662724552267978e+00  2.199510908126831055e+01
1.192506101481782266e-01  -1.300461512414421428e+00  1.693780068644806569e+00  -1.854985214771019741e+00  -1.669434465002874290e+00  -2.958480191566855488e+00  2.203227496147155762e+01
1.306784500375907099e-01  -1.287788701045647244e+00  1.681065224554369131e+00  -1.866128231002932125e+00  -1.657159747145949602e+00  -2.954954146300368123e+00  2.207111597061157227e+01
1.444282198092906866e-01  -1.271950516429909861e+00  1.665207910655869483e+00  -1.880280036510741937e+00  -1.642160358661011621e+00  -2.950776793177692703e+00  2.212382388114929199e+01
1.527932146413781833e-01  -1.261987941043797967e+00  1.655256236777368883e+00  -1.889283212923338340e+00  -1.632937404589186237e+00  -2.948261291721242294e+00  2.217030501365661621e+01
1.603022437826407132e-01  -1.252838314439585155e+00  1.646124448149405950e+00  -1.897638719287289888e+00  -1.624593655647810664e+00  -2.945997843563217256e+00  2.220776295661926270e+01
2.110465039939741771e-01  -1.183182968737416019e+00  1.576528775088406942e+00  -1.964290316932068237e+00  -1.570646549602317421e+00  -2.930658667593885269e+00  2.302117800712585449e+01
2.109966472170246021e-01  -1.183219544268242274e+00  1.576574976570194186e+00  -1.964257295051154983e+00  -1.570688801240766708e+00  -2.930660416620684661e+00  2.307767295837402344e+01
2.109863422895621454e-01  -1.183234004841644094e+00  1.576587257300144040e+00  -1.964236688637029715e+00  -1.570709297932680215e+00  -2.930643956456459698e+00  2.310511088371276855e+01
2.110437825275619517e-01  -1.183545203406183077e+00  1.576975627806781466e+00  -1.964331943846453044e+00  -1.570733063082942138e+00  -2.930556313115023404e+00  2.313917303085327148e+01
2.115941182188994796e-01  -1.185606498383894092e+00  1.579625486109631272e+00  -1.964917877860202111e+00  -1.570750474121467732e+00  -2.929959676752548425e+00  2.317806005477905273e+01
2.128673827676244856e-01  -1.190150581773094629e+00  1.585495704091831382e+00  -1.966204435699189901e+00  -1.570760119881608574e+00  -2.928689329425998356e+00  2.321599292755126953e+01
2.152444984565619890e-01  -1.198867933713835043e+00  1.596684021470181403e+00  -1.968540507736115330e+00  -1.570767553677120176e+00  -2.926294731095585799e+00  2.326597905158996582e+01
2.172435777028370041e-01  -1.206349656884786015e+00  1.606337643553406469e+00  -1.970504308978565433e+00  -1.570765413183258907e+00  -2.924256989342135959e+00  2.329521298408508301e+01
2.194852944813745210e-01  -1.214909701381774454e+00  1.617520177282981697e+00  -1.972766000128128638e+00  -1.570761093715659307e+00  -2.921955874557235600e+00  2.332700204849243164e+01
2.219323638202870264e-01  -1.224343711404548785e+00  1.630061213900406702e+00  -1.975276503704115783e+00  -1.570755410096647431e+00  -2.919449304476823048e+00  2.335738492012023926e+01
2.245361748904745602e-01  -1.234413485699175084e+00  1.643646415095369129e+00  -1.977988281369977841e+00  -1.570749581842536102e+00  -2.916786526785072997e+00  2.339137005805969238e+01
2.272581061273995506e-01  -1.244939823973187032e+00  1.658028843490556570e+00  -1.980858590071216341e+00  -1.570741751598785818e+00  -2.914019425888548120e+00  2.341917300224304199e+01
2.300179907413120450e-01  -1.255768060100811212e+00  1.672928134680018886e+00  -1.983820116917902610e+00  -1.570725992772436186e+00  -2.911196191598935279e+00  2.345441198348999023e+01
2.334759770032495407e-01  -1.269539657901997742e+00  1.691879547968694109e+00  -1.987617077757127149e+00  -1.570707393463261603e+00  -2.907641881036472586e+00  2.349133300781250000e+01
2.369127975832370503e-01  -1.283308077097345290e+00  1.710882646921894290e+00  -1.991456467115298778e+00  -1.570694697927773831e+00  -2.904110230083535082e+00  2.353450703620910645e+01
2.396452894456245486e-01  -1.294172524422595671e+00  1.725848463984731795e+00  -1.994522773658150783e+00  -1.570678722786898796e+00  -2.901343334172672428e+00  2.356792593002319336e+01
2.429503093599495733e-01  -1.307464170256947611e+00  1.744077823837856700e+00  -1.998320993467924467e+00  -1.570669003979573652e+00  -2.897983425182397266e+00  2.360480904579162598e+01
2.454769668907495761e-01  -1.317831596399173577e+00  1.758227574508031799e+00  -2.001298523205814917e+00  -1.570657696605885612e+00  -2.895400576968009787e+00  2.363706898689270020e+01
2.479048697168120818e-01  -1.327895469930286509e+00  1.771810851228744488e+00  -2.004206612835703893e+00  -1.570650792214797420e+00  -2.892924628347797178e+00  2.367364192008972168e+01
2.508052175702870645e-01  -1.339942252816062052e+00  1.787890321758456968e+00  -2.007703193446953804e+00  -1.570641260892036151e+00  -2.890008950477621852e+00  2.370638799667358398e+01
2.529943080885995732e-01  -1.349095821188697641e+00  1.799963634704431881e+00  -2.010376593771843190e+00  -1.570636978812897766e+00  -2.887830185272184824e+00  2.374450492858886719e+01
2.559797621016871028e-01  -1.361873345507648381e+00  1.816634920555894706e+00  -2.014145155241305218e+00  -1.570631843573123021e+00  -2.884835816265847175e+00  2.378839302062988281e+01
2.577639841419370748e-01  -1.369702473273136434e+00  1.826727561839069702e+00  -2.016459899418991952e+00  -1.570635478534185836e+00  -2.883027710174934199e+00  2.382102298736572266e+01
2.597970847614120560e-01  -1.378723931465247077e+00  1.838229991651494810e+00  -2.019124811115265317e+00  -1.570682272149085179e+00  -2.880981064480521603e+00  2.386088705062866211e+01
2.612783422660745480e-01  -1.385294219221997025e+00  1.846573791799219766e+00  -2.021058550264179132e+00  -1.570683623547597385e+00  -2.879509117988371170e+00  2.389523506164550781e+01
2.629981607564620405e-01  -1.392903927828182731e+00  1.856205296832057261e+00  -2.023309158234255278e+00  -1.570692488799959818e+00  -2.877810566670671033e+00  2.393220686912536621e+01
2.770476539250870118e-01  -1.453116523470223242e+00  1.926744762721963156e+00  -2.044456780906378057e+00  -1.570762895383256641e+00  -2.864496814795021606e+00  2.474051499366760254e+01
2.770354739985112502e-01  -1.453077706162861027e+00  1.926707665683050408e+00  -2.044436632837554058e+00  -1.570762349129556590e+00  -2.864505331864485527e+00  2.478631401062011719e+01
2.770304884121105315e-01  -1.453043096811585499e+00  1.926665610193335709e+00  -2.044417221307367249e+00  -1.570771842266918128e+00  -2.864503143604472335e+00  2.481747007369995117e+01
2.770673322349105350e-01  -1.452409145724885775e+00  1.925759740979810175e+00  -2.044172229248967021e+00  -1.570764313846680693e+00  -2.864464845869146181e+00  2.484894394874572754e+01
2.772818580689229706e-01  -1.449400559567822988e+00  1.921425061845109639e+00  -2.042999497290241884e+00  -1.570776072503781151e+00  -2.864166011942846701e+00  2.488361001014709473e+01
2.777079122198354844e-01  -1.443456084631759673e+00  1.912851477140961265e+00  -2.040674797921554706e+00  -1.570767328995192003e+00  -2.863622419107971329e+00  2.492506289482116699e+01
2.783156544953980238e-01  -1.434780634499322360e+00  1.900224578736324332e+00  -2.037324628438367036e+00  -1.570815936508044075e+00  -2.862822440817896386e+00  2.496780490875244141e+01
2.789202594418729864e-01  -1.426061583931647725e+00  1.887449213394223335e+00  -2.034009925529391971e+00  -1.570908748372843888e+00  -2.861965178687046585e+00  2.499934697151184082e+01
2.796169549166979684e-01  -1.415965083600609908e+00  1.872499287276649937e+00  -2.030219170923566629e+00  -1.570962579086256916e+00  -2.860997189545884112e+00  2.503370308876037598e+01
2.805981442198604014e-01  -1.401631601912323610e+00  1.851114224387824692e+00  -2.024885181779754184e+00  -1.570957784856658712e+00  -2.859721645444608829e+00  2.507166004180908203e+01
2.816755388185603892e-01  -1.385759604933210376e+00  1.827059404495161132e+00  -2.019012052119929734e+00  -1.570806245049197969e+00  -2.858371900293858570e+00  2.510796904563903809e+01
2.825941797880479056e-01  -1.372199946295073580e+00  1.806252292664119352e+00  -2.014000284895154813e+00  -1.570657608988797804e+00  -2.857242644067720772e+00  2.514134407043457031e+01
2.835535889636854323e-01  -1.357989039788448871e+00  1.784407180022444805e+00  -2.008757295399891341e+00  -1.570640466228223175e+00  -2.856083331300058870e+00  2.517370986938476562e+01
2.845334992620354719e-01  -1.343291536623312687e+00  1.761713064913505988e+00  -2.003338101626829015e+00  -1.570713135978522246e+00  -2.854907773230396462e+00  2.520922708511352539e+01
2.855288966204604373e-01  -1.328227172903437392e+00  1.738467310602279881e+00  -1.997788255470203111e+00  -1.570865298679496647e+00  -2.853724832221571361e+00  2.524056386947631836e+01
2.865235650458854422e-01  -1.312952787472774219e+00  1.714905910952865042e+00  -1.992136737347690811e+00  -1.571042773505583412e+00  -2.852554971475358858e+00  2.527355909347534180e+01
2.877595018982728736e-01  -1.293604388160062513e+00  1.685214494294115184e+00  -1.984913058046879009e+00  -1.571235087138683539e+00  -2.851127199178670857e+00  2.531148099899291992e+01
2.887366262317228593e-01  -1.277921983878649748e+00  1.661281412127801893e+00  -1.979009158974453619e+00  -1.571359877859149989e+00  -2.850022991175945819e+00  2.534471392631530762e+01
2.899257193496978524e-01  -1.258175307751775662e+00  1.631377008836039977e+00  -1.971575680079340032e+00  -1.571558812448149212e+00  -2.848686713918820779e+00  2.537999391555786133e+01
2.910666622171728668e-01  -1.238506982936987022e+00  1.601828428210201771e+00  -1.964160589726390072e+00  -1.571691287660563319e+00  -2.847416574967758240e+00  2.542086100578308105e+01
2.919423215749354372e-01  -1.222958989998461199e+00  1.578708272487863162e+00  -1.958259069497215066e+00  -1.571777064058576201e+00  -2.846448958359883097e+00  2.545572209358215332e+01
2.929949027911604165e-01  -1.203957098765986444e+00  1.550765216647263856e+00  -1.950972247902115875e+00  -1.571880583236476170e+00  -2.845312953076232887e+00  2.549201893806457520e+01
2.938017759003854201e-01  -1.189223308403262180e+00  1.529383258477913898e+00  -1.945266468723264808e+00  -1.571925670022052302e+00  -2.844475354991183202e+00  2.552883291244506836e+01
2.945908345678729390e-01  -1.175096886944573704e+00  1.509006332290264041e+00  -1.939752478923289836e+00  -1.571916598299739398e+00  -2.843701129438395370e+00  2.555724287033081055e+01
2.955232487343729675e-01  -1.158390461679347894e+00  1.485206014235589400e+00  -1.933170697336402455e+00  -1.571851970607876403e+00  -2.842828702301207766e+00  2.559831094741821289e+01
2.962195087852229070e-01  -1.145783021565172533e+00  1.467480832988639072e+00  -1.928166607163377400e+00  -1.571789155410226790e+00  -2.842201714146870284e+00  2.563386988639831543e+01
2.970213098545979591e-01  -1.130771316142735294e+00  1.446770958540626317e+00  -1.922143240655103114e+00  -1.571730753083802057e+00  -2.841499349460795631e+00  2.567370700836181641e+01
2.977700413425104498e-01  -1.116566238364385732e+00  1.427523295261275749e+00  -1.916401159305977764e+00  -1.571779968480914391e+00  -2.840854785734783228e+00  2.571386504173278809e+01
2.984593359965354020e-01  -1.103134700123310274e+00  1.409722140794038125e+00  -1.910972057285327708e+00  -1.571937057706051633e+00  -2.840282636843832975e+00  2.575150704383850098e+01
2.990866156850479629e-01  -1.090657233094659340e+00  1.393468429050888524e+00  -1.905915931481576564e+00  -1.572086529405211763e+00  -2.839765230916645677e+00  2.578844809532165527e+01
2.995358480089604369e-01  -1.081395657650647379e+00  1.381614455735300950e+00  -1.902151145983464353e+00  -1.572208498634999785e+00  -2.839374401037408013e+00  2.582078695297241211e+01
3.000359074419354788e-01  -1.070749755578147777e+00  1.368246375616212873e+00  -1.897823803645652063e+00  -1.572388007994511838e+00  -2.838903577078520701e+00  2.585926508903503418e+01
3.003908451595480589e-01  -1.062986703956298129e+00  1.358604245175550673e+00  -1.894659999117414451e+00  -1.572490559528009868e+00  -2.838537952557670607e+00  2.589614987373352051e+01
3.007205909015230882e-01  -1.055855293832498099e+00  1.349830572094488090e+00  -1.891753989844351835e+00  -1.572607788379322358e+00  -2.838199564835907740e+00  2.592861294746398926e+01
3.010292300356355866e-01  -1.049200929855184761e+00  1.341735343061863261e+00  -1.889041137948576754e+00  -1.572750889563419463e+00  -2.837866639977257410e+00  2.595995688438415527e+01
3.043135217410730675e-01  -9.817356542635415906e-01  1.266548589265451108e+00  -1.855632699242091732e+00  -1.570733162839713870e+00  -2.837323179347913449e+00  2.677985405921936035e+01
3.042942849424852270e-01  -9.817938858053416595e-01  1.266616616183950939e+00  -1.855664129647863092e+00  -1.570745489546925278e+00  -2.837332503349388801e+00  2.685806107521057129e+01
3.048128644573732116e-01  -9.847067446719286465e-01  1.269880615565588178e+00  -1.857851308629838272e+00  -1.573006317987264424e+00  -2.840274538532527870e+00  2.693874096870422363e+01
3.102116344221232391e-01  -1.017941484969178134e+00  1.307233844026888248e+00  -1.875810116312738529e+00  -1.584502278364402272e+00  -2.873551742194351277e+00  2.702797698974609375e+01
3.224746973759732294e-01  -1.068581181999814333e+00  1.363838197061850943e+00  -1.873587891075151113e+00  -1.553847035959663891e+00  -2.921100302803912641e+00  2.710883998870849609e+01
3.359908553078856386e-01  -1.141929702427614046e+00  1.445400014787600718e+00  -1.844116047209951148e+00  -1.500367547681202396e+00  -2.984514636727244152e+00  2.720514488220214844e+01
3.123322703487225738e-01  -1.225538429201403545e+00  1.538621181627200407e+00  -1.811917007553200953e+00  -1.505043507797427793e+00  -3.052138522383952335e+00  2.730290007591247559e+01
2.944951042733476854e-01  -1.276162672346826454e+00  1.595395243143775232e+00  -1.801465625286874150e+00  -1.529111058762278930e+00  -3.093052475827704484e+00  2.735819101333618164e+01
2.803643778272100207e-01  -1.326037062839827030e+00  1.651488759196437561e+00  -1.792123101968724264e+00  -1.552461277718517607e+00  -3.134283470419763518e+00  2.741143703460693359e+01
2.683468081166102692e-01  -1.367562857975700652e+00  1.698274710053300218e+00  -1.782006627582124914e+00  -1.564813316648404395e+00  -3.169996523329025706e+00  2.746172308921813965e+01
2.549709249843594705e-01  -1.401174922193414218e+00  1.736341645987875326e+00  -1.772911613416249033e+00  -1.570270102932292744e+00  -3.200393694808436607e+00  2.750190401077270508e+01
2.331656169981721760e-01  -1.440111423117826916e+00  1.780814787849412717e+00  -1.762390050145686615e+00  -1.573048536817807985e+00  -3.237681660779609061e+00  2.754700994491577148e+01
2.106227121774475464e-01  -1.471222980441003969e+00  1.816582889877150109e+00  -1.754484379845261621e+00  -1.573126582896821724e+00  -3.269155600819695806e+00  2.759126687049865723e+01
1.847262316300595231e-01  -1.500844471103476963e+00  1.850716898160175150e+00  -1.747901125060312033e+00  -1.571770976438572553e+00  -3.300800765346908250e+00  2.763085508346557617e+01
1.493688960641224028e-01  -1.533967168322963204e+00  1.888989527249737455e+00  -1.742187754411999023e+00  -1.568862672731885510e+00  -3.338815610482711804e+00  2.767571997642517090e+01
1.164094190262607853e-01  -1.559296361604211256e+00  1.918370194755124825e+00  -1.739307094791935349e+00  -1.565770690588861314e+00  -3.370341747770224217e+00  2.771707391738891602e+01
7.202014094176067971e-02  -1.586976422459960290e+00  1.950725202220237486e+00  -1.738167368387623313e+00  -1.561733199936161220e+00  -3.408102988173137504e+00  2.776376795768737793e+01
3.082123411013615311e-02  -1.607781158496937479e+00  1.975255635461474757e+00  -1.739186879300273603e+00  -1.558396987863011951e+00  -3.439591256746950876e+00  2.780710792541503906e+01
-2.310617270655157540e-02  -1.629872804908963246e+00  2.001569339077399867e+00  -1.742825558038596512e+00  -1.554752662984085987e+00  -3.477239863714888912e+00  2.785105299949645996e+01
-7.091669019354007730e-02  -1.645787034594659914e+00  2.020825967218674801e+00  -1.747743676192497375e+00  -1.552149543186935432e+00  -3.508208766942939150e+00  2.789656090736389160e+01
-1.203707342045134965e-01  -1.659462724720746962e+00  2.037717392990062049e+00  -1.754173892331209572e+00  -1.549966836992097363e+00  -3.538594366376477396e+00  2.793010187149047852e+01
-1.705940262118730288e-01  -1.670949828584085139e+00  2.052343192210386746e+00  -1.761920491225662744e+00  -1.548190022561110268e+00  -3.568215367217650424e+00  2.797638106346130371e+01
-2.307608370826113031e-01  -1.681944158616447638e+00  2.067159527355199700e+00  -1.772733075074075515e+00  -1.546597688183460662e+00  -3.602592183260775016e+00  2.802140188217163086e+01
-2.799490062370999510e-01  -1.688932922845886253e+00  2.077387785434724687e+00  -1.782786323935773964e+00  -1.545690347844560719e+00  -3.630123164898735766e+00  2.806358194351196289e+01
-3.369911274264758561e-01  -1.694955804148360556e+00  2.087352613984974514e+00  -1.795756606158985136e+00  -1.545021467332422738e+00  -3.661688849775700305e+00  2.810739588737487793e+01
-4.083437823266145017e-01  -1.699387523088088159e+00  2.097213088433675043e+00  -1.814238195601799220e+00  -1.544792204789910528e+00  -3.701070851728800903e+00  2.817372608184814453e+01
-4.495692019367893977e-01  -1.700331793550301285e+00  2.101621101137438163e+00  -1.826133658877186150e+00  -1.544995929982970750e+00  -3.723960041134979804e+00  2.821248197555541992e+01
-4.881961244698800328e-01  -1.700034799084276571e+00  2.104864875063038099e+00  -1.838227626510073875e+00  -1.545424815057319989e+00  -3.745600655027367054e+00  2.825071191787719727e+01
-5.242682930946305220e-01  -1.698632137251501639e+00  2.107092289012463038e+00  -1.850468349116720645e+00  -1.546064613288093526e+00  -3.766104299638417530e+00  2.829632091522216797e+01
-5.643438093960160273e-01  -1.695589885563701493e+00  2.108548418425300497e+00  -1.865278760581295714e+00  -1.547010463335006136e+00  -3.789293029911767974e+00  2.834283900260925293e+01
-5.952591994947127318e-01  -1.692057911814313975e+00  2.108832605767062773e+00  -1.877749353433683766e+00  -1.547896596089421095e+00  -3.807552817814219281e+00  2.838344502449035645e+01
-6.183839402497000037e-01  -1.688694826774276514e+00  2.108537012884475814e+00  -1.887713588591095615e+00  -1.548671537909758200e+00  -3.821470582716479214e+00  2.841309785842895508e+01
-6.452494569148363723e-01  -1.683919352064951802e+00  2.107616705686211844e+00  -1.900070761146769982e+00  -1.549691498727256089e+00  -3.837972908032668329e+00  2.845019698143005371e+01
-6.650300571227738544e-01  -1.679743785677951351e+00  2.106514791909276596e+00  -1.909745648823284014e+00  -1.550541275269656794e+00  -3.850379012807906065e+00  2.848287200927734375e+01
-6.788434498827875530e-01  -1.676472640364326416e+00  2.105517324430049797e+00  -1.916809438123557641e+00  -1.551227042671868617e+00  -3.859203640153431536e+00  2.851406502723693848e+01
-6.959870588813110714e-01  -1.671980967778113225e+00  2.104002789582684940e+00  -1.925969334132105359e+00  -1.552191255352543209e+00  -3.870333826197731142e+00  2.854417490959167480e+01
-7.154878738159613505e-01  -1.666205886849914108e+00  2.101856296399134294e+00  -1.937028019050366368e+00  -1.553451389610659206e+00  -3.883282185790285723e+00  2.858042097091674805e+01
-7.296003300070879050e-01  -1.661568695256852024e+00  2.099996214407671147e+00  -1.945452730653567386e+00  -1.554481107839659870e+00  -3.892857852231223603e+00  2.861070799827575684e+01
-7.454879898271133953e-01  -1.655821622997027731e+00  2.097581730449693538e+00  -1.955390928527553029e+00  -1.555740024406272681e+00  -3.903869797913799289e+00  2.865643501281738281e+01
-7.594030911545530671e-01  -1.650230943821465956e+00  2.095133016545869253e+00  -1.964630912198552792e+00  -1.556940769708059946e+00  -3.913793334048424555e+00  2.869644188880920410e+01
-7.716285034274648069e-01  -1.644836880441127747e+00  2.092703423642383598e+00  -1.973209273283302423e+00  -1.558076289121249403e+00  -3.922760848581811288e+00  2.873535299301147461e+01
-7.823469457540142002e-01  -1.639718590066616244e+00  2.090370870517133994e+00  -1.981098730312703893e+00  -1.559137421784512867e+00  -3.930763296600460421e+00  2.877088093757629395e+01
-7.898882660228636610e-01  -1.635854589172565987e+00  2.088604158460283244e+00  -1.986927270326930284e+00  -1.559925070301186878e+00  -3.936504682389985632e+00  2.880783605575561523e+01
-7.984722208513232999e-01  -1.631229930056854016e+00  2.086504230100160839e+00  -1.993778850409366754e+00  -1.560847782602337475e+00  -3.943108831147849713e+00  2.884204101562500000e+01
