tif_tot         time        iter

1.45407396741358	0	1
1.37336644649794	0.099294900894165	2
1.33407382892341	0.190740823745728	3
1.26484482116451	0.306805849075317	4
1.2682521565608	0.370357990264893	5
1.2409672321552	0.450896024703979	6
1.22178740398364	0.501852989196777	7
1.20737642490486	0.552218914031982	8
1.19462315708869	0.614416837692261	9
1.1827112593939	0.664520025253296	10
1.17035789840448	0.721439838409424	11
1.15783996677995	0.774956941604614	12
1.14517943706094	0.823494911193848	13
1.13170628291893	0.878368854522705	14
1.11837008823731	0.927347898483276	15
1.10439208872914	0.976541996002197	16
1.08708166921913	1.03966999053955	17
1.06825884184459	1.09795188903809	18
1.05118173021192	1.13635396957397	19
1.03178487540033	1.18497896194458	20
1.01232401831289	1.23875284194946	21
0.994042034633261	1.28591990470886	22
0.977175135156231	1.32693195343018	23
0.958031844290909	1.36732888221741	24
0.941623621324197	1.40125393867493	25
0.925796421364788	1.44408082962036	26
0.909842631754578	1.48451590538025	27
0.893931907285087	1.52289390563965	28
0.879788508530388	1.564208984375	29
0.865485697042419	1.60160303115845	30
0.851358796353375	1.63960099220276	31
0.833866179729712	1.68339681625366	32
0.813941125665826	1.72937393188477	33
0.797857780208606	1.76886200904846	34
0.783698530918333	1.80664086341858	35
0.769518025774518	1.84593987464905	36
0.756809685986843	1.87816786766052	37
0.743884177973205	1.91544795036316	38
0.731357327280389	1.94912385940552	39
0.717519039168908	1.98744583129883	40
0.704185530014807	2.02469682693481	41
0.688173439542682	2.06527590751648	42
0.672436753811157	2.10406494140625	43
0.657737712615542	2.13686394691467	44
0.641320181965065	2.1759250164032	45
0.626845240066654	2.20918893814087	46
0.612352909423007	2.2506148815155	47
0.598267378737574	2.28181290626526	48
0.584304722371209	2.32031893730164	49
0.572064490375044	2.35300898551941	50
0.559610605637741	2.39047503471375	51
0.544456571058148	2.42574501037598	52
0.958480817819332	3.28883194923401	53
0.959068518577119	3.35512280464172	54
0.958957064419941	3.38202095031738	55
0.95478903162013	3.41047501564026	56
0.945062305992066	3.45287680625916	57
0.932535189125509	3.48089599609375	58
0.917803239510308	3.51949000358582	59
0.904431134518874	3.55856490135193	60
0.889165054992677	3.59072494506836	61
0.873715818801055	3.62774801254272	62
0.85883453902767	3.66482281684875	63
0.845768278311037	3.70167994499207	64
0.833068771930589	3.72842788696289	65
0.821076383285681	3.75980091094971	66
0.808745511676168	3.79155492782593	67
0.797625093173451	3.82031989097595	68
0.785748189375806	3.85046195983887	69
0.771604854657819	3.89065480232239	70
0.759159381590261	3.91704392433167	71
0.746308085118637	3.94905996322632	72
0.733367822564478	3.98226189613342	73
0.720102881585587	4.01452684402466	74
0.706577528656902	4.04806280136108	75
0.695355509422245	4.07899498939514	76
0.68260696027132	4.11506485939026	77
0.670258275952004	4.1441638469696	78
0.65760660843586	4.18049788475037	79
0.643988250074082	4.21512389183044	80
0.630319916648703	4.24282598495483	81
0.617011368148189	4.27396893501282	82
0.603317512113429	4.31069183349609	83
0.587818911696391	4.34397196769714	84
0.574404123217939	4.38040399551392	85
0.560532913655648	4.41478586196899	86
0.545659988019636	4.44796299934387	87
1.14813165112165	5.31765294075012	88
1.14836846032415	5.36661696434021	89
1.14838149595094	5.40182185173035	90
1.1432396690977	5.43650889396667	91
1.13061422418482	5.48324084281921	92
1.11791893641639	5.51846694946289	93
1.10320645595298	5.55859184265137	94
1.08805601208797	5.59839296340942	95
1.07182556751585	5.63252401351929	96
1.05586110199033	5.67220592498779	97
1.0434581387456	5.70419692993164	98
1.02854252968243	5.74731492996216	99
1.01401300158373	5.7908878326416	100
0.999809264059421	5.8283519744873	101
0.986239429927763	5.86741495132446	102
0.970790046437112	5.9136049747467	103
0.956941931754738	5.94944095611572	104
0.942348405359325	5.98734903335571	105
0.928364651548416	6.0155668258667	106
0.915546247555991	6.05172300338745	107
0.903142511438343	6.08027982711792	108
0.892396658986903	6.1083459854126	109
0.879730157312933	6.14514088630676	110
0.867524559170462	6.18061089515686	111
0.853180282551557	6.2159378528595	112
0.840935785443471	6.24414491653442	113
0.825805697136112	6.28248882293701	114
0.812986280615644	6.30911087989807	115
0.797607553135983	6.345782995224	116
0.78337870547156	6.383455991745	117
0.765731896196388	6.42364501953125	118
0.750115440933164	6.45772886276245	119
0.737142822039068	6.48467397689819	120
0.725099469470974	6.508544921875	121
0.710531418746617	6.54468488693237	122
0.696032939020169	6.58322381973267	123
0.680996433481476	6.61343789100647	124
0.664603555057918	6.65095496177673	125
0.649126881139584	6.68258786201477	126
0.634092682904133	6.71723890304565	127
0.620050286387621	6.74563097953796	128
0.60421230386934	6.79066491127014	129
0.58976657772354	6.82992887496948	130
0.574074955373163	6.86491680145264	131
0.558130484984337	6.90453195571899	132
0.544618944883707	6.94230985641479	133
1.42439318271513	7.81450200080872	134
1.44642145700194	7.90620684623718	135
1.43815481534037	8.01693201065063	136
1.42223903828759	8.09678888320923	137
1.41010935062	8.18171381950378	138
1.40173654944078	8.2484450340271	139
1.39441355994901	8.30185389518738	140
1.39029425668669	8.36217498779297	141
1.3611677617042	8.44677186012268	142
1.30039375867945	8.54020595550537	143
1.26346545417712	8.60363698005676	144
1.23735298299454	8.65638089179993	145
1.21229352769352	8.71249890327454	146
1.19340053919397	8.77131199836731	147
1.17553668742358	8.82191896438599	148
1.15682807690886	8.86535692214966	149
1.14165145250891	8.92033696174622	150
1.13151688905957	8.96906995773315	151
1.12170876219889	9.02773499488831	152
1.10792519637775	9.08603692054749	153
1.08452646051702	9.14625000953674	154
1.06013402517826	9.19617891311646	155
1.19863950950068	9.25506782531738	156
1.0931473335457	9.35143184661865	157
1.03090318201329	9.41260290145874	158
1.0163944140693	9.45053100585938	159
0.987011488073405	9.53440499305725	160
0.970657325848355	9.58724403381348	161
0.940348923192084	9.66884899139404	162
0.91672551608997	9.72505187988281	163
0.898972746588249	9.77216982841492	164
0.885034962774307	9.80512690544128	165
0.870044545978161	9.84735703468323	166
0.851938567120136	9.88997793197632	167
0.834699464195675	9.93594694137573	168
0.817509315533867	9.97536396980286	169
0.798722490807883	10.0177998542786	170
0.781164027947332	10.061126947403	171
0.762824753860869	10.1077699661255	172
0.745741398975767	10.1488540172577	173
0.72809902845883	10.1932909488678	174
0.712683293996143	10.2320189476013	175
0.696841625823139	10.2757129669189	176
0.68139575606606	10.3165609836578	177
0.663419617440425	10.3643138408661	178
0.644217929388042	10.4142739772797	179
0.626383305508855	10.4523639678955	180
0.609844327981714	10.4947898387909	181
0.592592923312683	10.5328528881073	182
0.577015611307437	10.5722448825836	183
0.56199580370302	10.6112949848175	184
0.546518016405622	10.6500380039215	185
1.42223206328865	11.5172789096832	186
1.43773953571876	11.5916550159454	187
1.42849587166184	11.6861958503723	188
1.4145539732817	11.7607779502869	189
1.4070325326168	11.8634889125824	190
1.30641215941452	11.9550399780273	191
1.29376867819037	12.0254399776459	192
1.26094394714332	12.1375408172607	193
1.23768069142161	12.192724943161	194
1.2180975373728	12.2506639957428	195
1.20534906076009	12.3192009925842	196
1.20091099201016	12.3900909423828	197
1.19697418186666	12.426983833313	198
1.19259897578639	12.4813268184662	199
1.18818326698648	12.5343019962311	200
1.18024248026021	12.5845048427582	201
1.16890449329573	12.6374189853668	202
1.15137110274403	12.697075843811	203
1.13252143176054	12.7518339157104	204
1.11169960306569	12.8062019348145	205
1.09130015792501	12.8618619441986	206
1.07282800605961	12.9075479507446	207
1.05609453659635	12.9471728801727	208
1.03789212411261	12.996081829071	209
1.01977873841265	13.0409309864044	210
1.00330395911124	13.0848748683929	211
0.985618371611482	13.1287689208984	212
0.968319611204776	13.1765749454498	213
0.9479575125121	13.2257277965546	214
0.928608232596447	13.2748219966888	215
0.912101903318728	13.3194589614868	216
0.895959788095628	13.3541278839111	217
0.879088165559934	13.3991549015045	218
0.86128564446556	13.4433929920197	219
0.83668122458822	13.527007818222	220
0.813406072458467	13.5752840042114	221
0.792528917834234	13.619423866272	222
0.774398789761071	13.6604540348053	223
0.757198344168823	13.6975908279419	224
0.740697845685144	13.7395529747009	225
0.726134672490576	13.7743358612061	226
0.709655781101479	13.8172278404236	227
0.694327985426999	13.8605129718781	228
0.677973364982733	13.9049010276794	229
0.66119076925554	13.9481480121613	230
0.646618896981504	13.9806280136108	231
0.630503812101048	14.0185749530792	232
0.614896316677296	14.0539100170135	233
0.598981661176264	14.0879988670349	234
0.585215979596265	14.1219170093536	235
0.570825598572356	14.1649448871613	236
0.55623179132967	14.2012329101562	237
0.541023568934627	14.2445278167725	238
0.979869823415744	15.1047389507294	239
0.979730656609058	15.1638598442078	240
0.979418459401853	15.2022929191589	241
0.974894206397573	15.23180103302	242
0.961290772532948	15.2779438495636	243
0.946932611328036	15.310154914856	244
0.931399545416446	15.3486788272858	245
0.917705111426219	15.3847699165344	246
0.900836956714053	15.4283900260925	247
0.882256714777168	15.4841549396515	248
0.863028784127034	15.5394248962402	249
0.847619797562601	15.5745458602905	250
0.83384048901641	15.6081559658051	251
0.818727510025544	15.6469159126282	252
0.804574738208371	15.6782898902893	253
0.789237455175513	15.715842962265	254
0.77515908434783	15.7482998371124	255
0.761602542027364	15.7778480052948	256
0.74810077151159	15.8113119602203	257
0.734533563720511	15.8476288318634	258
0.720917010101779	15.8744068145752	259
0.709450693027884	15.9037828445435	260
0.697928350416166	15.9351768493652	261
0.68769466758119	15.9604029655457	262
0.672961496308548	16.0050988197327	263
0.656534232799088	16.0436367988586	264
0.641082688734313	16.0753579139709	265
0.62430449229264	16.1163828372955	266
0.60938521216231	16.1470429897308	267
0.595191125226447	16.1815769672394	268
0.581540986882822	16.2115039825439	269
0.568486439429456	16.2466359138489	270
0.554877286775651	16.283008813858	271
0.538858672708108	16.3299779891968	272
1.14086870783656	17.198961019516	273
1.14060863420028	17.2550089359283	274
1.1406950203442	17.2818748950958	275
1.13657081482112	17.3165760040283	276
1.1271555929606	17.3524339199066	277
1.11561922396601	17.387001991272	278
1.10353236119848	17.4216239452362	279
1.08906871819274	17.4582579135895	280
1.07516889200645	17.4907689094543	281
1.06212549910495	17.5226240158081	282
1.04861409376971	17.5510568618774	283
1.03623820050446	17.5839660167694	284
1.02228376750343	17.6284599304199	285
1.00781886210195	17.6682829856873	286
0.993892866236688	17.7082629203796	287
0.981624936689724	17.7420818805695	288
0.970296295612141	17.7740769386292	289
0.958658325928794	17.8055520057678	290
0.945202124239252	17.8400168418884	291
0.933826284117875	17.8701770305634	292
0.920556064597597	17.9045460224152	293
0.909694368579039	17.9317498207092	294
0.897265281963694	17.968847990036	295
0.885318625375283	18.0045869350433	296
0.873123904397163	18.036209821701	297
0.859954212969552	18.069139957428	298
0.846440188915284	18.0996298789978	299
0.830896702794901	18.1415798664093	300
0.816419239190837	18.1709539890289	301
0.802823388821372	18.2077269554138	302
0.788145249972491	18.2454328536987	303
0.774371358254479	18.278716802597	304
0.759237165031791	18.3144559860229	305
0.744778648850623	18.3494138717651	306
0.728978043112811	18.3852829933167	307
0.716943005863166	18.4161479473114	308
0.700551202683811	18.4661729335785	309
0.685792669358705	18.5011208057404	310
0.66959388153314	18.5385088920593	311
0.6542183885143	18.5763728618622	312
0.637299562681982	18.6123559474945	313
0.618303284148778	18.6584169864655	314
0.60235434239886	18.692734003067	315
0.587067405576304	18.7307298183441	316
0.572615287012755	18.7701258659363	317
0.559646756881016	18.8027718067169	318
0.545701792447408	18.8438818454742	319
1.42307585023224	19.7180879116058	320
1.48452945802026	19.8119759559631	321
1.46876223045239	19.8870229721069	322
1.46332338340005	19.9593830108643	323
1.45550046545492	20.0373048782349	324
1.45450611138554	20.1167278289795	325
1.45167078149866	20.17156291008	326
1.45013237582971	20.2273819446564	327
1.44961944105105	20.2928028106689	328
1.45060481300686	20.3686008453369	329
1.45160757945949	20.4408819675446	330
1.45243905976203	20.5430228710175	331
1.45234306868543	20.6171009540558	332
1.40923328294146	20.6964468955994	333
1.3539082187464	20.7866489887238	334
1.37047254805371	20.8616030216217	335
1.36013394984082	20.9547610282898	336
1.30702863252346	21.0358428955078	337
1.26454247814156	21.1063230037689	338
1.23996944168348	21.163192987442	339
1.21938191990258	21.2151148319244	340
1.20082794105528	21.2660160064697	341
1.18729595148795	21.3204250335693	342
1.17552193123229	21.3685338497162	343
1.16020247391832	21.4111638069153	344
1.13929846125116	21.4575397968292	345
1.11855985579681	21.5002059936523	346
1.10245510188669	21.5516250133514	347
1.08744209375473	21.5903398990631	348
1.07069467551543	21.6345839500427	349
1.05431055895284	21.6768419742584	350
1.03804161054688	21.7284169197083	351
1.02111192578019	21.7738540172577	352
1.00522195678395	21.8160929679871	353
0.988431096799386	21.8626179695129	354
0.972373049766192	21.8975868225098	355
0.956804032581313	21.9383149147034	356
0.941514851409072	21.9773879051208	357
0.926413888155548	22.0171608924866	358
0.911490399752591	22.0590589046478	359
0.897038523095703	22.0985908508301	360
0.881881918769115	22.1508378982544	361
0.86823575051243	22.1884658336639	362
0.855014425125026	22.2288458347321	363
0.838855284471142	22.2774469852448	364
0.82049957768563	22.3212108612061	365
0.801236938963012	22.3716588020325	366
0.783146438507498	22.413596868515	367
0.764423749993741	22.4605469703674	368
0.743463942790273	22.5126249790192	369
0.724696727844164	22.5595948696136	370
0.706539556835684	22.6042428016663	371
0.68707179254392	22.646910905838	372
0.667861271925187	22.6918258666992	373
0.647719113565682	22.7409489154816	374
0.625058924955972	22.7986328601837	375
0.600656446343115	22.8556640148163	376
0.580094075346143	22.8999519348145	377
0.560277123803126	22.9469449520111	378
0.540025366767945	22.9940469264984	379
1.41454603986169	23.8559238910675	380
1.45382529930281	23.953027009964	381
1.37392104594149	24.0532429218292	382
1.38618841335569	24.1043388843536	383
1.40382218481187	24.1907558441162	384
1.37146367774141	24.3104448318481	385
1.31372305961299	24.3946788311005	386
1.30731277366343	24.4767248630524	387
1.32227423520594	24.5526978969574	388
1.25583874450536	24.6549680233002	389
1.25604204760735	24.7293980121613	390
1.20978736560625	24.8309459686279	391
1.21248317362242	24.9460728168488	392
1.19299260017484	25.0163009166718	393
1.17811118944485	25.0851418972015	394
1.16759813607487	25.1278209686279	395
1.15818402297292	25.182464838028	396
1.14841364005787	25.232855796814	397
1.13912664477344	25.2833678722382	398
1.12894000141277	25.3355100154877	399
1.11712664117006	25.385143995285	400
1.09398144754876	25.5025019645691	401
1.0726680416338	25.5492608547211	402
1.05226358145368	25.5999200344086	403
1.03053673255797	25.6539008617401	404
1.01156358034984	25.7031500339508	405
0.991365209734343	25.7532408237457	406
0.972371100692507	25.8056390285492	407
0.953151697866997	25.8502240180969	408
0.937463979733645	25.8851180076599	409
0.919694276436848	25.9302349090576	410
0.900497439502556	25.9865698814392	411
0.882695934560785	26.0344610214233	412
0.866669451684684	26.0729818344116	413
0.849031110848343	26.120011806488	414
0.831732476424951	26.1663248538971	415
0.814943280949971	26.2059478759766	416
0.795950072215448	26.248724937439	417
0.778282070564068	26.2932658195496	418
0.75928249811975	26.335942029953	419
0.742179199695076	26.379154920578	420
0.72537176253106	26.4162259101868	421
0.710351192168702	26.4535868167877	422
0.694058733933475	26.496454000473	423
0.676924144575874	26.5454869270325	424
0.658149824557181	26.5973718166351	425
0.641131786342111	26.6274600028992	426
0.62340853473377	26.6687099933624	427
0.606539338204597	26.706643819809	428
0.591529071483702	26.7395279407501	429
0.577122778725179	26.7771320343018	430
0.563905195698342	26.8084259033203	431
0.550418206636925	26.8440339565277	432
0.970948405335516	27.729309797287	433
0.971142878984317	27.7939488887787	434
0.971275021090643	27.8260118961334	435
0.965570658704864	27.8617949485779	436
0.952041053331899	27.9062030315399	437
0.938511816709986	27.9409630298615	438
0.922909297485548	27.9776728153229	439
0.906807427834719	28.0192778110504	440
0.891303542383505	28.0615909099579	441
0.876164180925636	28.1000218391418	442
0.859451827496086	28.1478788852692	443
0.84398121824771	28.1851298809052	444
0.828396207402762	28.2245619297028	445
0.809598517198187	28.2788579463959	446
0.795552304388949	28.3086218833923	447
0.780325419115998	28.3432238101959	448
0.764309742983653	28.384379863739	449
0.749592478913636	28.4202189445496	450
0.734338492675782	28.4586849212646	451
0.718873340687202	28.494509935379	452
0.704559010858544	28.5276319980621	453
0.689771106906437	28.5635378360748	454
0.673599840447784	28.6086559295654	455
0.660207851024835	28.6372268199921	456
0.644782397004124	28.6767168045044	457
0.628558476608874	28.7191219329834	458
0.612080382991311	28.7545959949493	459
0.597666867623563	28.7906658649445	460
0.583028107898668	28.8263158798218	461
0.56855930835566	28.8650009632111	462
0.554087549114807	28.904983997345	463
1.13796043365584	29.7852149009705	464
1.13753409357008	29.8331778049469	465
1.1379870414573	29.8707139492035	466
1.13431154688671	29.902067899704	467
1.1229504643255	29.9469828605652	468
1.10882400372342	29.9864048957825	469
1.09379515126515	30.0229799747467	470
1.07989999487242	30.0595788955688	471
1.06638400575966	30.0940239429474	472
1.05082106854606	30.1326308250427	473
1.03554384316723	30.1747930049896	474
1.01939547762041	30.2155380249023	475
1.00566872089914	30.2498338222504	476
0.992152861505632	30.2909708023071	477
0.978558391324275	30.329610824585	478
0.96292319411925	30.3828790187836	479
0.949058643451561	30.4109330177307	480
0.934069447361718	30.449257850647	481
0.920780217686868	30.4825990200043	482
0.906490001739629	30.5198299884796	483
0.893501139310558	30.5533599853516	484
0.881250159602829	30.5840690135956	485
0.86938116241037	30.6192989349365	486
0.855532492101949	30.6579530239105	487
0.839856452774468	30.6963379383087	488
0.825060254346747	30.7306528091431	489
0.810420596473075	30.7649760246277	490
0.796024626731712	30.797394990921	491
0.780142929607192	30.8345768451691	492
0.764542061337735	30.8762359619141	493
0.749542734993612	30.9152939319611	494
0.73497922227611	30.9530029296875	495
0.720599990852604	30.9935789108276	496
0.705248384337963	31.0336389541626	497
0.690387708661257	31.0632100105286	498
0.675865808615699	31.0949158668518	499
0.6623463586655	31.1261329650879	500
0.647794471464891	31.1541488170624	501
0.632474858619392	31.1916258335114	502
0.616463628129668	31.2330868244171	503
0.599104076102218	31.2805638313293	504
0.582308500837916	31.3230288028717	505
0.564485801245737	31.3658208847046	506
0.548031134928621	31.4037599563599	507
1.46285662571225	32.2896208763123	508
1.56134913099606	32.3798048496246	509
1.51213931783752	32.4679629802704	510
1.47033836184492	32.5571248531342	511
1.44696825763332	32.6279549598694	512
1.46126099359766	32.7089529037476	513
1.46219445032867	32.7990930080414	514
1.45890822195067	32.8660988807678	515
1.45389998484001	32.9258940219879	516
1.42088112067727	32.99835896492	517
1.3480723850243	33.1092169284821	518
1.30338521439585	33.1735169887543	519
1.27475062899602	33.2116479873657	520
1.25434368454837	33.2600808143616	521
1.23786011967034	33.3023610115051	522
1.22232249644765	33.3443219661713	523
1.21000453020916	33.3791878223419	524
1.19927062701223	33.4151158332825	525
1.18736132478894	33.4544279575348	526
1.17370055110395	33.4988930225372	527
1.15846619885984	33.544576883316	528
1.14354341270226	33.5865359306335	529
1.12826632154683	33.6242668628693	530
1.1127772420636	33.6643688678741	531
1.09872807756462	33.6967890262604	532
1.08581852781698	33.7343080043793	533
1.07221180154533	33.7703409194946	534
1.05744806366442	33.8166518211365	535
1.04251520779701	33.858687877655	536
1.02533997710613	33.9061119556427	537
1.00987771481735	33.9423568248749	538
0.992278819537581	33.9858498573303	539
0.975486649576017	34.0254800319672	540
0.959185131855984	34.0647759437561	541
0.944380635649664	34.1051528453827	542
0.930747339737428	34.1414008140564	543
0.914528013260123	34.1855788230896	544
0.898963217272506	34.2294459342957	545
0.885010445753923	34.2647368907928	546
0.872134937200849	34.3037748336792	547
0.859833789019506	34.3465378284454	548
0.845178922462402	34.3892409801483	549
0.826459520943581	34.438423871994	550
0.8085348539896	34.4741938114166	551
0.79056246612112	34.5164248943329	552
0.772227820933718	34.5518529415131	553
0.75677851598589	34.5900688171387	554
0.740335124837106	34.6282479763031	555
0.722326823223432	34.6748428344727	556
0.707436561635066	34.7085688114166	557
0.693005251485542	34.7490358352661	558
0.679373994263198	34.7899029254913	559
0.661866901417776	34.8388710021973	560
0.644053403023967	34.8733139038086	561
0.626791413265355	34.9130258560181	562
0.611024700570318	34.9508299827576	563
0.59511575637608	34.986387014389	564
0.579067147153613	35.0271589756012	565
0.56301656887678	35.0692429542542	566
0.547598787430298	35.1093640327454	567
