  q1     q2   q3   q4  q5   q6   t1
-7.000029722796838882e-01  -1.499851528798238576e+00  1.999799251556396484e+00  -2.269951168690816701e+00  -1.569883648549215138e+00  -4.019879643117086232e+00  0.000000000000000000e+00
-7.000506559955042007e-01  -1.499827686940328419e+00  1.999799251556396484e+00  -2.269975010548726857e+00  -1.569835487996236623e+00  -4.019903723393575490e+00  7.902193069458007812e-02
-7.009618918048303726e-01  -1.501985851918355763e+00  2.001967906951904297e+00  -2.271377865468160451e+00  -1.574883762990133107e+00  -4.016189638768331349e+00  1.693830490112304688e-01
-7.055419127093713882e-01  -1.515735451375142873e+00  2.015278339385986328e+00  -2.278307739888326466e+00  -1.603968922291890919e+00  -3.994025293980733693e+00  2.330138683319091797e-01
-6.942237059222620132e-01  -1.538631741200582326e+00  2.037921428680419922e+00  -2.277252976094381154e+00  -1.641410175954000294e+00  -3.951948944722310841e+00  2.973999977111816406e-01
-6.730154196368616226e-01  -1.560546223317281544e+00  2.059473991394042969e+00  -2.264459911976949513e+00  -1.673456970845357716e+00  -3.908087078724996388e+00  3.494720458984375000e-01
-6.528618971454065445e-01  -1.582604710255758107e+00  2.080955982208251953e+00  -2.245767895375387013e+00  -1.707013432179586232e+00  -3.864525620137349904e+00  4.095110893249511719e-01
-6.253350416766565445e-01  -1.614769283925191701e+00  2.112345218658447266e+00  -2.215372864400045216e+00  -1.752294842396871388e+00  -3.800739828740255177e+00  4.888150691986083984e-01
-6.024239698993127945e-01  -1.645244423543111623e+00  2.141890525817871094e+00  -2.183298889790670216e+00  -1.792995754872457326e+00  -3.740417067204610646e+00  5.555369853973388672e-01
-5.847161451922815445e-01  -1.668946091328756154e+00  2.164762496948242188e+00  -2.155360523854390919e+00  -1.824153725300924123e+00  -3.691942993794576466e+00  6.180958747863769531e-01
-5.688784758197229507e-01  -1.691976849232808888e+00  2.187454700469970703e+00  -2.126307312642232716e+00  -1.853452984486715138e+00  -3.643252913151876271e+00  6.685419082641601562e-01
-5.558946768390100601e-01  -1.711219612752095998e+00  2.205846309661865234e+00  -2.100634876881734669e+00  -1.876506153737203419e+00  -3.601894680653707326e+00  7.154860496520996094e-01
-5.422266165362756851e-01  -1.729467217122213185e+00  2.223459243774414062e+00  -2.075453583394185841e+00  -1.897629086171285451e+00  -3.560752455388204396e+00  7.699968814849853516e-01
-5.267608801471155289e-01  -1.746312443410054982e+00  2.239633560180664062e+00  -2.050067726765767873e+00  -1.915862385426656544e+00  -3.520029369984762013e+00  8.161509037017822266e-01
-5.068834463702600601e-01  -1.764451805745260060e+00  2.256803989410400391e+00  -2.021720234547750294e+00  -1.933449093495504201e+00  -3.473363463078634084e+00  8.751230239868164062e-01
-4.880965391742151382e-01  -1.778156582509176076e+00  2.269911289215087891e+00  -1.998780552540914357e+00  -1.945268932973043263e+00  -3.434640947972432912e+00  9.165868759155273438e-01
-4.665759245501917007e-01  -1.790277783070699513e+00  2.281426429748535156e+00  -1.976487461720601857e+00  -1.953924004231588185e+00  -3.397858683262960255e+00  9.651849269866943359e-01
-4.405959288226526382e-01  -1.800672833119527638e+00  2.291059970855712891e+00  -1.956557099019185841e+00  -1.959642235432760060e+00  -3.362717930470601857e+00  1.012017011642456055e+00
-4.156706968890588882e-01  -1.807915035878316701e+00  2.297697782516479492e+00  -1.941267315541402638e+00  -1.960973087941304982e+00  -3.335184876118795216e+00  1.057060003280639648e+00
-3.822816053973596695e-01  -1.814809147511617482e+00  2.304144144058227539e+00  -1.924130741749898732e+00  -1.957652393971578419e+00  -3.303590838109151662e+00  1.103947877883911133e+00
-3.462427298175256851e-01  -1.819688622151510060e+00  2.308241605758666992e+00  -1.909883801137105763e+00  -1.949548546467916310e+00  -3.274188343678609669e+00  1.150172948837280273e+00
-3.211143652545374039e-01  -1.821559254323140919e+00  2.309715509414672852e+00  -1.901825253163472951e+00  -1.941984478627340138e+00  -3.255808893834249318e+00  1.184025049209594727e+00
-2.892602125750940445e-01  -1.822206799183980763e+00  2.309895038604736328e+00  -1.893347088490621388e+00  -1.930152718220845998e+00  -3.234134737645284474e+00  1.225925922393798828e+00
-2.509792486773889664e-01  -1.820528332387105763e+00  2.307726621627807617e+00  -1.885767761860982716e+00  -1.913848702107564748e+00  -3.210255448018209279e+00  1.272119045257568359e+00
-2.132032553302209976e-01  -1.815912071858541310e+00  2.302574157714843750e+00  -1.881474796925679982e+00  -1.895255390797750294e+00  -3.188616816197530568e+00  1.315610885620117188e+00
-1.890457312213342789e-01  -1.811320130025045216e+00  2.297697782516479492e+00  -1.880323235188619435e+00  -1.881804768239156544e+00  -3.175221029912130177e+00  1.354346036911010742e+00
-1.544106642352502945e-01  -1.802447144185201466e+00  2.288136243820190430e+00  -1.881018940602437794e+00  -1.860657993947164357e+00  -3.157009426747457326e+00  1.396485090255737305e+00
-1.275442282306116226e-01  -1.793598953877584279e+00  2.278766155242919922e+00  -1.883357350026265919e+00  -1.842867199574605763e+00  -3.143086496983663380e+00  1.440834999084472656e+00
-9.771711031068974762e-02  -1.781465355549947560e+00  2.266149520874023438e+00  -1.888478104268209279e+00  -1.820089642201558888e+00  -3.128205362950460255e+00  1.484446048736572266e+00
-7.942277589906865387e-02  -1.773001019154683888e+00  2.257474899291992188e+00  -1.892711464558736623e+00  -1.804948155079976857e+00  -3.119231049214498341e+00  1.521796941757202148e+00
-5.459481874574834137e-02  -1.759632412587301076e+00  2.243780136108398438e+00  -1.900446240101949513e+00  -1.782985035573140919e+00  -3.106997791920797169e+00  1.568804979324340820e+00
-3.589278856386357575e-02  -1.747714821492330373e+00  2.231630325317382812e+00  -1.907869640980855763e+00  -1.764271561299459279e+00  -3.097640101109639943e+00  1.606255054473876953e+00
-1.829415956606084137e-02  -1.735245529805318654e+00  2.218762397766113281e+00  -1.916179958974019826e+00  -1.745916668568746388e+00  -3.089001003895894826e+00  1.646817922592163086e+00
-2.301994954244435121e-03  -1.722009960805074513e+00  2.205259323120117188e+00  -1.925413910542623341e+00  -1.727921787892476857e+00  -3.080901447926656544e+00  1.686042070388793945e+00
1.257557142525911331e-02  -1.708822075520650685e+00  2.191839694976806641e+00  -1.935031239186422169e+00  -1.711077515278951466e+00  -3.073604647313253224e+00  1.725528955459594727e+00
2.325688675045967102e-02  -1.698259178792135060e+00  2.181116580963134766e+00  -1.942730251942769826e+00  -1.697997872029439748e+00  -3.068212811146871388e+00  1.762212991714477539e+00
3.565269708633422852e-02  -1.685478989277974904e+00  2.168105125427246094e+00  -1.952143971120015919e+00  -1.682819668446676076e+00  -3.062030378972188771e+00  1.799741983413696289e+00
4.864771664142608643e-02  -1.671116177235738576e+00  2.153667926788330078e+00  -1.962972466145650685e+00  -1.666755024586812794e+00  -3.055548016224996388e+00  1.846200942993164062e+00
5.624796077609062195e-02  -1.662208382283345998e+00  2.144609928131103516e+00  -1.969796005879537404e+00  -1.657283608113424123e+00  -3.051773850117818654e+00  1.881919860839843750e+00
6.484364718198776245e-02  -1.651957813893453419e+00  2.134210586547851562e+00  -1.977866951619283498e+00  -1.646253887807027638e+00  -3.047555987034932912e+00  1.915360927581787109e+00
7.100541144609451294e-02  -1.644345108662740529e+00  2.126471042633056641e+00  -1.984150711690084279e+00  -1.638400856648580373e+00  -3.044512812291280568e+00  1.949508905410766602e+00
7.786263525485992432e-02  -1.635437790547506154e+00  2.117545127868652344e+00  -1.991597477589742482e+00  -1.629553620015279591e+00  -3.041026178990499318e+00  1.989537954330444336e+00
1.258984059095382690e-01  -1.565881077443258107e+00  2.047961235046386719e+00  -2.053113762532369435e+00  -1.570519272481099904e+00  -3.015755955372945607e+00  2.810937881469726562e+00
1.258864253759384155e-01  -1.565965000783101857e+00  2.048008918762207031e+00  -2.053005997334615529e+00  -1.570638958607808888e+00  -3.015731875096456349e+00  2.863455057144165039e+00
1.258145123720169067e-01  -1.565988842641012013e+00  2.048020839691162109e+00  -2.053017918263570607e+00  -1.570615116749898732e+00  -3.015648190175191701e+00  2.889874935150146484e+00
1.256946772336959839e-01  -1.565868679677144826e+00  2.047924995422363281e+00  -2.052994076405660451e+00  -1.570674721394674123e+00  -3.015744034443990529e+00  2.917383909225463867e+00
1.251310408115386963e-01  -1.565329376851217091e+00  2.047229766845703125e+00  -2.052898232136861623e+00  -1.570722881947652638e+00  -3.016451422368184865e+00  2.943095922470092773e+00
1.236805766820907593e-01  -1.563494984303609669e+00  2.044917583465576172e+00  -2.052598301564351857e+00  -1.570758644734517873e+00  -3.017961088811055959e+00  2.978528022766113281e+00
1.205036342144012451e-01  -1.558975998555318654e+00  2.039658546447753906e+00  -2.051878754292623341e+00  -1.570746723805562794e+00  -3.021136109028951466e+00  3.015297889709472656e+00
1.170390695333480835e-01  -1.553988758717672169e+00  2.033860206604003906e+00  -2.051099125538961232e+00  -1.570758644734517873e+00  -3.024694744740621388e+00  3.046746969223022461e+00
1.128674298524856567e-01  -1.547827068959371388e+00  2.026671409606933594e+00  -2.050188366566793263e+00  -1.570758644734517873e+00  -3.029020134602681935e+00  3.082418918609619141e+00
1.080606356263160706e-01  -1.540910069142476857e+00  2.018548965454101562e+00  -2.049276653920308888e+00  -1.570758644734517873e+00  -3.033824745808736623e+00  3.111499071121215820e+00
1.027257815003395081e-01  -1.533201519642965138e+00  2.009491443634033203e+00  -2.048185173665181935e+00  -1.570734802876607716e+00  -3.039073053990499318e+00  3.139885902404785156e+00
9.694751352071762085e-02  -1.525073830281392873e+00  1.999619483947753906e+00  -2.047046486531392873e+00  -1.570770565663472951e+00  -3.044692341481344044e+00  3.172669887542724609e+00
9.104977548122406006e-02  -1.516442600880758107e+00  1.989352703094482422e+00  -2.045811478291646779e+00  -1.570758644734517873e+00  -3.050527874623433888e+00  3.206456899642944336e+00
8.662572503089904785e-02  -1.509693447743551076e+00  1.981470108032226562e+00  -2.044815365468160451e+00  -1.570770565663472951e+00  -3.054960791264669240e+00  3.234834909439086914e+00
7.902547717094421387e-02  -1.498317543660299123e+00  1.967859745025634766e+00  -2.043257061635152638e+00  -1.570758644734517873e+00  -3.062605206166402638e+00  3.269095897674560547e+00
7.291164994239807129e-02  -1.489302937184469044e+00  1.956874370574951172e+00  -2.042105976735250294e+00  -1.570758644734517873e+00  -3.068608347569600880e+00  3.300579071044921875e+00
6.832019239664077759e-02  -1.482313934956685841e+00  1.948691844940185547e+00  -2.041074101124898732e+00  -1.570746723805562794e+00  -3.073137108479635060e+00  3.328291893005371094e+00
6.226629018783569336e-02  -1.473131481801168263e+00  1.937969684600830078e+00  -2.039827648793355763e+00  -1.570746723805562794e+00  -3.078924719487325490e+00  3.360190868377685547e+00
5.512144416570663452e-02  -1.462055031453267873e+00  1.924779891967773438e+00  -2.038208309804097951e+00  -1.570746723805562794e+00  -3.086053435002462209e+00  3.395124912261962891e+00
5.104568228125572205e-02  -1.455510441456929982e+00  1.917064666748046875e+00  -2.037357155476705373e+00  -1.570734802876607716e+00  -3.090307537709371388e+00  3.422307968139648438e+00
4.572281613945960999e-02  -1.446914974843160451e+00  1.907001495361328125e+00  -2.036169830952779591e+00  -1.570734802876607716e+00  -3.095614973698751271e+00  3.458355903625488281e+00
3.946517780423164368e-02  -1.436774078999654591e+00  1.894961833953857422e+00  -2.034803215657369435e+00  -1.570734802876607716e+00  -3.101773802434102834e+00  3.496800899505615234e+00
3.471755236387252808e-02  -1.429186169301168263e+00  1.885964870452880859e+00  -2.033807579671041310e+00  -1.570746723805562794e+00  -3.106422964726583302e+00  3.525707006454467773e+00
2.941902540624141693e-02  -1.420183960591451466e+00  1.875710010528564453e+00  -2.032512966786519826e+00  -1.570722881947652638e+00  -3.111790482197896779e+00  3.568168878555297852e+00
2.378456667065620422e-02  -1.410426441823140919e+00  1.864437103271484375e+00  -2.031289402638570607e+00  -1.570699040089742482e+00  -3.117361847554342091e+00  3.616561889648437500e+00
2.042786031961441040e-02  -1.404505077992574513e+00  1.857716560363769531e+00  -2.030534092579976857e+00  -1.570699040089742482e+00  -3.120728794728414357e+00  3.645324945449829102e+00
1.733480766415596008e-02  -1.399027172719137013e+00  1.851438999176025391e+00  -2.029850308095113576e+00  -1.570686642323629201e+00  -3.123843971882955373e+00  3.677160024642944336e+00
1.373841613531112671e-02  -1.392542187367574513e+00  1.844275474548339844e+00  -2.029058758412496388e+00  -1.570710961018697560e+00  -3.127343002949849904e+00  3.716827869415283203e+00
-1.683122316469365387e-02  -1.337320152913228810e+00  1.786498069763183594e+00  -2.019873921071187794e+00  -1.570782486592428029e+00  -3.158447329198018849e+00  4.523720026016235352e+00
-1.680738130678349762e-02  -1.337344471608297169e+00  1.786546230316162109e+00  -2.019861523305074513e+00  -1.570794884358541310e+00  -3.158435169850484669e+00  4.565708875656127930e+00
-1.678353944887334137e-02  -1.337368313466207326e+00  1.786546230316162109e+00  -2.019921604787008107e+00  -1.570830647145406544e+00  -3.158315483723775685e+00  4.594652891159057617e+00
-1.659137407411748200e-02  -1.337536160145894826e+00  1.786845207214355469e+00  -2.019981686268941701e+00  -1.570830647145406544e+00  -3.158063713704244435e+00  4.625746011734008789e+00
-1.486570039858037262e-02  -1.339417759572164357e+00  1.788522720336914062e+00  -2.020173374806539357e+00  -1.570818726216451466e+00  -3.156254593526021779e+00  4.663699865341186523e+00
-1.045400301088506012e-02  -1.343720738087789357e+00  1.792595386505126953e+00  -2.020329300557271779e+00  -1.570830647145406544e+00  -3.151785437260762990e+00  4.703629016876220703e+00
-3.812138234273731996e-03  -1.350624863301412404e+00  1.799028396606445312e+00  -2.020581070576803029e+00  -1.570758644734517873e+00  -3.144667927418844044e+00  4.741800069808959961e+00
5.214636214077472687e-03  -1.359722916279928029e+00  1.807701587677001953e+00  -2.021060768757955373e+00  -1.570699040089742482e+00  -3.135202709828512013e+00  4.780440092086791992e+00
1.349835749715566635e-02  -1.368353192006246388e+00  1.815859317779541016e+00  -2.021600071583883107e+00  -1.570615116749898732e+00  -3.126444164906637013e+00  4.816066980361938477e+00
2.269362844526767731e-02  -1.377930466328756154e+00  1.825059890747070312e+00  -2.022127930318013966e+00  -1.570483032857076466e+00  -3.116726700459615529e+00  4.850135087966918945e+00
3.283527866005897522e-02  -1.388670746480123341e+00  1.835267066955566406e+00  -2.022583786641256154e+00  -1.570339504872457326e+00  -3.106231276188985646e+00  4.877731084823608398e+00
4.361284151673316956e-02  -1.400046173726217091e+00  1.846312046051025391e+00  -2.023231331502095998e+00  -1.570315186177388966e+00  -3.095076147709981740e+00  4.909867048263549805e+00
5.486977472901344299e-02  -1.412068668995992482e+00  1.858004093170166016e+00  -2.023854557667867482e+00  -1.570351425801412404e+00  -3.083393875752584279e+00  4.944823980331420898e+00
6.657012552022933960e-02  -1.424547497426168263e+00  1.870235443115234375e+00  -2.024526421223775685e+00  -1.570195500050679982e+00  -3.071519676839010060e+00  4.978772878646850586e+00
8.148337155580520630e-02  -1.440657917653219044e+00  1.886192798614501953e+00  -2.025293652211324513e+00  -1.569823567067281544e+00  -3.056266848240987599e+00  5.014220952987670898e+00
9.651570767164230347e-02  -1.457152668629781544e+00  1.902832508087158203e+00  -2.026037041340963185e+00  -1.569596115742818654e+00  -3.040918413792745412e+00  5.052036046981811523e+00
1.087557226419448853e-01  -1.470482651387349904e+00  1.916225910186767578e+00  -2.026564423237935841e+00  -1.569596115742818654e+00  -3.028660599385396779e+00  5.084503889083862305e+00
1.177105605602264404e-01  -1.480527702962056935e+00  1.926277160644531250e+00  -2.026828591023580373e+00  -1.569475952778951466e+00  -3.019554678593770802e+00  5.114594936370849609e+00
1.296266168355941772e-01  -1.493893925343648732e+00  1.939850807189941406e+00  -2.027332607899801076e+00  -1.569596115742818654e+00  -3.007620636616842091e+00  5.144602060317993164e+00
1.414344608783721924e-01  -1.507392231618062794e+00  1.953459739685058594e+00  -2.027955834065572560e+00  -1.569823567067281544e+00  -2.995853964482442677e+00  5.173516988754272461e+00
1.530385613441467285e-01  -1.521022144948140919e+00  1.967248916625976562e+00  -2.028699223195211232e+00  -1.569895569478170216e+00  -2.984147612248555959e+00  5.204143047332763672e+00
1.615979075431823730e-01  -1.531055752431051076e+00  1.977468013763427734e+00  -2.029082600270406544e+00  -1.569763485585347951e+00  -2.975700203572408498e+00  5.233721017837524414e+00
1.753595471382141113e-01  -1.547647301350728810e+00  1.994132995605468750e+00  -2.029778305684224904e+00  -1.569955650960103810e+00  -2.962004486714498341e+00  5.269397020339965820e+00
1.856809705495834351e-01  -1.560246769581929982e+00  2.007191658020019531e+00  -2.030390087758199513e+00  -1.569895569478170216e+00  -2.951640431080953419e+00  5.306896924972534180e+00
1.955346167087554932e-01  -1.572426621113912404e+00  2.019627094268798828e+00  -2.030677620564595998e+00  -1.569967571889058888e+00  -2.941874806080953419e+00  5.338876008987426758e+00
2.071990221738815308e-01  -1.587184254323140919e+00  2.034734725952148438e+00  -2.031205479298726857e+00  -1.569955650960103810e+00  -2.930299822484151662e+00  5.373419046401977539e+00
2.180477380752563477e-01  -1.601006809865133107e+00  2.049159049987792969e+00  -2.031853024159566701e+00  -1.569859329854146779e+00  -2.919683758412496388e+00  5.411499977111816406e+00
2.262591719627380371e-01  -1.611844364796773732e+00  2.060265064239501953e+00  -2.032308880482808888e+00  -1.569667641316549123e+00  -2.911607805882589162e+00  5.444936037063598633e+00
2.339908778667449951e-01  -1.622082535420553029e+00  2.070939540863037109e+00  -2.032573048268453419e+00  -1.569487873707906544e+00  -2.904022995625631154e+00  5.477957963943481445e+00
2.429093867540359497e-01  -1.634154621754781544e+00  2.083878993988037109e+00  -2.033171955739156544e+00  -1.569512192402974904e+00  -2.895239893590108693e+00  5.516217947006225586e+00
2.495988309383392334e-01  -1.643134419118062794e+00  2.093535423278808594e+00  -2.033567730580465138e+00  -1.569115940724508107e+00  -2.888769690190450490e+00  5.550591945648193359e+00
2.557002902030944824e-01  -1.651466671620504201e+00  2.102616786956787109e+00  -2.033891503010885060e+00  -1.568912331257955373e+00  -2.882826153432027638e+00  5.584038019180297852e+00
2.638997435569763184e-01  -1.662867848073140919e+00  2.115136623382568359e+00  -2.034275356923238576e+00  -1.568888489400045216e+00  -2.874918047581807912e+00  5.630918025970458984e+00
2.687185406684875488e-01  -1.669701401387349904e+00  2.122828960418701172e+00  -2.034550968800679982e+00  -1.568828407918111623e+00  -2.870220724736348927e+00  5.666065931320190430e+00
2.742204070091247559e-01  -1.677542511616842091e+00  2.131647109985351562e+00  -2.034934822713033498e+00  -1.568552796040670216e+00  -2.864972416554586232e+00  5.701416969299316406e+00
2.782366275787353516e-01  -1.683189217244283498e+00  2.138104438781738281e+00  -2.035330597554342091e+00  -1.568576637898580373e+00  -2.861234251652852834e+00  5.735372066497802734e+00
2.826715409755706787e-01  -1.689603153859273732e+00  2.145484924316406250e+00  -2.035762612019674123e+00  -1.568528954182760060e+00  -2.856980387364522755e+00  5.773721933364868164e+00
3.175182938575744629e-01  -1.742967430745260060e+00  2.207152366638183594e+00  -2.034922901784078419e+00  -1.570950333272115529e+00  -2.824088398610250294e+00  6.593098878860473633e+00
3.174224197864532471e-01  -1.742907349263326466e+00  2.207008361816406250e+00  -2.034850899373189748e+00  -1.570758644734517873e+00  -2.824196402226583302e+00  6.668596982955932617e+00
3.184538185596466064e-01  -1.742763344441549123e+00  2.205834388732910156e+00  -2.036913220082418263e+00  -1.564248863850728810e+00  -2.828425947819845021e+00  6.757531881332397461e+00
3.243991136550903320e-01  -1.742259804402486623e+00  2.199927806854248047e+00  -2.046338383351461232e+00  -1.533088509236470998e+00  -2.852762524281637013e+00  6.834317922592163086e+00
3.356549441814422607e-01  -1.743051354085103810e+00  2.194260120391845703e+00  -2.044396225606099904e+00  -1.516819302235738576e+00  -2.882574621831075490e+00  6.890542984008789062e+00
3.464673161506652832e-01  -1.745065514241353810e+00  2.188641071319580078e+00  -2.033591572438375294e+00  -1.519109074269429982e+00  -2.916364494954244435e+00  6.941297054290771484e+00
3.497637212276458740e-01  -1.748902146016256154e+00  2.181116580963134766e+00  -2.017247502003804982e+00  -1.539358917866842091e+00  -2.962136332188741505e+00  7.018620014190673828e+00
3.320229649543762207e-01  -1.752630535756246388e+00  2.171675682067871094e+00  -1.991825405751363576e+00  -1.571286503468648732e+00  -3.017014328633443654e+00  7.099143028259277344e+00
3.004250526428222656e-01  -1.754644695912496388e+00  2.162210941314697266e+00  -1.967349831257955373e+00  -1.598501984273092091e+00  -3.062366072331563771e+00  7.156111955642700195e+00
2.591165602207183838e-01  -1.754021469746724904e+00  2.146515369415283203e+00  -1.943989578877584279e+00  -1.623858753834859669e+00  -3.106949869786397755e+00  7.222568035125732422e+00
2.182035297155380249e-01  -1.747463051472799123e+00  2.123847484588623047e+00  -1.919021908436910451e+00  -1.638197247182027638e+00  -3.151881281529561818e+00  7.286006927490234375e+00
1.866044998168945312e-01  -1.736995999013082326e+00  2.100951671600341797e+00  -1.895001713429586232e+00  -1.637873951588765919e+00  -3.192403141652242482e+00  7.343364953994750977e+00
1.614061743021011353e-01  -1.724959198628560841e+00  2.079146385192871094e+00  -1.873283688222066701e+00  -1.631639782582418263e+00  -3.226897303258077443e+00  7.391653060913085938e+00
1.316283643245697021e-01  -1.706939522420064748e+00  2.050177574157714844e+00  -1.848111454640523732e+00  -1.620454136525289357e+00  -3.266963783894674123e+00  7.444519996643066406e+00
1.033369749784469604e-01  -1.687456909810201466e+00  2.021339893341064453e+00  -1.827148262654439748e+00  -1.612613503132955373e+00  -3.301493946705953419e+00  7.491293907165527344e+00
7.125707715749740601e-02  -1.663707081471578419e+00  1.989005565643310547e+00  -1.806389156972066701e+00  -1.607853714619771779e+00  -3.336443249379293263e+00  7.544475078582763672e+00
2.361678890883922577e-02  -1.627237621937887013e+00  1.940569877624511719e+00  -1.779093567525045216e+00  -1.599652592335836232e+00  -3.382702414189473927e+00  7.603641033172607422e+00
-1.988870302309209137e-02  -1.592494789754049123e+00  1.895956039428710938e+00  -1.756307427083150685e+00  -1.593538109456197560e+00  -3.422432009373800099e+00  7.661771059036254883e+00
-5.694419542421513825e-02  -1.561996761952535451e+00  1.857955932617187500e+00  -1.737238709126607716e+00  -1.591799561177388966e+00  -3.455691639577047169e+00  7.714372873306274414e+00
-1.218493620501917007e-01  -1.511563603078023732e+00  1.796417236328125000e+00  -1.708958927785054982e+00  -1.595084969197408498e+00  -3.508263889943258107e+00  7.794990062713623047e+00
-1.646845976458948257e-01  -1.481522862111226857e+00  1.760849952697753906e+00  -1.694291416798726857e+00  -1.599184815083638966e+00  -3.538060728703634084e+00  7.842686891555786133e+00
-2.540367285357874039e-01  -1.421142880116597951e+00  1.691754341125488281e+00  -1.671347920094625294e+00  -1.609232250844137013e+00  -3.592286411915914357e+00  7.931737899780273438e+00
-3.132732550250452164e-01  -1.379225079213277638e+00  1.645874977111816406e+00  -1.663732830678121388e+00  -1.615526501332418263e+00  -3.624814097081319630e+00  7.999727964401245117e+00
-3.834326902972620132e-01  -1.342450443898336232e+00  1.604870796203613281e+00  -1.652087513600484669e+00  -1.627683464680806935e+00  -3.657210413609639943e+00  8.068136930465698242e+00
-4.463866392718713882e-01  -1.317854229603902638e+00  1.577607631683349609e+00  -1.639470402394429982e+00  -1.642285648976461232e+00  -3.682286326085225880e+00  8.133347988128662109e+00
-4.829052130328577164e-01  -1.302679840718404591e+00  1.561196804046630859e+00  -1.634181801472799123e+00  -1.650989357625142873e+00  -3.696543518696920216e+00  8.175504922866821289e+00
-5.218094030963342789e-01  -1.282256428395406544e+00  1.539778709411621094e+00  -1.632322613392965138e+00  -1.658710781727926076e+00  -3.712597433720723927e+00  8.226530075073242188e+00
-5.504034201251428726e-01  -1.264037434254781544e+00  1.520804405212402344e+00  -1.633581940327779591e+00  -1.662583176289693654e+00  -3.725273434315816701e+00  8.262482881546020508e+00
-5.757840315448206070e-01  -1.244680706654683888e+00  1.501255512237548828e+00  -1.637059990559713185e+00  -1.664633099232808888e+00  -3.737038437520162404e+00  8.301264047622680664e+00
-5.985277334796350601e-01  -1.225060764943258107e+00  1.481563091278076172e+00  -1.642444912587301076e+00  -1.665076557789937794e+00  -3.748396221791402638e+00  8.340942859649658203e+00
-6.182854811297815445e-01  -1.205740276967183888e+00  1.462122440338134766e+00  -1.649149243031637013e+00  -1.664405171071187794e+00  -3.759047094975606740e+00  8.384788990020751953e+00
-6.324089209185999039e-01  -1.190411392842428029e+00  1.446849346160888672e+00  -1.654954258595601857e+00  -1.663086239491597951e+00  -3.766930643712179005e+00  8.418210029602050781e+00
-6.535814444171350601e-01  -1.163924519215719044e+00  1.420485019683837891e+00  -1.666179482136861623e+00  -1.659609619771138966e+00  -3.780073467885152638e+00  8.469543933868408203e+00
-6.666615645038049820e-01  -1.145396057759420216e+00  1.402062416076660156e+00  -1.675150219594137013e+00  -1.656240765248433888e+00  -3.788495365773336232e+00  8.514740943908691406e+00
-6.775715986834924820e-01  -1.126915280018941701e+00  1.383926868438720703e+00  -1.684241120015279591e+00  -1.652308289204732716e+00  -3.796462599431173146e+00  8.548660039901733398e+00
-6.873186270343225601e-01  -1.109298054371969044e+00  1.366606712341308594e+00  -1.693739716206685841e+00  -1.648063961659566701e+00  -3.803855482731954396e+00  8.590317010879516602e+00
-6.956027189837854507e-01  -1.092424694691793263e+00  1.350017070770263672e+00  -1.703394238148824513e+00  -1.643676582966939748e+00  -3.810600344334737599e+00  8.630486011505126953e+00
-7.011659781085413101e-01  -1.079733673726217091e+00  1.337344169616699219e+00  -1.711165730153219044e+00  -1.640115563069478810e+00  -3.815703694020406544e+00  8.664985895156860352e+00
-7.071364561664026382e-01  -1.064753357564107716e+00  1.322670459747314453e+00  -1.720820252095357716e+00  -1.635631863270894826e+00  -3.821478668843404591e+00  8.704216003417968750e+00
-7.130830923663538101e-01  -1.048671070729390919e+00  1.306775093078613281e+00  -1.732105557118551076e+00  -1.630524937306539357e+00  -3.827672545109884084e+00  8.749749898910522461e+00
-7.171471754657190445e-01  -1.036519352589742482e+00  1.294868946075439453e+00  -1.741316143666402638e+00  -1.626388374959127248e+00  -3.832021776829854787e+00  8.794216871261596680e+00
-7.204321066485803726e-01  -1.026117149983541310e+00  1.284268379211425781e+00  -1.749890629445211232e+00  -1.622396294270650685e+00  -3.836047236119405568e+00  8.830726861953735352e+00
-7.230933348285120132e-01  -1.016314808522359669e+00  1.274757385253906250e+00  -1.757830444966451466e+00  -1.618811432515279591e+00  -3.839521710072652638e+00  8.868555068969726562e+00
-7.257435957538049820e-01  -1.005804840718404591e+00  1.264420509338378906e+00  -1.766621414815084279e+00  -1.614819351826803029e+00  -3.843223635350362599e+00  8.916476011276245117e+00
-7.278049627887170914e-01  -9.417422453509729507e-01  1.201020717620849609e+00  -1.830338780079976857e+00  -1.570566956196920216e+00  -3.869593445454732716e+00  9.723456859588623047e+00
-7.278049627887170914e-01  -9.418743292437952164e-01  1.201080322265625000e+00  -1.830158535634176076e+00  -1.570722881947652638e+00  -3.869461599980489552e+00  9.807714939117431641e+00
-7.286446730243127945e-01  -9.443429152118127945e-01  1.204027175903320312e+00  -1.829235378895894826e+00  -1.573828045521871388e+00  -3.867412630711690724e+00  9.887028932571411133e+00
-7.352026144610803726e-01  -9.639952818499963882e-01  1.224724769592285156e+00  -1.822291676198140919e+00  -1.596799198781148732e+00  -3.853023831044332326e+00  9.950021982192993164e+00
-7.397349516498010757e-01  -1.022486511860982716e+00  1.288376808166503906e+00  -1.802851502095357716e+00  -1.650821510945455373e+00  -3.810001198445455373e+00  1.004485702514648438e+01
-7.347829977618616226e-01  -1.058078114186422169e+00  1.327952861785888672e+00  -1.790187184010640919e+00  -1.674967590962545216e+00  -3.784901205693380177e+00  1.009760594367980957e+01
-7.188018004046838882e-01  -1.122001949940816701e+00  1.399175643920898438e+00  -1.766585175191060841e+00  -1.707804505025045216e+00  -3.742430035267965138e+00  1.017594289779663086e+01
-6.921623388873499039e-01  -1.190662686024801076e+00  1.478113174438476562e+00  -1.753489319478170216e+00  -1.736925427113668263e+00  -3.689606491719381154e+00  1.027368688583374023e+01
-6.858437697040002945e-01  -1.239466969166890919e+00  1.543587684631347656e+00  -1.768719975148336232e+00  -1.790886227284566701e+00  -3.630265537892476857e+00  1.037131094932556152e+01
-6.778591314898889664e-01  -1.292720142995015919e+00  1.606643676757812500e+00  -1.759869400654928029e+00  -1.823326889668599904e+00  -3.592142407094137013e+00  1.044374704360961914e+01
-6.609304586993616226e-01  -1.362168137227193654e+00  1.686591148376464844e+00  -1.737933937703267873e+00  -1.860633675252095998e+00  -3.552665297185079396e+00  1.052453494071960449e+01
-6.539409796344202164e-01  -1.405452076588765919e+00  1.737610340118408203e+00  -1.728579823170797169e+00  -1.889800850545064748e+00  -3.525924030934469044e+00  1.058335804939270020e+01
-6.526940504657190445e-01  -1.452489201222554982e+00  1.793302059173583984e+00  -1.720760170613424123e+00  -1.920813385640279591e+00  -3.496378723775045216e+00  1.064609503746032715e+01
-6.535213629352014664e-01  -1.487804237996236623e+00  1.835099220275878906e+00  -1.714763466511861623e+00  -1.939526859913961232e+00  -3.475232664738790334e+00  1.069538187980651855e+01
-6.540725866900842789e-01  -1.523251358662740529e+00  1.876895904541015625e+00  -1.708635155354635060e+00  -1.953708473836080373e+00  -3.454637114201680959e+00  1.073952698707580566e+01
-6.532934347735803726e-01  -1.563938919697896779e+00  1.925426483154296875e+00  -1.702194992695943654e+00  -1.966415707265035451e+00  -3.431489531193868459e+00  1.079499888420104980e+01
-6.512196699725549820e-01  -1.598680798207418263e+00  1.966410636901855469e+00  -1.697242085133687794e+00  -1.974591080342428029e+00  -3.412523810063497365e+00  1.084607291221618652e+01
-6.469271818744104507e-01  -1.632356468831197560e+00  2.006161212921142578e+00  -1.693296257649556935e+00  -1.981280151997701466e+00  -3.394156281148092091e+00  1.089772605895996094e+01
-6.404531637774866226e-01  -1.664342705403463185e+00  2.044354915618896484e+00  -1.690549198781148732e+00  -1.986842457448140919e+00  -3.376712147389547169e+00  1.093909096717834473e+01
-6.334636847125452164e-01  -1.689735237752095998e+00  2.074881553649902344e+00  -1.689110104237691701e+00  -1.990498844777242482e+00  -3.362945620213643849e+00  1.098573899269104004e+01
-6.215947310077112320e-01  -1.722956959401265919e+00  2.114837169647216797e+00  -1.688690487538472951e+00  -1.994106594716207326e+00  -3.344901863728658498e+00  1.103569602966308594e+01
-6.099413076983850601e-01  -1.749117676411763966e+00  2.146707057952880859e+00  -1.689290348683492482e+00  -1.995413605366842091e+00  -3.330464426671163380e+00  1.108380699157714844e+01
-5.990908781634729507e-01  -1.769140068684713185e+00  2.171435832977294922e+00  -1.690945450459615529e+00  -1.995005909596578419e+00  -3.319250170384542287e+00  1.112520599365234375e+01
-5.870659987079065445e-01  -1.787567917500631154e+00  2.194487571716308594e+00  -1.693535629902974904e+00  -1.993567291890279591e+00  -3.308802429829732716e+00  1.116949200630187988e+01
-5.689867178546350601e-01  -1.810457054768697560e+00  2.223614692687988281e+00  -1.698932949696676076e+00  -1.989059750233785451e+00  -3.295491282139913380e+00  1.122491908073425293e+01
-5.461590925799768570e-01  -1.832398239766256154e+00  2.252310752868652344e+00  -1.707243744526998341e+00  -1.980356995259420216e+00  -3.281820360814229787e+00  1.128705000877380371e+01
-5.243032614337366226e-01  -1.847865406666890919e+00  2.273326396942138672e+00  -1.716406647359029591e+00  -1.969856087361470998e+00  -3.271468941365377248e+00  1.134194207191467285e+01
-5.028551260577600601e-01  -1.857889000569478810e+00  2.287692785263061523e+00  -1.726049248372213185e+00  -1.957029167805806935e+00  -3.263669077550069630e+00  1.139073204994201660e+01
-4.731820265399377945e-01  -1.864974800740377248e+00  2.299686670303344727e+00  -1.740476433430806935e+00  -1.937681023274556935e+00  -3.255617682133809865e+00  1.144928097724914551e+01
-4.497073332415979507e-01  -1.867097202931539357e+00  2.305102348327636719e+00  -1.752829376851217091e+00  -1.920933548604146779e+00  -3.250525538121358693e+00  1.149039387702941895e+01
-4.148076216327112320e-01  -1.866341892872945607e+00  2.308780908584594727e+00  -1.771777931843892873e+00  -1.895675007496969044e+00  -3.244330708180562794e+00  1.154058599472045898e+01
-3.891151587115686539e-01  -1.863632504140035451e+00  2.308948516845703125e+00  -1.785594288502828419e+00  -1.875906769429342091e+00  -3.240532938634054005e+00  1.158176708221435547e+01
-3.582318464862268570e-01  -1.858452622090474904e+00  2.306995630264282227e+00  -1.803643051777974904e+00  -1.850887600575582326e+00  -3.236566845570699513e+00  1.163001608848571777e+01
-3.327191511737268570e-01  -1.852769200001851857e+00  2.303700685501098633e+00  -1.818609539662496388e+00  -1.829260651265279591e+00  -3.233703438435689748e+00  1.167397689819335938e+01
-3.028672377215784195e-01  -1.844496075307027638e+00  2.298201084136962891e+00  -1.836694542561666310e+00  -1.802370850239888966e+00  -3.230660025273458302e+00  1.172115802764892578e+01
-2.790330092059534195e-01  -1.836642567311422169e+00  2.292413711547851562e+00  -1.852200810109273732e+00  -1.780683819447652638e+00  -3.228419367467061818e+00  1.175706005096435547e+01
-2.610138098346155289e-01  -1.829712216054097951e+00  2.287141799926757812e+00  -1.865104977284566701e+00  -1.762988392506734669e+00  -3.226933304463521779e+00  1.179090690612792969e+01
-2.392662207232874039e-01  -1.820683781300679982e+00  2.279964923858642578e+00  -1.880874458943502248e+00  -1.741900746022359669e+00  -3.225172106419698537e+00  1.182710886001586914e+01
-2.233331839190881851e-01  -1.813238445912496388e+00  2.273913383483886719e+00  -1.893215004597799123e+00  -1.725955788289205373e+00  -3.224021975194112599e+00  1.186051988601684570e+01
-2.081559340106409195e-01  -1.805780235921041310e+00  2.267719268798828125e+00  -1.904919449483053029e+00  -1.711149517689840138e+00  -3.222871843968526662e+00  1.189194488525390625e+01
-1.945245901690881851e-01  -1.798298660908834279e+00  2.261644363403320312e+00  -1.916084114705220998e+00  -1.697074715291158498e+00  -3.221925083790914357e+00  1.192764687538146973e+01
-1.789754072772424820e-01  -1.789510552083150685e+00  2.254228115081787109e+00  -1.929599110280172169e+00  -1.680901829396383107e+00  -3.220894877110616505e+00  1.196869087219238281e+01
-1.654403845416467789e-01  -1.781237904225484669e+00  2.247098922729492188e+00  -1.941795174275533498e+00  -1.666946713124410451e+00  -3.220044199620382130e+00  1.200525307655334473e+01
-1.556213537799280289e-01  -1.774931255971090138e+00  2.241694927215576172e+00  -1.950560871754781544e+00  -1.657031838093892873e+00  -3.219421211873189748e+00  1.204089593887329102e+01
-1.447718779193323257e-01  -1.767545525227681935e+00  2.235236644744873047e+00  -1.960538689290181935e+00  -1.645594422017232716e+00  -3.218821827565328419e+00  1.207693600654602051e+01
-1.372550169574182632e-01  -1.761982266102926076e+00  2.230408191680908203e+00  -1.967913452778951466e+00  -1.637562100087301076e+00  -3.218330923710958302e+00  1.210980200767517090e+01
-1.304453055011194351e-01  -1.756838623677388966e+00  2.225855350494384766e+00  -1.974629227315084279e+00  -1.630392853413717091e+00  -3.217827622090474904e+00  1.214242601394653320e+01
-7.382375398744756012e-02  -1.697947327290670216e+00  2.170177936553955078e+00  -2.043221298848287404e+00  -1.570543114339010060e+00  -3.215610806141988576e+00  1.295419597625732422e+01
-7.394344011415654450e-02  -1.698055092488424123e+00  2.170226097106933594e+00  -2.043221298848287404e+00  -1.570638958607808888e+00  -3.215562884007589162e+00  1.301288890838623047e+01
-7.396775880922490387e-02  -1.698067490254537404e+00  2.170298099517822266e+00  -2.043185059224263966e+00  -1.570602718983785451e+00  -3.215622965489522755e+00  1.304193186759948730e+01
-7.414752641786748200e-02  -1.697755638753072560e+00  2.169890403747558594e+00  -2.043089214955465138e+00  -1.570710961018697560e+00  -3.215754810963765919e+00  1.307304406166076660e+01
-7.487899461855107575e-02  -1.694962326680318654e+00  2.166871070861816406e+00  -2.042909447346822560e+00  -1.570710961018697560e+00  -3.216306034718648732e+00  1.311288595199584961e+01
-7.636529604067021637e-02  -1.688691918049947560e+00  2.160425662994384766e+00  -2.042573277150289357e+00  -1.570699040089742482e+00  -3.217863623295919240e+00  1.315202498435974121e+01
-7.859546342958623200e-02  -1.679532353078023732e+00  2.150780677795410156e+00  -2.042201821004049123e+00  -1.570699040089742482e+00  -3.220044199620382130e+00  1.319227600097656250e+01
-8.131677309145146637e-02  -1.667687241231099904e+00  2.138487815856933594e+00  -2.041901890431539357e+00  -1.570686642323629201e+00  -3.222812000905172169e+00  1.322800087928771973e+01
-8.323461214174443512e-02  -1.659510914479390919e+00  2.129957675933837891e+00  -2.041553799306051076e+00  -1.570734802876607716e+00  -3.224705044423238576e+00  1.325291204452514648e+01
-8.588439622987920075e-02  -1.647582356129781544e+00  2.117341518402099609e+00  -2.041026417409078419e+00  -1.570699040089742482e+00  -3.227352921162740529e+00  1.328693509101867676e+01
-8.948070207704716950e-02  -1.631097618733541310e+00  2.100005149841308594e+00  -2.040283028279439748e+00  -1.570722881947652638e+00  -3.230935637150899709e+00  1.332348108291625977e+01
-9.241801897157841950e-02  -1.617131058369771779e+00  2.085136890411376953e+00  -2.039611641560689748e+00  -1.570686642323629201e+00  -3.233907047902242482e+00  1.335579705238342285e+01
-9.469587007631474762e-02  -1.606329743062154591e+00  2.073551654815673828e+00  -2.039239708577291310e+00  -1.570699040089742482e+00  -3.236087862645284474e+00  1.338562107086181641e+01
-9.765702882875615387e-02  -1.591835800801412404e+00  2.057904720306396484e+00  -2.038436714802877248e+00  -1.570710961018697560e+00  -3.239119116459981740e+00  1.341203403472900391e+01
-1.006777922259729507e-01  -1.577041927968160451e+00  2.041982650756835938e+00  -2.037704769765035451e+00  -1.570686642323629201e+00  -3.242114369069234669e+00  1.344452786445617676e+01
-1.036155859576624039e-01  -1.562392536793844044e+00  2.026120185852050781e+00  -2.037081066762105763e+00  -1.570686642323629201e+00  -3.245049778615133107e+00  1.347954607009887695e+01
-1.072595755206506851e-01  -1.544506374989644826e+00  2.006844043731689453e+00  -2.036157910023824513e+00  -1.570650879536763966e+00  -3.248656336461202443e+00  1.351999902725219727e+01
-1.107004324542444351e-01  -1.527087990437642873e+00  1.988214969635009766e+00  -2.035414520894185841e+00  -1.570650879536763966e+00  -3.252154890690938771e+00  1.355759406089782715e+01
-1.133855024920862320e-01  -1.513673130665914357e+00  1.973993778228759766e+00  -2.034874741231099904e+00  -1.570650879536763966e+00  -3.254766766224996388e+00  1.358870196342468262e+01
-1.159876028644006851e-01  -1.500763241444722951e+00  1.960264682769775391e+00  -2.034275356923238576e+00  -1.570627037678853810e+00  -3.257258717213765919e+00  1.362180995941162109e+01
-1.219094435321252945e-01  -1.471536938344137013e+00  1.929187774658203125e+00  -2.032908264790670216e+00  -1.570494953786031544e+00  -3.262986008320943654e+00  1.370398306846618652e+01
-1.238516012774866226e-01  -1.461287800465719044e+00  1.918286323547363281e+00  -2.032416645680562794e+00  -1.570459190999166310e+00  -3.264951054249898732e+00  1.373572707176208496e+01
-1.261771360980432632e-01  -1.449456516896383107e+00  1.905982971191406250e+00  -2.031936947499410451e+00  -1.570519272481099904e+00  -3.267239395772115529e+00  1.377328991889953613e+01
-1.278079191790979507e-01  -1.441005531941549123e+00  1.897010326385498047e+00  -2.031529251729146779e+00  -1.570506874714986623e+00  -3.268928591405050099e+00  1.380472087860107422e+01
-1.292708555804651382e-01  -1.433357540761129201e+00  1.889008045196533203e+00  -2.031109635029928029e+00  -1.570543114339010060e+00  -3.270366493855611623e+00  1.383584904670715332e+01
-1.305659453021448257e-01  -1.426321331654683888e+00  1.881723880767822266e+00  -2.030665699635640919e+00  -1.570543114339010060e+00  -3.271672789250509084e+00  1.386976599693298340e+01
-1.455634276019495132e-01  -1.355515305195943654e+00  1.809606552124023438e+00  -2.024838272725240529e+00  -1.570746723805562794e+00  -3.287188116704122365e+00  1.469377088546752930e+01
-1.455872694598596695e-01  -1.355539147053853810e+00  1.809666156768798828e+00  -2.024802033101217091e+00  -1.570686642323629201e+00  -3.287188116704122365e+00  1.473576903343200684e+01
-1.455634276019495132e-01  -1.355575386677877248e+00  1.809630393981933594e+00  -2.024718109761373341e+00  -1.570770565663472951e+00  -3.287200037633077443e+00  1.476000595092773438e+01
-1.455872694598596695e-01  -1.355898682271138966e+00  1.810037612915039062e+00  -2.024766270314351857e+00  -1.570662800465719044e+00  -3.287164274846212209e+00  1.479038286209106445e+01
-1.455510298358362320e-01  -1.358008686696187794e+00  1.811858177185058594e+00  -2.024885956441060841e+00  -1.570806805287496388e+00  -3.287152115498678029e+00  1.481897902488708496e+01
-1.455271879779260757e-01  -1.364205662404195607e+00  1.817189216613769531e+00  -2.024298493062154591e+00  -1.570746723805562794e+00  -3.287068430577413380e+00  1.485978889465332031e+01
-1.455033461200159195e-01  -1.372056786214010060e+00  1.823922157287597656e+00  -2.023854557667867482e+00  -1.570758644734517873e+00  -3.287044350300924123e+00  1.489800190925598145e+01
-1.454795042621057632e-01  -1.385398213063375294e+00  1.835614204406738281e+00  -2.022919003163472951e+00  -1.570638958607808888e+00  -3.286960426961080373e+00  1.494009590148925781e+01
-1.454671064959924820e-01  -1.402263466511861623e+00  1.850049495697021484e+00  -2.021516148244039357e+00  -1.570770565663472951e+00  -3.286912504826680959e+00  1.497593688964843750e+01
-1.453951040851038101e-01  -1.417774979268209279e+00  1.863442897796630859e+00  -2.020233456288472951e+00  -1.570578877125875294e+00  -3.286768738423482716e+00  1.500949406623840332e+01
-1.453593412982385757e-01  -1.439447228108541310e+00  1.882071495056152344e+00  -2.018446270619527638e+00  -1.570494953786031544e+00  -3.286409203206197560e+00  1.504323792457580566e+01
-1.453231016742151382e-01  -1.453316036854879201e+00  1.894135475158691406e+00  -2.017175976430074513e+00  -1.570555035267965138e+00  -3.286241833363668263e+00  1.507385706901550293e+01
-1.453111807452600601e-01  -1.472843948994771779e+00  1.911026477813720703e+00  -2.015497032796041310e+00  -1.570339504872457326e+00  -3.285978142415181935e+00  1.510318398475646973e+01
-1.452272574054163101e-01  -1.493174378071920216e+00  1.928433418273925781e+00  -2.013745609913961232e+00  -1.570111099873678029e+00  -3.285798374806539357e+00  1.513670492172241211e+01
-1.451914946185510757e-01  -1.513912979756490529e+00  1.946487426757812500e+00  -2.011802975331441701e+00  -1.569739643727437794e+00  -3.285426918660299123e+00  1.516724395751953125e+01
-1.451795736895959976e-01  -1.535275761281148732e+00  1.964877128601074219e+00  -2.009992424641744435e+00  -1.569547955189840138e+00  -3.285127226506368459e+00  1.519909906387329102e+01
-1.451194922076624039e-01  -1.556482617055074513e+00  1.983278751373291016e+00  -2.007965866719381154e+00  -1.569428269063131154e+00  -3.284803692494527638e+00  1.522981786727905273e+01
-1.450713316546838882e-01  -1.577833477650777638e+00  2.001944065093994141e+00  -2.005986992512838185e+00  -1.569284264241353810e+00  -3.284348551427022755e+00  1.526283502578735352e+01
-1.450355688678186539e-01  -1.599304024373189748e+00  2.020573139190673828e+00  -2.004032913838521779e+00  -1.569115940724508107e+00  -3.283773485814229787e+00  1.529117798805236816e+01
-1.450236479388635757e-01  -1.620776001607076466e+00  2.039574623107910156e+00  -2.001862351094381154e+00  -1.568780724202291310e+00  -3.283413950596944630e+00  1.532514500617980957e+01
-1.449397245990198257e-01  -1.642414871846334279e+00  2.058383941650390625e+00  -1.999799553547994435e+00  -1.568564716969625294e+00  -3.283198181782857716e+00  1.535739898681640625e+01
-1.449158827411096695e-01  -1.668862167988912404e+00  2.081303596496582031e+00  -1.997173611317769826e+00  -1.568337265645162404e+00  -3.282922808323995412e+00  1.539647507667541504e+01
-1.449034849749963882e-01  -1.694434467946187794e+00  2.103946685791015625e+00  -1.994607273732320607e+00  -1.568168942128316701e+00  -3.282767120991842091e+00  1.543836903572082520e+01
-1.448438803302209976e-01  -1.714156929646627248e+00  2.121283054351806641e+00  -1.992592636738912404e+00  -1.568301026021138966e+00  -3.282575432454244435e+00  1.547397494316101074e+01
-1.448319594012659195e-01  -1.737572018300191701e+00  2.142129898071289062e+00  -1.990290466939107716e+00  -1.568445030842916310e+00  -3.282563273106710255e+00  1.550859093666076660e+01
-1.447957197772424820e-01  -1.755340401326314748e+00  2.158184528350830078e+00  -1.988227669392720998e+00  -1.568505112324849904e+00  -3.282587353383199513e+00  1.554345107078552246e+01
-1.447718779193323257e-01  -1.772521320973531544e+00  2.173400878906250000e+00  -1.986392800007955373e+00  -1.568540875111715138e+00  -3.282431666051046193e+00  1.557553887367248535e+01
-1.447957197772424820e-01  -1.788755242024556935e+00  2.188161849975585938e+00  -1.984546486531392873e+00  -1.568780724202291310e+00  -3.282467428837911427e+00  1.560940289497375488e+01
-1.447117964373987320e-01  -1.807998959218160451e+00  2.205355167388916016e+00  -1.982363526021138966e+00  -1.569092098866597951e+00  -3.282479588185445607e+00  1.564314389228820801e+01
-1.447237173663538101e-01  -1.822254482899801076e+00  2.218474864959716797e+00  -1.980708424245015919e+00  -1.569344345723287404e+00  -3.282491509114400685e+00  1.568150997161865234e+01
-1.446998755084436539e-01  -1.835731331502095998e+00  2.230539798736572266e+00  -1.979257885609762013e+00  -1.569596115742818654e+00  -3.282623354588643849e+00  1.570994901657104492e+01
-1.446760336505334976e-01  -1.850982491170064748e+00  2.244546890258789062e+00  -1.977351013814107716e+00  -1.569751564656392873e+00  -3.282707277928487599e+00  1.574875903129577637e+01
-1.446521917926233414e-01  -1.864507500325338185e+00  2.257103443145751953e+00  -1.975528542195455373e+00  -1.569811646138326466e+00  -3.282839123402730763e+00  1.579038190841674805e+01
-1.446760336505334976e-01  -1.874447170888082326e+00  2.266185760498046875e+00  -1.974437061940328419e+00  -1.569871727620260060e+00  -3.282815043126241505e+00  1.582444000244140625e+01
-1.446521917926233414e-01  -1.885682408009664357e+00  2.276669502258300781e+00  -1.972973648701803029e+00  -1.569799725209371388e+00  -3.283018891011373341e+00  1.586174106597900391e+01
-1.446760336505334976e-01  -1.895682160054342091e+00  2.285895347595214844e+00  -1.971655193959371388e+00  -1.569691960011617482e+00  -3.283198181782857716e+00  1.589883804321289062e+01
-1.446521917926233414e-01  -1.901161495839254201e+00  2.291012048721313477e+00  -1.970911804829732716e+00  -1.569703880940572560e+00  -3.283509794865743459e+00  1.592929196357727051e+01
-1.447361151324670914e-01  -1.974064175282613576e+00  2.360496044158935547e+00  -1.957192722951070607e+00  -1.570890728627340138e+00  -3.286409203206197560e+00  1.674592208862304688e+01
-1.447237173663538101e-01  -1.973908726369039357e+00  2.360316276550292969e+00  -1.957168881093160451e+00  -1.570986572896138966e+00  -3.286349360142843068e+00  1.683787703514099121e+01
-1.424339453326624039e-01  -1.973249260579244435e+00  2.359129905700683594e+00  -1.956029717122213185e+00  -1.567341629658834279e+00  -3.287391964589254201e+00  1.691299295425415039e+01
-1.217535177813928726e-01  -1.967397991810933888e+00  2.349508047103881836e+00  -1.944493118916646779e+00  -1.537344757710592091e+00  -3.297480408345357716e+00  1.698011302947998047e+01
-1.004622618304651382e-01  -1.961677853261129201e+00  2.339359283447265625e+00  -1.927812401448385060e+00  -1.518845383320943654e+00  -3.309041802083150685e+00  1.703328704833984375e+01
-7.600576082338506012e-02  -1.955574814473287404e+00  2.325471878051757812e+00  -1.902053181325094044e+00  -1.513449970875875294e+00  -3.324677769337789357e+00  1.708430409431457520e+01
-5.983335176576787262e-02  -1.950634304677144826e+00  2.311536788940429688e+00  -1.875910107289449513e+00  -1.520991150532857716e+00  -3.338947359715596974e+00  1.713550496101379395e+01
-4.958326021303349762e-02  -1.945406262074605763e+00  2.295684814453125000e+00  -1.847488228474752248e+00  -1.535534683858053029e+00  -3.353828016911641896e+00  1.718629097938537598e+01
-4.409295717348271637e-02  -1.938368145619527638e+00  2.273901462554931641e+00  -1.814904038106099904e+00  -1.558530155812398732e+00  -3.372123304997579396e+00  1.723635792732238770e+01
-4.345733324159795075e-02  -1.932013336812154591e+00  2.251951217651367188e+00  -1.786697212849752248e+00  -1.581837002431051076e+00  -3.388274017964498341e+00  1.728925108909606934e+01
-4.613095918764287262e-02  -1.922960106526510060e+00  2.217971324920654297e+00  -1.751258198414937794e+00  -1.615022961293355763e+00  -3.410139147435323537e+00  1.734682297706604004e+01
-5.054265657533818512e-02  -1.914363209401265919e+00  2.184459686279296875e+00  -1.718733135853902638e+00  -1.644527737294332326e+00  -3.429129425679342091e+00  1.740786695480346680e+01
-5.614120164980107575e-02  -1.904878918324605763e+00  2.148743629455566406e+00  -1.686867539082662404e+00  -1.672186199818746388e+00  -3.448406759892598927e+00  1.746192407608032227e+01
-6.393319765199834137e-02  -1.894015137349263966e+00  2.111530780792236328e+00  -1.656153027211324513e+00  -1.698429886494771779e+00  -3.467372957860128224e+00  1.752012896537780762e+01
-8.412200609316045075e-02  -1.866869751607076466e+00  2.046343326568603516e+00  -1.606249157582418263e+00  -1.738495651875631154e+00  -3.498427693043844044e+00  1.761791706085205078e+01
-1.068638006793420914e-01  -1.834664169942037404e+00  1.994947910308837891e+00  -1.566826168690816701e+00  -1.767592255269185841e+00  -3.522306028996602834e+00  1.769335007667541504e+01
-1.313565413104456070e-01  -1.801500145589010060e+00  1.951435089111328125e+00  -1.536110226308004201e+00  -1.790406529103414357e+00  -3.542194191609517873e+00  1.776885986328125000e+01
-1.444600264178674820e-01  -1.777304951344625294e+00  1.922767162322998047e+00  -1.518791500722066701e+00  -1.807418171559469044e+00  -3.555864397679464162e+00  1.781405997276306152e+01
-1.609566847430627945e-01  -1.750940148030416310e+00  1.893404006958007812e+00  -1.503187958394185841e+00  -1.827222649251119435e+00  -3.570588890706197560e+00  1.785921597480773926e+01
-1.800068060504358414e-01  -1.727069203053609669e+00  1.868175029754638672e+00  -1.490989987050191701e+00  -1.844989124928609669e+00  -3.583372418080465138e+00  1.790618896484375000e+01
-2.129986921893518570e-01  -1.690945927296773732e+00  1.831541061401367188e+00  -1.476297680531637013e+00  -1.870104614888326466e+00  -3.601739231740133107e+00  1.795616602897644043e+01
-2.342670599566858414e-01  -1.668322865162984669e+00  1.809486389160156250e+00  -1.469221417103902638e+00  -1.884178463612691701e+00  -3.612509791051046193e+00  1.799146890640258789e+01
-2.625606695758264664e-01  -1.637427632008687794e+00  1.780173301696777344e+00  -1.461510006581441701e+00  -1.899595562611715138e+00  -3.626551453267232716e+00  1.802651095390319824e+01
-2.927725950824182632e-01  -1.603356186543599904e+00  1.749194145202636719e+00  -1.455477062855855763e+00  -1.912038628255025685e+00  -3.640844647084371388e+00  1.807070899009704590e+01
-3.304770628558557632e-01  -1.560294453297750294e+00  1.709818840026855469e+00  -1.450991455708638966e+00  -1.922420326863424123e+00  -3.658360544835225880e+00  1.812020087242126465e+01
-4.134648481952112320e-01  -1.461851421986715138e+00  1.621042251586914062e+00  -1.451075379048482716e+00  -1.928557697926656544e+00  -3.695261541997091115e+00  1.822655892372131348e+01
-4.805315176593225601e-01  -1.381657902394429982e+00  1.547672271728515625e+00  -1.459590737019674123e+00  -1.921161476765767873e+00  -3.724937740956441701e+00  1.831268095970153809e+01
-5.171816984759729507e-01  -1.343996349965230763e+00  1.512994766235351562e+00  -1.463609043751851857e+00  -1.917792622243062794e+00  -3.739913527165548146e+00  1.835909986495971680e+01
-5.534132162677209976e-01  -1.310171429310933888e+00  1.481802463531494141e+00  -1.467434231434957326e+00  -1.914532009755269826e+00  -3.754626099263326466e+00  1.840347194671630859e+01
-5.816829840289514664e-01  -1.282256428395406544e+00  1.456084728240966797e+00  -1.472664181386129201e+00  -1.909353558217183888e+00  -3.766379181538717091e+00  1.844782900810241699e+01
-6.170867125140588882e-01  -1.242655102406637013e+00  1.418903827667236328e+00  -1.483961884175435841e+00  -1.896370236073629201e+00  -3.782685343419210255e+00  1.850460290908813477e+01
-6.399501005755823257e-01  -1.214070145283834279e+00  1.392048835754394531e+00  -1.494672123585836232e+00  -1.884334389363424123e+00  -3.793719355260030568e+00  1.854582595825195312e+01
-6.607387701617639664e-01  -1.186132733021871388e+00  1.365588665008544922e+00  -1.506078545247213185e+00  -1.870500389729635060e+00  -3.804262224827901662e+00  1.858554196357727051e+01
-6.795256773578088882e-01  -1.159166638051168263e+00  1.339823246002197266e+00  -1.518264118825094044e+00  -1.855514828358785451e+00  -3.814757649098531544e+00  1.862347698211669922e+01
-6.997392813311975601e-01  -1.128246132527486623e+00  1.310248851776123047e+00  -1.533423725758687794e+00  -1.836165730153219044e+00  -3.826618734990255177e+00  1.866729807853698730e+01
-7.143896261798303726e-01  -1.103725735341207326e+00  1.286771774291992188e+00  -1.546773258839742482e+00  -1.818746868764058888e+00  -3.835855547581807912e+00  1.871132588386535645e+01
-7.276132742511194351e-01  -1.080572430287496388e+00  1.264492511749267578e+00  -1.560265843068258107e+00  -1.800872151051656544e+00  -3.844577852879659474e+00  1.875198602676391602e+01
-7.409814039813440445e-01  -1.054207626973287404e+00  1.239182949066162109e+00  -1.576313320790426076e+00  -1.779664818440572560e+00  -3.854234043751851857e+00  1.879743409156799316e+01
-7.510040442096155289e-01  -1.033211533223287404e+00  1.218700408935546875e+00  -1.589925591145650685e+00  -1.761070553456441701e+00  -3.861865822468892873e+00  1.884265708923339844e+01
-7.598159948932092789e-01  -1.013486210499898732e+00  1.199068069458007812e+00  -1.603465859089986623e+00  -1.742979351674215138e+00  -3.868982140217916310e+00  1.888150906562805176e+01
-7.685082594500940445e-01  -9.911373297320764664e-01  1.177267551422119141e+00  -1.620029274617330373e+00  -1.722119156514303029e+00  -3.877165142689840138e+00  1.892826104164123535e+01
-7.770684401141565445e-01  -9.676621595965784195e-01  1.153970241546630859e+00  -1.637995545064107716e+00  -1.699101273213521779e+00  -3.885551516209737599e+00  1.897915291786193848e+01
-7.821520010577600601e-01  -9.526470343219202164e-01  1.138974189758300781e+00  -1.650132481251851857e+00  -1.683982674275533498e+00  -3.890979353581563771e+00  1.901874804496765137e+01
-7.868517080890100601e-01  -9.364941755877893570e-01  1.122887134552001953e+00  -1.663253132496969044e+00  -1.667750183735982716e+00  -3.896909538899556935e+00  1.907278394699096680e+01
-7.906759420977991226e-01  -9.223421255694788101e-01  1.108680725097656250e+00  -1.675665680562154591e+00  -1.653627220784322560e+00  -3.902096811925069630e+00  1.911962985992431641e+01
-7.933614889727991226e-01  -9.118331114398401382e-01  1.098116397857666016e+00  -1.684948746358053029e+00  -1.642669502888814748e+00  -3.905894819890157521e+00  1.915637302398681641e+01
-7.970779577838342789e-01  -8.971422354327600601e-01  1.083335399627685547e+00  -1.697733704243795216e+00  -1.627827469502584279e+00  -3.911226574574605763e+00  1.921196007728576660e+01
-7.958911100970667007e-01  -8.369787375079553726e-01  1.022918224334716797e+00  -1.756967369710103810e+00  -1.570578877125875294e+00  -3.937583986912862599e+00  2.000826287269592285e+01
-7.958911100970667007e-01  -8.370507399188440445e-01  1.023061752319335938e+00  -1.756906811391012013e+00  -1.570555035267965138e+00  -3.937596146260396779e+00  2.007652592658996582e+01
-8.023288885699670914e-01  -8.394706884967249039e-01  1.030368328094482422e+00  -1.754556481038228810e+00  -1.579534832631246388e+00  -3.933810059224263966e+00  2.017078590393066406e+01
-8.378999868976038101e-01  -8.588822523700159195e-01  1.079610347747802734e+00  -1.740165058766500294e+00  -1.629973236714498341e+00  -3.908806149159566701e+00  2.026704907417297363e+01
-8.527305761920374039e-01  -8.978136221515100601e-01  1.135440349578857422e+00  -1.725689236317769826e+00  -1.658075157796041310e+00  -3.881118599568502248e+00  2.034170889854431152e+01
-8.704860846148889664e-01  -9.434922377215784195e-01  1.191114425659179688e+00  -1.728495422993795216e+00  -1.669260803853170216e+00  -3.855360333119527638e+00  2.040929508209228516e+01
-8.843572775470178726e-01  -9.812391440020959976e-01  1.236236095428466797e+00  -1.733436409627095998e+00  -1.675962273274556935e+00  -3.835604015980855763e+00  2.045724797248840332e+01
-8.939126173602502945e-01  -1.020784680043355763e+00  1.284172058105468750e+00  -1.733208958302633107e+00  -1.687927548085347951e+00  -3.815607849751607716e+00  2.050166702270507812e+01
-9.036353270160120132e-01  -1.068923775349752248e+00  1.342362880706787109e+00  -1.729671303425924123e+00  -1.711701218281881154e+00  -3.792293612157003224e+00  2.056071805953979492e+01
-9.100135008441370132e-01  -1.118873898183004201e+00  1.401798725128173828e+00  -1.725413624440328419e+00  -1.741205040608541310e+00  -3.769182745610372365e+00  2.061694002151489258e+01
-9.137299696551721695e-01  -1.169796768818990529e+00  1.462445259094238281e+00  -1.721323792134420216e+00  -1.772986714039937794e+00  -3.746934954320089162e+00  2.066788792610168457e+01
-9.152162710772913101e-01  -1.213590923939840138e+00  1.514060974121093750e+00  -1.717701737080709279e+00  -1.798102680836812794e+00  -3.728579823170797169e+00  2.072110295295715332e+01
-9.144490400897424820e-01  -1.264241520558492482e+00  1.573798656463623047e+00  -1.713372055684224904e+00  -1.824633423482076466e+00  -3.707577530537740529e+00  2.077675008773803711e+01
-9.128425757037561539e-01  -1.315085713063375294e+00  1.634159088134765625e+00  -1.709078613911763966e+00  -1.847614590321676076e+00  -3.687533919011251271e+00  2.083212208747863770e+01
-9.099052588092249039e-01  -1.373591248189107716e+00  1.703457832336425781e+00  -1.704557243977681935e+00  -1.870176140462056935e+00  -3.665441099797384084e+00  2.089583992958068848e+01
-9.075792471515100601e-01  -1.416815582905904591e+00  1.754824638366699219e+00  -1.701379601155416310e+00  -1.885017697011129201e+00  -3.649818007146016896e+00  2.094038987159729004e+01
-9.050501028644006851e-01  -1.451698128377095998e+00  1.796441078186035156e+00  -1.699424568806783498e+00  -1.895890537892476857e+00  -3.637549940739766896e+00  2.098504805564880371e+01
-9.015615622149866226e-01  -1.485622707997457326e+00  1.837028026580810547e+00  -1.698093239461080373e+00  -1.905852619801656544e+00  -3.625880781804220021e+00  2.102461504936218262e+01
-8.961904684649866226e-01  -1.524641815816060841e+00  1.883784770965576172e+00  -1.697397534047262013e+00  -1.916474167500631154e+00  -3.612845245991842091e+00  2.107242298126220703e+01
-8.881219069110315445e-01  -1.567775074635640919e+00  1.935909271240234375e+00  -1.697709862385885060e+00  -1.927191559468404591e+00  -3.598732058201925099e+00  2.112793087959289551e+01
-8.798859755145471695e-01  -1.602481190358297169e+00  1.978043079376220703e+00  -1.699004475270406544e+00  -1.934791866933004201e+00  -3.587494198475972951e+00  2.117807507514953613e+01
-8.706896940814417007e-01  -1.634862248097554982e+00  2.017470359802246094e+00  -1.701391522084371388e+00  -1.940389935170308888e+00  -3.577262226735250294e+00  2.122080993652343750e+01
-8.608472982989709976e-01  -1.665049854909078419e+00  2.053999423980712891e+00  -1.704713169728414357e+00  -1.944238011037008107e+00  -3.568060938511983693e+00  2.127291607856750488e+01
-8.454173246966760757e-01  -1.701220337544576466e+00  2.098771095275878906e+00  -1.710433785115377248e+00  -1.945688549672262013e+00  -3.557229820881978810e+00  2.133546996116638184e+01
-8.338597456561487320e-01  -1.721014801655904591e+00  2.123703479766845703e+00  -1.715483013783590138e+00  -1.944106403981344044e+00  -3.551191631947652638e+00  2.137808299064636230e+01
-8.201926390277307632e-01  -1.738519016896383107e+00  2.146131515502929688e+00  -1.721839729939595998e+00  -1.939910236989156544e+00  -3.545812193547384084e+00  2.141171002388000488e+01
-8.001707235919397476e-01  -1.755963627492086232e+00  2.169518947601318359e+00  -1.731385533009664357e+00  -1.930260483418599904e+00  -3.540145222340719044e+00  2.145927596092224121e+01
-7.728002707110803726e-01  -1.771573845540181935e+00  2.191720008850097656e+00  -1.746377293263570607e+00  -1.914652172719137013e+00  -3.534610335026876271e+00  2.151833200454711914e+01
-7.515681425677698257e-01  -1.779823128377095998e+00  2.204169273376464844e+00  -1.758142296467916310e+00  -1.901405159627095998e+00  -3.531135622655050099e+00  2.156219005584716797e+01
-7.193768660174768570e-01  -1.787639919911519826e+00  2.217707633972167969e+00  -1.776155773793355763e+00  -1.880330387745992482e+00  -3.527062241231099904e+00  2.161368298530578613e+01
-6.895602385150354507e-01  -1.790889088307515919e+00  2.225411891937255859e+00  -1.792897526417867482e+00  -1.859734837208883107e+00  -3.524234596882955373e+00  2.166574406623840332e+01
-6.588566938983362320e-01  -1.791381184254781544e+00  2.230204582214355469e+00  -1.811054531727926076e+00  -1.837556664143697560e+00  -3.521922413502828419e+00  2.170677590370178223e+01
-6.333678404437463882e-01  -1.790170017872945607e+00  2.232181549072265625e+00  -1.825805489216939748e+00  -1.817620102559224904e+00  -3.520209137593404591e+00  2.174875187873840332e+01
-6.082385222064417007e-01  -1.787651840840474904e+00  2.232804775238037109e+00  -1.840628449116842091e+00  -1.797059837971822560e+00  -3.518783394490377248e+00  2.178858995437622070e+01
-5.838411490069788101e-01  -1.783959213887349904e+00  2.232097625732421875e+00  -1.855990711842672169e+00  -1.776895348225728810e+00  -3.517932717000142873e+00  2.183078694343566895e+01
-5.606902281390588882e-01  -1.779475514088765919e+00  2.230492115020751953e+00  -1.872204605733053029e+00  -1.756191078816549123e+00  -3.517034117375509084e+00  2.186842894554138184e+01
-5.390017668353479507e-01  -1.774271790181295216e+00  2.228059768676757812e+00  -1.887650791798726857e+00  -1.736242119465963185e+00  -3.516470734273092091e+00  2.190938997268676758e+01
-5.185363928424280289e-01  -1.768624607716695607e+00  2.224980831146240234e+00  -1.902700726185933888e+00  -1.717719380055562794e+00  -3.516039673482076466e+00  2.194965887069702148e+01
-4.969442526446741226e-01  -1.761550728474752248e+00  2.220547199249267578e+00  -1.919753853474752248e+00  -1.696763340626851857e+00  -3.515488449727193654e+00  2.199510908126831055e+01
-4.842241446124475601e-01  -1.756838623677388966e+00  2.217480182647705078e+00  -1.930642429982320607e+00  -1.683970753346578419e+00  -3.515333000813619435e+00  2.203227496147155762e+01
-4.699929396258752945e-01  -1.751024071370260060e+00  2.213586330413818359e+00  -1.943102184926168263e+00  -1.669704262410299123e+00  -3.515201155339376271e+00  2.207111597061157227e+01
-4.530285040484827164e-01  -1.743398968373433888e+00  2.208074569702148438e+00  -1.958355728779928029e+00  -1.652655903493062794e+00  -3.514961544667379201e+00  2.212382388114929199e+01
-4.408715407000940445e-01  -1.737104241047994435e+00  2.203665733337402344e+00  -1.969688240681783498e+00  -1.639900032673970998e+00  -3.514733854924337209e+00  2.217030501365661621e+01
-4.336422125445764664e-01  -1.733171765004293263e+00  2.200802326202392578e+00  -1.976715389882222951e+00  -1.632467095051900685e+00  -3.514698092137471974e+00  2.220776295661926270e+01
-3.745849768268030289e-01  -1.678657356892720998e+00  2.153728008270263672e+00  -2.045991245900289357e+00  -1.570615116749898732e+00  -3.516506735478536427e+00  2.302117800712585449e+01
-3.746445814715784195e-01  -1.678777043019429982e+00  2.153728008270263672e+00  -2.045835320149556935e+00  -1.570615116749898732e+00  -3.516411129628316701e+00  2.307767295837402344e+01
-3.747046629535120132e-01  -1.678753201161519826e+00  2.153751850128173828e+00  -2.045919243489400685e+00  -1.570578877125875294e+00  -3.516303364430562794e+00  2.310511088371276855e+01
-3.744767347918909195e-01  -1.678153816853658498e+00  2.153044700622558594e+00  -2.045883003865377248e+00  -1.570734802876607716e+00  -3.516099516545430959e+00  2.313917303085327148e+01
-3.737333456622522476e-01  -1.675779644642965138e+00  2.150456905364990234e+00  -2.045762840901510060e+00  -1.570578877125875294e+00  -3.515369002019063771e+00  2.317806005477905273e+01
-3.715394178973596695e-01  -1.669677559529439748e+00  2.144106864929199219e+00  -2.045583073292867482e+00  -1.570770565663472951e+00  -3.513379875813619435e+00  2.321599292755126953e+01
-3.675830999957483414e-01  -1.658456150685445607e+00  2.132425308227539062e+00  -2.044887844716207326e+00  -1.570531193410054982e+00  -3.509570185338155568e+00  2.326597905158996582e+01
-3.642981688128870132e-01  -1.649045292531148732e+00  2.122505664825439453e+00  -2.044443909321920216e+00  -1.570506874714986623e+00  -3.506287638341085255e+00  2.329521298408508301e+01
-3.607495466815393570e-01  -1.638386551533834279e+00  2.111063003540039062e+00  -2.043772522603170216e+00  -1.570506874714986623e+00  -3.502597157155172169e+00  2.332700204849243164e+01
-3.569129149066370132e-01  -1.626601998006002248e+00  2.098507404327392578e+00  -2.043041054402486623e+00  -1.570315186177388966e+00  -3.498511616383687794e+00  2.335738492012023926e+01
-3.527882734881799820e-01  -1.613941971455709279e+00  2.084861755371093750e+00  -2.042321507130758107e+00  -1.570087258015767873e+00  -3.494342152272359669e+00  2.339137005805969238e+01
-3.484848181353967789e-01  -1.600838963185445607e+00  2.070484161376953125e+00  -2.041710201893941701e+00  -1.569979492818013966e+00  -3.490136925374166310e+00  2.341917300224304199e+01
-3.442166487323206070e-01  -1.587172333394185841e+00  2.055856227874755859e+00  -2.040954414998189748e+00  -1.569943253193990529e+00  -3.485668007527486623e+00  2.345441198348999023e+01
-3.387497107135217789e-01  -1.569860760365621388e+00  2.037166595458984375e+00  -2.040174786244527638e+00  -1.569739643727437794e+00  -3.480180565510885060e+00  2.349133300781250000e+01
-3.333910147296350601e-01  -1.552741829548970998e+00  2.018500804901123047e+00  -2.039275948201314748e+00  -1.569596115742818654e+00  -3.474729363118306935e+00  2.353450703620910645e+01
-3.293145338641565445e-01  -1.539207760487691701e+00  2.003956794738769531e+00  -2.038580242787496388e+00  -1.569440189992086232e+00  -3.470452133809224904e+00  2.356792593002319336e+01
-3.242433706866663101e-01  -1.522748295460836232e+00  1.986034393310546875e+00  -2.037692848836080373e+00  -1.569392029439107716e+00  -3.465312306080953419e+00  2.360480904579162598e+01
-3.202989737140100601e-01  -1.509980980549947560e+00  1.972376346588134766e+00  -2.037104908620015919e+00  -1.569224182759420216e+00  -3.461334292088643849e+00  2.363706898689270020e+01
-3.165343443499963882e-01  -1.497634236012594044e+00  1.959114551544189453e+00  -2.036314312611715138e+00  -1.569080177937642873e+00  -3.457536760960714162e+00  2.367364192008972168e+01
-3.120988051043909195e-01  -1.483116928731099904e+00  1.943504810333251953e+00  -2.035510365162984669e+00  -1.569308106099263966e+00  -3.453067366276876271e+00  2.370638799667358398e+01
-3.088257948504846695e-01  -1.472064797078267873e+00  1.931823730468750000e+00  -2.034803215657369435e+00  -1.569260422383443654e+00  -3.449700657521383107e+00  2.374450492858886719e+01
-3.042939344989221695e-01  -1.456948582326070607e+00  1.915650844573974609e+00  -2.033783737813131154e+00  -1.569596115742818654e+00  -3.445136133824483693e+00  2.378839302062988281e+01
-3.015721479998987320e-01  -1.447694603596822560e+00  1.905875205993652344e+00  -2.033148113881246388e+00  -1.569811646138326466e+00  -3.442380491887227834e+00  2.382102298736572266e+01
-2.985146681415002945e-01  -1.437253300343648732e+00  1.894649982452392578e+00  -2.032404724751607716e+00  -1.569679562245504201e+00  -3.439253393803731740e+00  2.386088705062866211e+01
-2.963212172137659195e-01  -1.429701630269185841e+00  1.886623859405517578e+00  -2.031997028981344044e+00  -1.569883648549215138e+00  -3.436929289494649709e+00  2.389523506164550781e+01
-2.938030401812952164e-01  -1.420999352131978810e+00  1.877482891082763672e+00  -2.031433407460347951e+00  -1.570039097462789357e+00  -3.434365336094991505e+00  2.393220686912536621e+01
-2.727149168597620132e-01  -1.354053322468892873e+00  1.807797431945800781e+00  -2.024394337330953419e+00  -1.570902649556295216e+00  -3.414273087178365529e+00  2.474051499366760254e+01
-2.727873961078088882e-01  -1.354137245808736623e+00  1.807893276214599609e+00  -2.024538342152730763e+00  -1.570662800465719044e+00  -3.414321009312764943e+00  2.478631401062011719e+01
-2.728231588946741226e-01  -1.354161087666646779e+00  1.807929515838623047e+00  -2.024430100117818654e+00  -1.570830647145406544e+00  -3.414332930241720021e+00  2.481747007369995117e+01
-2.731946150409143570e-01  -1.354760471974508107e+00  1.808504104614257812e+00  -2.024466339741842091e+00  -1.570770565663472951e+00  -3.414740387593404591e+00  2.484894394874572754e+01
-2.754367033587854507e-01  -1.358368221913472951e+00  1.811534881591796875e+00  -2.024178806935445607e+00  -1.570938412343160451e+00  -3.416920725499288380e+00  2.488361001014709473e+01
-2.804358641253870132e-01  -1.365632359181539357e+00  1.818004131317138672e+00  -2.023974720631734669e+00  -1.571046177540914357e+00  -3.421844784413472951e+00  2.492506289482116699e+01
-2.877014319049280289e-01  -1.376396004353658498e+00  1.827551841735839844e+00  -2.023471180592672169e+00  -1.570998493825094044e+00  -3.429261271153585255e+00  2.496780490875244141e+01
-2.948825995074670914e-01  -1.387256447468892873e+00  1.837327480316162109e+00  -2.022715393696920216e+00  -1.570962254201070607e+00  -3.436581675206319630e+00  2.499934697151184082e+01
-3.031547705279749039e-01  -1.399926487599508107e+00  1.848552227020263672e+00  -2.021900002156392873e+00  -1.570806805287496388e+00  -3.444860521947042287e+00  2.503370308876037598e+01
-3.150237242328088882e-01  -1.417750660573140919e+00  1.864580631256103516e+00  -2.020892922078267873e+00  -1.570794884358541310e+00  -3.456470314656392873e+00  2.507166004180908203e+01
-3.276236693011682632e-01  -1.437540833150045216e+00  1.882359027862548828e+00  -2.019633595143453419e+00  -1.570722881947652638e+00  -3.469134155903951466e+00  2.510796904563903809e+01
-3.383544127093713882e-01  -1.454455200825826466e+00  1.897585391998291016e+00  -2.018578354512349904e+00  -1.570830647145406544e+00  -3.479629341756002248e+00  2.514134407043457031e+01
-3.496716658221643570e-01  -1.472052876149312794e+00  1.913542747497558594e+00  -2.017367664967672169e+00  -1.570806805287496388e+00  -3.490472380314962209e+00  2.517370986938476562e+01
-3.608816305743616226e-01  -1.490249458943502248e+00  1.929990768432617188e+00  -2.016276184712545216e+00  -1.570758644734517873e+00  -3.501470629368917287e+00  2.520922708511352539e+01
-3.725221792804163101e-01  -1.508698765431539357e+00  1.946835041046142578e+00  -2.014944855366842091e+00  -1.570818726216451466e+00  -3.512816969548360646e+00  2.524056386947631836e+01
-3.842600027667444351e-01  -1.527495686207906544e+00  1.963942527770996094e+00  -2.013793770466939748e+00  -1.571130577717916310e+00  -3.524186674748555959e+00  2.527355909347534180e+01
-3.986704985248010757e-01  -1.551039520894185841e+00  1.985375404357910156e+00  -2.012198750172750294e+00  -1.571274582539693654e+00  -3.538396183644429982e+00  2.531148099899291992e+01
-4.102762381183069351e-01  -1.570041004811422169e+00  2.002866744995117188e+00  -2.011035744343892873e+00  -1.571502033864156544e+00  -3.549490753804342091e+00  2.534471392631530762e+01
-4.243629614459436539e-01  -1.594209496174947560e+00  2.024766445159912109e+00  -2.009525124226705373e+00  -1.571525875722066701e+00  -3.563520018254415334e+00  2.537999391555786133e+01
-4.383657614337366226e-01  -1.618066136037008107e+00  2.046690940856933594e+00  -2.007858101521627248e+00  -1.571657959614888966e+00  -3.577154461537496388e+00  2.542086100578308105e+01
-4.491923491107385757e-01  -1.636972252522603810e+00  2.063990592956542969e+00  -2.006550614033834279e+00  -1.571669880543844044e+00  -3.587805811558858693e+00  2.545572209358215332e+01
-4.620083014117639664e-01  -1.659582916890279591e+00  2.084981441497802734e+00  -2.005207840596334279e+00  -1.571837727223531544e+00  -3.600564781819478810e+00  2.549201893806457520e+01
-4.720671812640588882e-01  -1.677290741597310841e+00  2.101286888122558594e+00  -2.003972832356588185e+00  -1.571789566670553029e+00  -3.610233847294942677e+00  2.552883291244506836e+01
-4.810951391803186539e-01  -1.694230858479635060e+00  2.116826534271240234e+00  -2.002953354512349904e+00  -1.571873490010396779e+00  -3.619530502949849904e+00  2.555724287033081055e+01
-4.920647780047815445e-01  -1.714252773915426076e+00  2.135301113128662109e+00  -2.001478497182027638e+00  -1.571466271077291310e+00  -3.630600992833272755e+00  2.559831094741821289e+01
-5.004089514361780289e-01  -1.729155365620748341e+00  2.149234771728515625e+00  -2.000495258961812794e+00  -1.571262661610738576e+00  -3.638592306767598927e+00  2.563386988639831543e+01
-5.098808447467249039e-01  -1.746695820485250294e+00  2.165625095367431641e+00  -1.999284092579976857e+00  -1.570926491414205373e+00  -3.648033205662862599e+00  2.567370700836181641e+01
-5.185244719134729507e-01  -1.763253037129537404e+00  2.181248664855957031e+00  -1.998012367879049123e+00  -1.570878807698385060e+00  -3.656910959874288380e+00  2.571386504173278809e+01
-5.267489592181604507e-01  -1.778576199208394826e+00  2.195698261260986328e+00  -1.996861759816304982e+00  -1.570506874714986623e+00  -3.665021959935323537e+00  2.575150704383850098e+01
-5.343621412860315445e-01  -1.792807404194967091e+00  2.209165573120117188e+00  -1.995961968098775685e+00  -1.570207420979635060e+00  -3.672581736241475880e+00  2.578844809532165527e+01
-5.397689978228967789e-01  -1.803214852009908498e+00  2.219301223754882812e+00  -1.995051209126607716e+00  -1.569943253193990529e+00  -3.678176943455831349e+00  2.582078695297241211e+01
-5.458477179156702164e-01  -1.815012756978170216e+00  2.230599880218505859e+00  -1.994211498891012013e+00  -1.569775883351461232e+00  -3.684394899998800099e+00  2.585926508903503418e+01
-5.502474943744104507e-01  -1.823669258748189748e+00  2.238842964172363281e+00  -1.993683640156881154e+00  -1.569416348134176076e+00  -3.688863341008321584e+00  2.589614987373352051e+01
-5.542281309710901382e-01  -1.831487003956929982e+00  2.246499538421630859e+00  -1.993108574544088185e+00  -1.569236580525533498e+00  -3.692937437688009084e+00  2.592861294746398926e+01
-5.579922834979456070e-01  -1.838728729878560841e+00  2.253460884094238281e+00  -1.992592636738912404e+00  -1.569115940724508107e+00  -3.696591440831319630e+00  2.595995688438415527e+01
-5.957339445697229507e-01  -1.909722630177633107e+00  2.323494911193847656e+00  -1.984485928212301076e+00  -1.570734802876607716e+00  -3.737314287816182912e+00  2.677985405921936035e+01
-5.956504980670374039e-01  -1.909662548695699513e+00  2.323375463485717773e+00  -1.984498325978414357e+00  -1.570746723805562794e+00  -3.737242285405294240e+00  2.685806107521057129e+01
-5.982998053180139664e-01  -1.908379856740133107e+00  2.320739269256591797e+00  -1.981560055409566701e+00  -1.573192898427144826e+00  -3.737350050603048146e+00  2.693874096870422363e+01
-6.192806402789514664e-01  -1.897564713154928029e+00  2.296978712081909180e+00  -1.955525700245992482e+00  -1.593502346669332326e+00  -3.740129295979635060e+00  2.702797698974609375e+01
-6.216543356524866226e-01  -1.882492844258443654e+00  2.263297557830810547e+00  -1.912054840718404591e+00  -1.615694348012105763e+00  -3.747545305882589162e+00  2.710883998870849609e+01
-5.784457365619104507e-01  -1.866953674946920216e+00  2.221997261047363281e+00  -1.848747078572408498e+00  -1.612625424061910451e+00  -3.753919426594869435e+00  2.720514488220214844e+01
-5.853751341449182632e-01  -1.849579636250631154e+00  2.163756370544433594e+00  -1.780065361653463185e+00  -1.635104481373922169e+00  -3.756782595311300099e+00  2.730290007591247559e+01
-6.227334181415002945e-01  -1.832482163106099904e+00  2.121474742889404297e+00  -1.745885674153463185e+00  -1.656888310109273732e+00  -3.758879486714498341e+00  2.735819101333618164e+01
-6.653783957110803726e-01  -1.812111202870504201e+00  2.078703403472900391e+00  -1.712880436574117482e+00  -1.678803745900289357e+00  -3.761515204106466115e+00  2.741143703460693359e+01
-6.996791998492639664e-01  -1.792687718068258107e+00  2.042354106903076172e+00  -1.684073273335592091e+00  -1.699173275624410451e+00  -3.764330450688497365e+00  2.746172308921813965e+01
-7.290886084185999039e-01  -1.774331871663228810e+00  2.010558128356933594e+00  -1.659943405781881154e+00  -1.717947308217183888e+00  -3.767457787190572560e+00  2.750190401077270508e+01
-7.667101065265100601e-01  -1.748817745839254201e+00  1.969393730163574219e+00  -1.631591145192281544e+00  -1.742919747029439748e+00  -3.772249762211934865e+00  2.754700994491577148e+01
-7.996676603900354507e-01  -1.724983040486470998e+00  1.932662487030029297e+00  -1.608863655720845998e+00  -1.765254322682515919e+00  -3.776826445256368459e+00  2.759126687049865723e+01
-8.333562056170862320e-01  -1.698618714009420216e+00  1.893763542175292969e+00  -1.587934796010152638e+00  -1.787684742604390919e+00  -3.781930271779195607e+00  2.763085508346557617e+01
-8.739150206195276382e-01  -1.663263622914449513e+00  1.844203472137451172e+00  -1.565710369740621388e+00  -1.813136402760640919e+00  -3.788435761128560841e+00  2.767571997642517090e+01
-9.071000258075159195e-01  -1.631349388753072560e+00  1.800526142120361328e+00  -1.548991505299703419e+00  -1.832724873219625294e+00  -3.794270340596334279e+00  2.771707391738891602e+01
-9.445055166827600601e-01  -1.589581791554586232e+00  1.745744228363037109e+00  -1.532200638447896779e+00  -1.852577988301412404e+00  -3.801914040242330373e+00  2.776376795768737793e+01
-9.731105009662073257e-01  -1.551734749470845998e+00  1.697719573974609375e+00  -1.520458523427144826e+00  -1.865585152302877248e+00  -3.808599297200338185e+00  2.780710792541503906e+01
-1.002794567738668263e+00  -1.503495995198385060e+00  1.638292312622070312e+00  -1.509148899708883107e+00  -1.876925770436422169e+00  -3.817177836094991505e+00  2.785105299949645996e+01
-1.023438755665914357e+00  -1.461719814931051076e+00  1.587993144989013672e+00  -1.501952950154439748e+00  -1.882823769246236623e+00  -3.824545923863546193e+00  2.789656090736389160e+01
-1.040630642567769826e+00  -1.418985191975728810e+00  1.537658691406250000e+00  -1.496555630360738576e+00  -1.885449234639303029e+00  -3.831985775624410451e+00  2.793010187149047852e+01
-1.053878132496969044e+00  -1.376120392476217091e+00  1.487743854522705078e+00  -1.492921654378072560e+00  -1.884970013295308888e+00  -3.839749399815694630e+00  2.797638106346130371e+01
-1.065734688435689748e+00  -1.324806515370504201e+00  1.429157257080078125e+00  -1.490894619618551076e+00  -1.881481472645894826e+00  -3.849046055470601857e+00  2.802140188217163086e+01
-1.072100941334859669e+00  -1.282603565846578419e+00  1.381855010986328125e+00  -1.490869824086324513e+00  -1.875894848500387013e+00  -3.856606308613912404e+00  2.806358194351196289e+01
-1.075960938130513966e+00  -1.233462635670797169e+00  1.327425956726074219e+00  -1.492381874714986623e+00  -1.866447750722066701e+00  -3.865867439900533498e+00  2.810739588737487793e+01
-1.075685326253072560e+00  -1.170875374470845998e+00  1.259449481964111328e+00  -1.496902767811910451e+00  -1.850491825734273732e+00  -3.878015820180074513e+00  2.817372608184814453e+01
-1.072784248982564748e+00  -1.134921375905172169e+00  1.220808506011962891e+00  -1.501029316579000294e+00  -1.838971439992086232e+00  -3.885227982197896779e+00  2.821248197555541992e+01
-1.067880455647603810e+00  -1.099039856587545216e+00  1.182682037353515625e+00  -1.505778614674703419e+00  -1.825891796742574513e+00  -3.892308775578634084e+00  2.825071191787719727e+01
-1.061346832905904591e+00  -1.065292660390035451e+00  1.147382259368896484e+00  -1.511211697255269826e+00  -1.812393013631002248e+00  -3.899401489888326466e+00  2.829632091522216797e+01
-1.051827732716695607e+00  -1.026812378560201466e+00  1.107554912567138672e+00  -1.518599812184469044e+00  -1.795081917439595998e+00  -3.907572571431295216e+00  2.834283900260925293e+01
-1.042608563099996388e+00  -9.963501135455530289e-01  1.076424121856689453e+00  -1.525327984486715138e+00  -1.780611817036763966e+00  -3.914173666630880177e+00  2.838344502449035645e+01
-1.034612480794088185e+00  -9.733775297748010757e-01  1.052827358245849609e+00  -1.530941311513082326e+00  -1.768311802540914357e+00  -3.919289414082662404e+00  2.841309785842895508e+01
-1.023906532918111623e+00  -9.460805098163049820e-01  1.025134086608886719e+00  -1.538089100514547169e+00  -1.753229920064107716e+00  -3.925495449696676076e+00  2.845019698143005371e+01
-1.015310589467183888e+00  -9.254697004901331070e-01  1.004471778869628906e+00  -1.544061962758199513e+00  -1.741216961537496388e+00  -3.930287901555196584e+00  2.848287200927734375e+01
-1.008704964314595998e+00  -9.109585920916956070e-01  9.898943901062011719e-01  -1.548631970082418263e+00  -1.732489411030904591e+00  -3.933702294026510060e+00  2.851406502723693848e+01
-9.996655623065393570e-01  -8.928049246417444351e-01  9.716038703918457031e-01  -1.554580513631002248e+00  -1.721292320881978810e+00  -3.938218895589010060e+00  2.854417490959167480e+01
-9.884918371783655289e-01  -8.716195265399377945e-01  9.505219459533691406e-01  -1.561716858540670216e+00  -1.707444969807760060e+00  -3.943562332783834279e+00  2.858042097091674805e+01
-9.797399679767053726e-01  -8.560422102557581070e-01  9.351067543029785156e-01  -1.567509476338521779e+00  -1.696691338215963185e+00  -3.947408501301900685e+00  2.861070799827575684e+01
-9.689744154559534195e-01  -8.383086363421838882e-01  9.175949096679687500e-01  -1.574226204548970998e+00  -1.683851067219869435e+00  -3.952044788991109669e+00  2.865643501281738281e+01
-9.585316816913049820e-01  -8.224681059466760757e-01  9.019985198974609375e-01  -1.580702606831685841e+00  -1.672102276478902638e+00  -3.956334177647725880e+00  2.869644188880920410e+01
-9.488208929644983414e-01  -8.081019560443323257e-01  8.879723548889160156e-01  -1.586735550557271779e+00  -1.661251846943990529e+00  -3.960287396107808888e+00  2.873535299301147461e+01
-9.395297209369104507e-01  -7.954729239093225601e-01  8.754792213439941406e-01  -1.592504326497213185e+00  -1.651217285786763966e+00  -3.963785711918966115e+00  2.877088093757629395e+01
-9.323609511004846695e-01  -7.863667646991174820e-01  8.666629791259765625e-01  -1.596713844929830373e+00  -1.643592659627095998e+00  -3.966349903737203419e+00  2.880783605575561523e+01
-9.240644613849084976e-01  -7.763140837298792007e-01  8.565173149108886719e-01  -1.601774994526998341e+00  -1.634960476552144826e+00  -3.969273392354146779e+00  2.884204101562500000e+01
