  q1     q2   q3   q4  q5   q6   t1
-1.039871040974752248e+00  -1.135136906300679982e+00  1.545159816741943359e+00  -2.096853081380025685e+00  -1.569883171712056935e+00  -3.570129696522847951e+00  0.000000000000000000e+00
-1.039882961903707326e+00  -1.135113064442769826e+00  1.545159816741943359e+00  -2.096889321004049123e+00  -1.569883171712056935e+00  -3.570105854664937794e+00  7.902193069458007812e-02
-1.042519871388570607e+00  -1.136431996022359669e+00  1.543735980987548828e+00  -2.098661247883931935e+00  -1.574935261403219044e+00  -3.569255177174703419e+00  1.693830490112304688e-01
-1.056256596242086232e+00  -1.145375553761617482e+00  1.535957813262939453e+00  -2.109702412282125294e+00  -1.602722946797506154e+00  -3.562980715428487599e+00  2.330138683319091797e-01
-1.069142166768209279e+00  -1.163934532796041310e+00  1.536089420318603516e+00  -2.119904820119039357e+00  -1.626488987599508107e+00  -3.545797650014058888e+00  2.973999977111816406e-01
-1.072965447102681935e+00  -1.184686485921041310e+00  1.547469139099121094e+00  -2.126933876668111623e+00  -1.633038345967428029e+00  -3.527345720921651662e+00  3.494720458984375000e-01
-1.070148770009176076e+00  -1.207213226948873341e+00  1.564772129058837891e+00  -2.129532639180318654e+00  -1.642473045979635060e+00  -3.512114588414327443e+00  4.095110893249511719e-01
-1.055082146321431935e+00  -1.241164509450094044e+00  1.592940330505371094e+00  -2.120192352925435841e+00  -1.676740948353902638e+00  -3.494847361241475880e+00  4.888150691986083984e-01
-1.033913437520162404e+00  -1.274072472249166310e+00  1.622639656066894531e+00  -2.102984253560201466e+00  -1.721369091664449513e+00  -3.480023447667257130e+00  5.555369853973388672e-01
-1.013116184865133107e+00  -1.300805870686666310e+00  1.649024963378906250e+00  -2.088842217122213185e+00  -1.757281605397359669e+00  -3.469438378010885060e+00  6.180958747863769531e-01
-9.942963759051721695e-01  -1.327587429677144826e+00  1.676582813262939453e+00  -2.073358360921041310e+00  -1.790885273610250294e+00  -3.459116522465841115e+00  6.685419082641601562e-01
-9.796240965472620132e-01  -1.350268665944234669e+00  1.700156688690185547e+00  -2.056653801594869435e+00  -1.817939583455220998e+00  -3.450183693562642873e+00  7.154860496520996094e-01
-9.625662008868616226e-01  -1.372325245534078419e+00  1.723861694335937500e+00  -2.038212124501363576e+00  -1.842863384877340138e+00  -3.441658083592550099e+00  7.699968814849853516e-01
-9.429543654071252945e-01  -1.393040005360738576e+00  1.746921062469482422e+00  -2.018525425587789357e+00  -1.865248505269185841e+00  -3.433706823979512990e+00  8.161509037017822266e-01
-9.167125860797327164e-01  -1.415888611470357716e+00  1.773546695709228516e+00  -1.994874779378072560e+00  -1.887754742299215138e+00  -3.424738709126607716e+00  8.751230239868164062e-01
-8.923161665545862320e-01  -1.433833424245015919e+00  1.794858932495117188e+00  -1.975008312855855763e+00  -1.903769318257467091e+00  -3.417506043110982716e+00  9.165868759155273438e-01
-8.664334456073206070e-01  -1.450075928364888966e+00  1.814927101135253906e+00  -1.955464665089742482e+00  -1.916610066090719044e+00  -3.410967890416280568e+00  9.651849269866943359e-01
-8.404663244830530289e-01  -1.464640919362203419e+00  1.833439826965332031e+00  -1.936544243489400685e+00  -1.926324192677633107e+00  -3.404945198689595998e+00  1.012017011642456055e+00
-8.191135565387170914e-01  -1.475405041371480763e+00  1.847213745117187500e+00  -1.921970192586080373e+00  -1.932038609181539357e+00  -3.400322977696554005e+00  1.057060003280639648e+00
-7.932055632220667007e-01  -1.486445252095357716e+00  1.862411975860595703e+00  -1.905456368123189748e+00  -1.935895744954244435e+00  -3.395185772572652638e+00  1.103947877883911133e+00
-7.665408293353479507e-01  -1.495303932820455373e+00  1.875288009643554688e+00  -1.891013924275533498e+00  -1.936266724263326466e+00  -3.390516106282369435e+00  1.150172948837280273e+00
-7.481845060931604507e-01  -1.499858681355611623e+00  1.882671833038330078e+00  -1.882499043141500294e+00  -1.934613529835836232e+00  -3.387678209935323537e+00  1.184025049209594727e+00
-7.244809309588831070e-01  -1.503886524830953419e+00  1.890055179595947266e+00  -1.873122517262594044e+00  -1.930205647145406544e+00  -3.384588543568746388e+00  1.225925922393798828e+00
-6.928508917437952164e-01  -1.505912129079000294e+00  1.896242618560791016e+00  -1.864583794270650685e+00  -1.920886341725484669e+00  -3.381415669118062794e+00  1.272119045257568359e+00
-6.584022680865686539e-01  -1.505096737538472951e+00  1.899689197540283203e+00  -1.858991448079244435e+00  -1.908188645039693654e+00  -3.378769461308614552e+00  1.315610885620117188e+00
-6.347087065326135757e-01  -1.502891365681783498e+00  1.900215625762939453e+00  -1.856692139302388966e+00  -1.898259464894429982e+00  -3.377296511326925099e+00  1.354346036911010742e+00
-5.987961927997034195e-01  -1.497617069874898732e+00  1.898588180541992188e+00  -1.855626408253804982e+00  -1.881909672413961232e+00  -3.375392500554220021e+00  1.396485090255737305e+00
-5.688417593585413101e-01  -1.491215531026021779e+00  1.895321369171142578e+00  -1.856596295033590138e+00  -1.866770092641012013e+00  -3.374231163655416310e+00  1.440834999084472656e+00
-5.339110533343713882e-01  -1.482034031544820607e+00  1.889613151550292969e+00  -1.859626118336812794e+00  -1.847151104603902638e+00  -3.373081747685567677e+00  1.484446048736572266e+00
-5.115464369403284195e-01  -1.475177590047017873e+00  1.884897708892822266e+00  -1.862632099782125294e+00  -1.833401505147115529e+00  -3.372518841420308888e+00  1.521796941757202148e+00
-4.797557036029260757e-01  -1.464436833058492482e+00  1.876628398895263672e+00  -1.868403736745015919e+00  -1.811663929616109669e+00  -3.371860090886251271e+00  1.568804979324340820e+00
-4.546564261065881851e-01  -1.454571072255269826e+00  1.868909358978271484e+00  -1.874284092579976857e+00  -1.792669598256246388e+00  -3.371548954640523732e+00  1.606255054473876953e+00
-4.309113661395471695e-01  -1.443615261708394826e+00  1.860293388366699219e+00  -1.880978409443990529e+00  -1.773185078297750294e+00  -3.371081892644063771e+00  1.646817922592163086e+00
-4.087131659137170914e-01  -1.432347599660054982e+00  1.850708007812500000e+00  -1.888306919728414357e+00  -1.753281895314351857e+00  -3.370806280766622365e+00  1.686042070388793945e+00
-3.881095091449182632e-01  -1.420515362416402638e+00  1.840919017791748047e+00  -1.895947758351461232e+00  -1.733870331441060841e+00  -3.370530907307760060e+00  1.725528955459594727e+00
-3.728788534747522476e-01  -1.410949532185689748e+00  1.833033084869384766e+00  -1.902594391499654591e+00  -1.719081703816549123e+00  -3.370446983967916310e+00  1.762212991714477539e+00
-3.557890097247522476e-01  -1.399513069783345998e+00  1.823052883148193359e+00  -1.910880867634908498e+00  -1.701598946248189748e+00  -3.370435063038961232e+00  1.799741983413696289e+00
-3.372953573810022476e-01  -1.386471096669332326e+00  1.811636447906494141e+00  -1.920221630726949513e+00  -1.682715717946187794e+00  -3.370662752782003224e+00  1.846200942993164062e+00
-3.268621603595178726e-01  -1.378559414540426076e+00  1.804516315460205078e+00  -1.926125828419820607e+00  -1.671316925679342091e+00  -3.370662752782003224e+00  1.881919860839843750e+00
-3.149169127093713882e-01  -1.369149033223287404e+00  1.796127319335937500e+00  -1.933442417775289357e+00  -1.658648792897359669e+00  -3.370925966893331349e+00  1.915360927581787109e+00
-3.066890875445764664e-01  -1.361932579671041310e+00  1.789881229400634766e+00  -1.938903156911031544e+00  -1.649489704762594044e+00  -3.371225420628682912e+00  1.949508905410766602e+00
-2.974780241595667007e-01  -1.353660885487691701e+00  1.782497406005859375e+00  -1.945381466542379201e+00  -1.639096562062398732e+00  -3.371560875569478810e+00  1.989537954330444336e+00
-2.336967627154749039e-01  -1.285436932240621388e+00  1.718716621398925781e+00  -2.004347149525777638e+00  -1.570589367543355763e+00  -3.375571791325704396e+00  2.810937881469726562e+00
-2.337687651263635757e-01  -1.285425488148824513e+00  1.718740463256835938e+00  -2.004167381917135060e+00  -1.570553604756490529e+00  -3.375571791325704396e+00  2.863455057144165039e+00
-2.338526884662073257e-01  -1.285497013722554982e+00  1.718752384185791016e+00  -2.004167381917135060e+00  -1.570577446614400685e+00  -3.375607792531148732e+00  2.889874935150146484e+00
-2.337568441974084976e-01  -1.285617176686422169e+00  1.719051361083984375e+00  -2.004215065632955373e+00  -1.570637528096334279e+00  -3.375356499348775685e+00  2.917383909225463867e+00
-2.331808249102991226e-01  -1.286527935658590138e+00  1.720104217529296875e+00  -2.004263226185933888e+00  -1.570709530507222951e+00  -3.374674145375387013e+00  2.943095922470092773e+00
-2.311180273639124039e-01  -1.289177242909566701e+00  1.723083496093750000e+00  -2.004634205495015919e+00  -1.570649449025289357e+00  -3.372614685689107716e+00  2.978528022766113281e+00
-2.262843290912073257e-01  -1.294835869465963185e+00  1.729557991027832031e+00  -2.005736653004781544e+00  -1.570709530507222951e+00  -3.367932144795553029e+00  3.015297889709472656e+00
-2.212231794940393570e-01  -1.301405254994527638e+00  1.736629962921142578e+00  -2.006909672413961232e+00  -1.570685211812154591e+00  -3.362532202397481740e+00  3.046746969223022461e+00
-2.148307005511682632e-01  -1.309197727833883107e+00  1.745401382446289062e+00  -2.008322540913717091e+00  -1.570721451436178029e+00  -3.356041971837179005e+00  3.082418918609619141e+00
-2.078979651080530289e-01  -1.318224255238668263e+00  1.756063461303710938e+00  -2.009771649037496388e+00  -1.570433918629781544e+00  -3.348845545445577443e+00  3.111499071121215820e+00
-2.000420729266565445e-01  -1.328234974537984669e+00  1.768017768859863281e+00  -2.011172596608297169e+00  -1.570158306752340138e+00  -3.340990130101339162e+00  3.139885902404785156e+00
-1.916344801532190445e-01  -1.339095417653219044e+00  1.780881881713867188e+00  -2.012908760701314748e+00  -1.570062939320699513e+00  -3.332500521336690724e+00  3.172669887542724609e+00
-1.830347220050256851e-01  -1.350399796162740529e+00  1.794643878936767578e+00  -2.014549557362691701e+00  -1.570014778767720998e+00  -3.323531929646627248e+00  3.206456899642944336e+00
-1.741712729083459976e-01  -1.362292114888326466e+00  1.808884143829345703e+00  -2.016406361256734669e+00  -1.569787327443258107e+00  -3.314467255269185841e+00  3.234834909439086914e+00
-1.650555769549768570e-01  -1.374183479939595998e+00  1.823675155639648438e+00  -2.018178288136617482e+00  -1.569524113331929982e+00  -3.305522267018453419e+00  3.269095897674560547e+00
-1.558440367328088882e-01  -1.386099163685933888e+00  1.837986946105957031e+00  -2.020190064107076466e+00  -1.569285217915670216e+00  -3.296433512364522755e+00  3.300579071044921875e+00
-1.492951552020471695e-01  -1.395233933125631154e+00  1.848853111267089844e+00  -2.021650616322652638e+00  -1.569285217915670216e+00  -3.289548699055806935e+00  3.328291893005371094e+00
-1.406114737140100601e-01  -1.407185379658834279e+00  1.863512516021728516e+00  -2.023483101521627248e+00  -1.569093529378072560e+00  -3.280735079442159474e+00  3.360190868377685547e+00
-1.297567526446741226e-01  -1.421737972890035451e+00  1.881331443786621094e+00  -2.025890175496236623e+00  -1.569117371235982716e+00  -3.269994084035054982e+00  3.395124912261962891e+00
-1.234477202044885757e-01  -1.430213276539937794e+00  1.891658782958984375e+00  -2.027219597493306935e+00  -1.569176975880758107e+00  -3.263719622288839162e+00  3.422307968139648438e+00
-1.154235045062463882e-01  -1.441230122243062794e+00  1.904847145080566406e+00  -2.029087845479146779e+00  -1.569069210683004201e+00  -3.255744520817891896e+00  3.458355903625488281e+00
-1.060317198382776382e-01  -1.454367462788717091e+00  1.920380592346191406e+00  -2.031194988881246388e+00  -1.569069210683004201e+00  -3.246392790471212209e+00  3.496800899505615234e+00
-9.871560731996709137e-02  -1.464197460805074513e+00  1.932001113891601562e+00  -2.032871548329488576e+00  -1.568913761769429982e+00  -3.239459101353780568e+00  3.525707006454467773e+00
-9.049922624696904450e-02  -1.475416962300435841e+00  1.945333003997802734e+00  -2.034751717244283498e+00  -1.568745915089742482e+00  -3.231352631245748341e+00  3.568168878555297852e+00
-8.182746568788701325e-02  -1.487560097371236623e+00  1.959633827209472656e+00  -2.036799256001607716e+00  -1.568339172993795216e+00  -3.222862784062520802e+00  3.616561889648437500e+00
-7.643014589418584137e-02  -1.494848076497213185e+00  1.968059062957763672e+00  -2.038056675587789357e+00  -1.568183724080220998e+00  -3.217797342930929005e+00  3.645324945449829102e+00
-7.158404985536748200e-02  -1.501596752797262013e+00  1.975862503051757812e+00  -2.039194409047262013e+00  -1.568135563527242482e+00  -3.213127199803487599e+00  3.677160024642944336e+00
-6.580239931215459137e-02  -1.509004894887105763e+00  1.984766483306884766e+00  -2.040427986775533498e+00  -1.567871872578756154e+00  -3.207798782979146779e+00  3.716827869415283203e+00
-2.046329179872685700e-02  -1.569502178822652638e+00  2.051548480987548828e+00  -2.052917782460347951e+00  -1.570864979420797169e+00  -3.162054840718404591e+00  4.523720026016235352e+00
-2.054721513857060700e-02  -1.569454018269674123e+00  2.051512718200683594e+00  -2.052977387105123341e+00  -1.570853058491842091e+00  -3.162138764058248341e+00  4.565708875656127930e+00
-2.054721513857060700e-02  -1.569381539021627248e+00  2.051440715789794922e+00  -2.052821938191549123e+00  -1.570792977009908498e+00  -3.162030998860494435e+00  4.594652891159057617e+00
-2.070314088930302887e-02  -1.569070164357320607e+00  2.051069736480712891e+00  -2.052881542836324513e+00  -1.570769135151998341e+00  -3.162282530461446584e+00  4.625746011734008789e+00
-2.207023302187138825e-02  -1.566720787678853810e+00  2.047885894775390625e+00  -2.052151028309957326e+00  -1.570769135151998341e+00  -3.163252655659810841e+00  4.663699865341186523e+00
-2.500850359071904450e-02  -1.561266724263326466e+00  2.040346145629882812e+00  -2.050678555165426076e+00  -1.570673290883199513e+00  -3.166078631077901662e+00  4.703629016876220703e+00
-2.947074571718388825e-02  -1.552480522786275685e+00  2.028916358947753906e+00  -2.048031632100240529e+00  -1.570553604756490529e+00  -3.170544926320211232e+00  4.741800069808959961e+00
-3.563625017275029450e-02  -1.540613953267232716e+00  2.013130187988281250e+00  -2.044726673756734669e+00  -1.570361916218892873e+00  -3.176352802907125294e+00  4.780440092086791992e+00
-4.147750536073857575e-02  -1.529549900685445607e+00  1.998242378234863281e+00  -2.041589562092916310e+00  -1.570074860249654591e+00  -3.181561772023336232e+00  4.816066980361938477e+00
-4.765493074526006012e-02  -1.517107788716451466e+00  1.981367588043212891e+00  -2.037984673176900685e+00  -1.569679562245504201e+00  -3.187357250844137013e+00  4.850135087966918945e+00
-5.450421968568974762e-02  -1.503358666096822560e+00  1.962375164031982422e+00  -2.034236256276265919e+00  -1.569368664418355763e+00  -3.193872276936666310e+00  4.877731084823608398e+00
-6.176072755922490387e-02  -1.488554779683248341e+00  1.941814422607421875e+00  -2.030309025441304982e+00  -1.569033447896138966e+00  -3.200781647359029591e+00  4.909867048263549805e+00
-6.949693361391240387e-02  -1.472911659871236623e+00  1.920033931732177734e+00  -2.025962177907125294e+00  -1.568758312855855763e+00  -3.207930151616231740e+00  4.944823980331420898e+00
-7.735330263246709137e-02  -1.456681553517476857e+00  1.897248268127441406e+00  -2.021650616322652638e+00  -1.568758312855855763e+00  -3.215246979390279591e+00  4.978772878646850586e+00
-8.730918565859013825e-02  -1.435523811970845998e+00  1.867425918579101562e+00  -2.016070667897359669e+00  -1.568530861531392873e+00  -3.224730793629781544e+00  5.014220952987670898e+00
-9.752828279604131012e-02  -1.414078060780660451e+00  1.837197303771972656e+00  -2.010215107594625294e+00  -1.568231407796041310e+00  -3.234357897435323537e+00  5.052036046981811523e+00
-1.057322661029260757e-01  -1.396707836781637013e+00  1.812773227691650391e+00  -2.005328957234517873e+00  -1.568027798329488576e+00  -3.242057863865987599e+00  5.084503889083862305e+00
-1.136005560504358414e-01  -1.379278008137838185e+00  1.788384914398193359e+00  -2.000287357960836232e+00  -1.567967716847554982e+00  -3.249613825474874318e+00  5.114594936370849609e+00
-1.195014158831995132e-01  -1.366296116505758107e+00  1.769848823547363281e+00  -1.996766869221822560e+00  -1.567883793507711232e+00  -3.255325142537252248e+00  5.144602060317993164e+00
-1.275137106524866226e-01  -1.348458115254537404e+00  1.745173931121826172e+00  -1.991893116627828419e+00  -1.567848030720845998e+00  -3.262857500706807912e+00  5.173516988754272461e+00
-1.352742354022424820e-01  -1.330835644398824513e+00  1.720870494842529297e+00  -1.987067047749654591e+00  -1.567704502736226857e+00  -3.270413700734273732e+00  5.204143047332763672e+00
-1.408870855914514664e-01  -1.318176571522847951e+00  1.702717781066894531e+00  -1.983462158833638966e+00  -1.567896191273824513e+00  -3.275897566472188771e+00  5.233721017837524414e+00
-1.500390211688440445e-01  -1.296298329030172169e+00  1.673376083374023438e+00  -1.977402989064351857e+00  -1.568039719258443654e+00  -3.284842554722921193e+00  5.269397020339965820e+00
-1.569836775409143570e-01  -1.279466931019918263e+00  1.650784492492675781e+00  -1.972385231648580373e+00  -1.568147484456197560e+00  -3.291835371647970021e+00  5.306896924972534180e+00
-1.653669516192834976e-01  -1.259482685719625294e+00  1.624159336090087891e+00  -1.966673676167623341e+00  -1.568411175404683888e+00  -3.299978319798604787e+00  5.338876008987426758e+00
-1.715925375567834976e-01  -1.244257275258199513e+00  1.604259967803955078e+00  -1.962194744740621388e+00  -1.568374935780660451e+00  -3.306120936070577443e+00  5.373419046401977539e+00
-1.787889639483850601e-01  -1.225843254719869435e+00  1.580243587493896484e+00  -1.956937615071431935e+00  -1.568698231373922169e+00  -3.313353363667623341e+00  5.411499977111816406e+00
-1.843178907977502945e-01  -1.211924854909078419e+00  1.562139511108398438e+00  -1.952890221272603810e+00  -1.568698231373922169e+00  -3.319100920354024709e+00  5.444936037063598633e+00
-1.895836035357874039e-01  -1.198641125355855763e+00  1.545267581939697266e+00  -1.948710743580953419e+00  -1.568889919911519826e+00  -3.324537817631856740e+00  5.477957963943481445e+00
-1.956642309771936539e-01  -1.182888332997457326e+00  1.525559425354003906e+00  -1.943800751362935841e+00  -1.569033447896138966e+00  -3.330883804951803029e+00  5.516217947006225586e+00
-2.002700010882776382e-01  -1.171078983937398732e+00  1.511164188385009766e+00  -1.939992729817525685e+00  -1.569129292164937794e+00  -3.335470263157979787e+00  5.550591945648193359e+00
-2.042878309832971695e-01  -1.160193745289937794e+00  1.497618675231933594e+00  -1.936651531849996388e+00  -1.568997208272115529e+00  -3.339709107075826466e+00  5.584038019180297852e+00
-2.097690741168420914e-01  -1.145339790974752248e+00  1.479681491851806641e+00  -1.932005230580465138e+00  -1.568817917500631154e+00  -3.345552508031026662e+00  5.630918025970458984e+00
-2.132232824908655289e-01  -1.136419598256246388e+00  1.468972206115722656e+00  -1.929215256367818654e+00  -1.568901840840474904e+00  -3.349132839833394826e+00  5.666065931320190430e+00
-2.169297377215784195e-01  -1.126241509114400685e+00  1.457029819488525391e+00  -1.925957981740133107e+00  -1.568758312855855763e+00  -3.353036705647603810e+00  5.701416969299316406e+00
-2.194960753070276382e-01  -1.119024101887838185e+00  1.448450088500976562e+00  -1.923658672963277638e+00  -1.568710152302877248e+00  -3.355958525334493459e+00  5.735372066497802734e+00
-2.226746718036096695e-01  -1.110535923634664357e+00  1.438601970672607422e+00  -1.920844380055562794e+00  -1.568686310444967091e+00  -3.359167400990621388e+00  5.773721933364868164e+00
-2.464578787433069351e-01  -1.044847790394918263e+00  1.367714881896972656e+00  -1.893672291432515919e+00  -1.570853058491842091e+00  -3.388097111378804982e+00  6.593098878860473633e+00
-2.464459578143518570e-01  -1.044979397450582326e+00  1.367846012115478516e+00  -1.893672291432515919e+00  -1.570936504994527638e+00  -3.388001267110006154e+00  6.668596982955932617e+00
-2.435796896563928726e-01  -1.049020115529195607e+00  1.372165679931640625e+00  -1.891564671193258107e+00  -1.563741985951558888e+00  -3.391007248555318654e+00  6.757531881332397461e+00
-2.332528273211877945e-01  -1.070648495350972951e+00  1.396193981170654297e+00  -1.878223721181051076e+00  -1.529850784932271779e+00  -3.408093992863790334e+00  6.834317922592163086e+00
-2.401250044452112320e-01  -1.098355118428365529e+00  1.426468372344970703e+00  -1.861110989247457326e+00  -1.511965576802388966e+00  -3.427839581166402638e+00  6.890542984008789062e+00
-2.590277830706995132e-01  -1.131216828023092091e+00  1.462570190429687500e+00  -1.841831032429830373e+00  -1.513521496449605763e+00  -3.449225727711812794e+00  6.941297054290771484e+00
-2.963388601886194351e-01  -1.178129021321431935e+00  1.514204025268554688e+00  -1.817447964345113576e+00  -1.534183804188863576e+00  -3.478574339543477834e+00  7.018620014190673828e+00
-3.583915869342249039e-01  -1.235614124928609669e+00  1.576977252960205078e+00  -1.786419216786519826e+00  -1.570134464894429982e+00  -3.514221731816427052e+00  7.099143028259277344e+00
-4.179714361773889664e-01  -1.283243481312887013e+00  1.629340648651123047e+00  -1.759245697651998341e+00  -1.603130165730611623e+00  -3.543762270604268849e+00  7.156111955642700195e+00
-4.868190924273889664e-01  -1.329900566731588185e+00  1.680795669555664062e+00  -1.736024204884664357e+00  -1.639012638722554982e+00  -3.573398415242330373e+00  7.222568035125732422e+00
-5.583975950824182632e-01  -1.373476330433980763e+00  1.728516578674316406e+00  -1.717449013386861623e+00  -1.678022209797994435e+00  -3.604447666798726857e+00  7.286006927490234375e+00
-6.244810263263147476e-01  -1.408563915883199513e+00  1.767946243286132812e+00  -1.702455345784322560e+00  -1.716291252766744435e+00  -3.632754866276876271e+00  7.343364953994750977e+00
-6.827672163592737320e-01  -1.436278645192281544e+00  1.799777030944824219e+00  -1.690694157277242482e+00  -1.750563923512594044e+00  -3.657481972371236623e+00  7.391653060913085938e+00
-7.502229849444788101e-01  -1.465839211140767873e+00  1.834456920623779297e+00  -1.679197136555806935e+00  -1.789017502461568654e+00  -3.686483923588887990e+00  7.444519996643066406e+00
-8.071606794940393570e-01  -1.488926235829488576e+00  1.861980915069580078e+00  -1.671843353901998341e+00  -1.819161240254537404e+00  -3.711893860493795216e+00  7.491293907165527344e+00
-8.625014464007776382e-01  -1.510167423878804982e+00  1.887948989868164062e+00  -1.666203323994771779e+00  -1.844791714345113576e+00  -3.737758700047628224e+00  7.544475078582763672e+00
-9.314935843097131851e-01  -1.535315815602437794e+00  1.919303417205810547e+00  -1.661472145711080373e+00  -1.873572651539937794e+00  -3.772652689610616505e+00  7.603641033172607422e+00
-9.869363943683069351e-01  -1.554506127034322560e+00  1.944171905517578125e+00  -1.660130802785054982e+00  -1.892522160206929982e+00  -3.802888933812276662e+00  7.661771059036254883e+00
-1.029945675526754201e+00  -1.568842236195699513e+00  1.963391780853271484e+00  -1.660286728535787404e+00  -1.905506436024801076e+00  -3.828107420598165334e+00  7.714372873306274414e+00
-1.092239681874410451e+00  -1.588883701954976857e+00  1.991037368774414062e+00  -1.663616005574361623e+00  -1.920586887990133107e+00  -3.868235413228170216e+00  7.794990062713623047e+00
-1.128664795552388966e+00  -1.599120442067281544e+00  2.006727218627929688e+00  -1.668681923543111623e+00  -1.926156822835103810e+00  -3.894736353551046193e+00  7.842686891555786133e+00
-1.168324772511617482e+00  -1.608013931904928029e+00  2.022285938262939453e+00  -1.680958096181051076e+00  -1.925378147755758107e+00  -3.930242602025167287e+00  7.931737899780273438e+00
-1.190785233174459279e+00  -1.605988327656881154e+00  2.025792598724365234e+00  -1.698730770741597951e+00  -1.913651291524068654e+00  -3.959450308476583302e+00  7.999727964401245117e+00
-1.200960461293355763e+00  -1.590178314839498341e+00  2.014267444610595703e+00  -1.710491005574361623e+00  -1.893623654042379201e+00  -3.982454840336934865e+00  8.068136930465698242e+00
-1.203141514454976857e+00  -1.561578575764791310e+00  1.990116119384765625e+00  -1.718047920857564748e+00  -1.864888970051900685e+00  -4.004669491444722951e+00  8.133347988128662109e+00
-1.201080147420064748e+00  -1.545288387929097951e+00  1.975922584533691406e+00  -1.723629299794332326e+00  -1.847821537648336232e+00  -4.016046349202291310e+00  8.175504922866821289e+00
-1.196681801472799123e+00  -1.527823750172750294e+00  1.960567474365234375e+00  -1.733736817036763966e+00  -1.827340904866353810e+00  -4.028943840657369435e+00  8.226530075073242188e+00
-1.191659752522603810e+00  -1.514997784291402638e+00  1.949174404144287109e+00  -1.744623009358541310e+00  -1.810035053883687794e+00  -4.039195362721578419e+00  8.262482881546020508e+00
-1.185296360646383107e+00  -1.503178898488179982e+00  1.938594818115234375e+00  -1.757257763539449513e+00  -1.792753521596090138e+00  -4.049123112355367482e+00  8.301264047622680664e+00
-1.178248707448140919e+00  -1.492066685353414357e+00  1.928530216217041016e+00  -1.770418945943013966e+00  -1.775627915059224904e+00  -4.058416191731588185e+00  8.340942859649658203e+00
-1.170446221028463185e+00  -1.481482807789937794e+00  1.919112205505371094e+00  -1.784502808247701466e+00  -1.758946243916646779e+00  -4.067230526600972951e+00  8.384788990020751953e+00
-1.164021793995992482e+00  -1.473666969929830373e+00  1.912111282348632812e+00  -1.795700375233785451e+00  -1.746084992085592091e+00  -4.074008766804830373e+00  8.418210029602050781e+00
-1.152516190205709279e+00  -1.461020294819967091e+00  1.900478839874267578e+00  -1.816107098256246388e+00  -1.724841419850484669e+00  -4.084942881261007130e+00  8.469543933868408203e+00
-1.144174400960103810e+00  -1.452425781880513966e+00  1.892712116241455078e+00  -1.831291977559224904e+00  -1.710364166890279591e+00  -4.092164341603414357e+00  8.514740943908691406e+00
-1.135424439107076466e+00  -1.444394413624898732e+00  1.885436058044433594e+00  -1.846979920064107716e+00  -1.696426216756002248e+00  -4.099158350621358693e+00  8.548660039901733398e+00
-1.126926724110738576e+00  -1.436770264302388966e+00  1.878507137298583984e+00  -1.862476174031392873e+00  -1.683122936879293263e+00  -4.105840984974996388e+00  8.590317010879516602e+00
-1.118560616170064748e+00  -1.429733578358785451e+00  1.872105121612548828e+00  -1.877948586140767873e+00  -1.670682255421773732e+00  -4.112020794545308888e+00  8.630486011505126953e+00
-1.112256352101461232e+00  -1.424327198659078419e+00  1.867377758026123047e+00  -1.889696423207418263e+00  -1.661546532307760060e+00  -4.116559569035665334e+00  8.664985895156860352e+00
-1.104369942341939748e+00  -1.418154064808980763e+00  1.861944675445556641e+00  -1.903719727193013966e+00  -1.650854412709371388e+00  -4.121661726628438771e+00  8.704216003417968750e+00
-1.095571819935933888e+00  -1.411524597798482716e+00  1.856069087982177734e+00  -1.919275585805074513e+00  -1.639479462300435841e+00  -4.127314154301778615e+00  8.749749898910522461e+00
-1.089063469563619435e+00  -1.406693760548726857e+00  1.851629257202148438e+00  -1.930843655263082326e+00  -1.630978886281148732e+00  -4.131530110036031544e+00  8.794216871261596680e+00
-1.083058659230367482e+00  -1.402426544819967091e+00  1.847764015197753906e+00  -1.941621128712789357e+00  -1.623519245778219044e+00  -4.135218445454732716e+00  8.830726861953735352e+00
-1.077472511922017873e+00  -1.398877922688619435e+00  1.844281673431396484e+00  -1.951201264058248341e+00  -1.616730515156881154e+00  -4.138428513203756154e+00  8.868555068969726562e+00
-1.071179691945211232e+00  -1.395245854054586232e+00  1.840571880340576172e+00  -1.961535755787984669e+00  -1.609559361134664357e+00  -4.141901318226949513e+00  8.916476011276245117e+00
-1.025930229817525685e+00  -1.364329640065328419e+00  1.820695400238037109e+00  -2.027314964924947560e+00  -1.570685211812154591e+00  -4.167710367833272755e+00  9.723456859588623047e+00
-1.025930229817525685e+00  -1.364341560994283498e+00  1.820719242095947266e+00  -2.027338806782857716e+00  -1.570733372365133107e+00  -4.167722288762227834e+00  9.807714939117431641e+00
-1.025402847920553029e+00  -1.363682095204488576e+00  1.819271087646484375e+00  -2.028045479451314748e+00  -1.574001614247457326e+00  -4.165135685597554982e+00  9.887028932571411133e+00
-1.020284477864400685e+00  -1.357329193745748341e+00  1.807495594024658203e+00  -2.036811176930562794e+00  -1.598078076039449513e+00  -4.144859854375020802e+00  9.950021982192993164e+00
-1.005060497914449513e+00  -1.340917889271871388e+00  1.778644084930419922e+00  -2.063659016286031544e+00  -1.653308693562642873e+00  -4.085529629384176076e+00  1.004485702514648438e+01
-9.964898268329065445e-01  -1.334564034138814748e+00  1.764990329742431641e+00  -2.080220047627584279e+00  -1.678022209797994435e+00  -4.050344292317525685e+00  1.009760594367980957e+01
-9.767473379718225601e-01  -1.334959808980123341e+00  1.754783153533935547e+00  -2.100433651600972951e+00  -1.710471932088033498e+00  -3.989963833485738576e+00  1.017594289779663086e+01
-9.356773535357874039e-01  -1.336841885243551076e+00  1.746932983398437500e+00  -2.114731613789693654e+00  -1.739702049885885060e+00  -3.913213793431417287e+00  1.027368688583374023e+01
-9.004085699664514664e-01  -1.311762634907857716e+00  1.714037418365478516e+00  -2.142645184193746388e+00  -1.781029526387349904e+00  -3.834286753331319630e+00  1.037131094932556152e+01
-8.843444029437463882e-01  -1.288458172474996388e+00  1.687125205993652344e+00  -2.156978909169332326e+00  -1.770023647938863576e+00  -3.773024145756856740e+00  1.044374704360961914e+01
-8.682797590838831070e-01  -1.289644543324605763e+00  1.685557842254638672e+00  -2.147015873585836232e+00  -1.766299072896138966e+00  -3.715594355260030568e+00  1.052453494071960449e+01
-8.521192709552209976e-01  -1.298264328633443654e+00  1.693455696105957031e+00  -2.133879486714498341e+00  -1.780358139668599904e+00  -3.676868740712301076e+00  1.058335804939270020e+01
-8.322895208941858414e-01  -1.309856716786519826e+00  1.704452514648437500e+00  -2.117162529622213185e+00  -1.804274861012594044e+00  -3.633713070546285451e+00  1.064609503746032715e+01
-8.156965414630334976e-01  -1.319615189229146779e+00  1.714205265045166016e+00  -2.103008095418111623e+00  -1.823293034230367482e+00  -3.602807346974508107e+00  1.069538187980651855e+01
-7.969215551959436539e-01  -1.331243817006246388e+00  1.726159572601318359e+00  -2.085920159016744435e+00  -1.841425720845357716e+00  -3.572859589253560841e+00  1.073952698707580566e+01
-7.726553122149866226e-01  -1.346923176442281544e+00  1.742373943328857422e+00  -2.063431564961568654e+00  -1.861176792775289357e+00  -3.538888756428853810e+00  1.079499888420104980e+01
-7.511585394488733414e-01  -1.361752335225240529e+00  1.758373260498046875e+00  -2.042391602193013966e+00  -1.876890961323873341e+00  -3.510689560567037404e+00  1.084607291221618652e+01
-7.292168776141565445e-01  -1.376917187367574513e+00  1.774958610534667969e+00  -2.020357433949605763e+00  -1.891144100819722951e+00  -3.483819309865133107e+00  1.089772605895996094e+01
-7.065437475787561539e-01  -1.392021481190816701e+00  1.791436672210693359e+00  -1.998323742543355763e+00  -1.904703442250387013e+00  -3.457439724599019826e+00  1.093909096717834473e+01
-6.873477141009729507e-01  -1.404368225728170216e+00  1.804958820343017578e+00  -1.980480972920553029e+00  -1.914933029805318654e+00  -3.436544958745137990e+00  1.098573899269104004e+01
-6.607645193683069351e-01  -1.420623127614156544e+00  1.823267936706542969e+00  -1.955811802540914357e+00  -1.927283112202779591e+00  -3.408848587666646779e+00  1.103569602966308594e+01
-6.384738127337854507e-01  -1.433581654225484669e+00  1.837711811065673828e+00  -1.935585800801412404e+00  -1.935643974934713185e+00  -3.386864010487691701e+00  1.108380699157714844e+01
-6.195767561541956070e-01  -1.443495098744527638e+00  1.849032402038574219e+00  -1.920090023671285451e+00  -1.940699402485982716e+00  -3.369668785725728810e+00  1.112520599365234375e+01
-6.012662092791956070e-01  -1.452581707631246388e+00  1.859659194946289062e+00  -1.905108753834859669e+00  -1.944017712269918263e+00  -3.353371683751241505e+00  1.116949200630187988e+01
-5.753172079669397476e-01  -1.463525597249166310e+00  1.872523784637451172e+00  -1.886570755635396779e+00  -1.945646588002340138e+00  -3.332488600407735646e+00  1.122491908073425293e+01
-5.455067793475549820e-01  -1.473367516194478810e+00  1.884778022766113281e+00  -1.868020836506978810e+00  -1.943382565175191701e+00  -3.310755077992574513e+00  1.128705000877380371e+01
-5.187056700335901382e-01  -1.479504887257711232e+00  1.892640590667724609e+00  -1.855111424122945607e+00  -1.937704388295308888e+00  -3.293978754674093068e+00  1.134194207191467285e+01
-4.934504667865198257e-01  -1.482501331959859669e+00  1.897080421447753906e+00  -1.846189324055806935e+00  -1.929379288350240529e+00  -3.281321827565328419e+00  1.139073204994201660e+01
-4.595249334918420914e-01  -1.482214275990621388e+00  1.898564338684082031e+00  -1.840225521718160451e+00  -1.915016953145162404e+00  -3.268257919942037404e+00  1.144928097724914551e+01
-4.329741636859338882e-01  -1.479457203541890919e+00  1.896948337554931641e+00  -1.838824574147359669e+00  -1.901960674916402638e+00  -3.259863678609029591e+00  1.149039387702941895e+01
-3.945739904986780289e-01  -1.472875897084371388e+00  1.891778945922851562e+00  -1.839950386677877248e+00  -1.881119076405660451e+00  -3.249565903340474904e+00  1.154058599472045898e+01
-3.667386213885706070e-01  -1.466306988392965138e+00  1.886154651641845703e+00  -1.842824284230367482e+00  -1.864625755940572560e+00  -3.243111673985616505e+00  1.158176708221435547e+01
-3.340814749347131851e-01  -1.457112614308492482e+00  1.877825260162353516e+00  -1.848093811665670216e+00  -1.843246761952535451e+00  -3.236034695302144826e+00  1.163001608848571777e+01
-3.078163305865686539e-01  -1.448350254689351857e+00  1.870225906372070312e+00  -1.853721920643941701e+00  -1.824299160634176076e+00  -3.230861488972799123e+00  1.167397689819335938e+01
-2.775810400592249039e-01  -1.437369648610250294e+00  1.860101699829101562e+00  -1.861326519642965138e+00  -1.800406281148092091e+00  -3.225533072148458302e+00  1.172115802764892578e+01
-2.535937468158167007e-01  -1.427420441304342091e+00  1.850719928741455078e+00  -1.868691746388570607e+00  -1.780334297810689748e+00  -3.221557203923360646e+00  1.175706005096435547e+01
-2.355316321002405289e-01  -1.418813530598775685e+00  1.842833995819091797e+00  -1.875253979359762013e+00  -1.764047924672262013e+00  -3.218623701726095021e+00  1.179090690612792969e+01
-2.141106764422815445e-01  -1.407821003590719044e+00  1.832709789276123047e+00  -1.883840386067525685e+00  -1.744085137044088185e+00  -3.215294901524679005e+00  1.182710886001586914e+01
-1.984947363482874039e-01  -1.398986164723531544e+00  1.824273109436035156e+00  -1.890666309987203419e+00  -1.728721443806783498e+00  -3.212887827550069630e+00  1.186051988601684570e+01
-1.836579481707971695e-01  -1.390199009572164357e+00  1.815824508666992188e+00  -1.897660080586568654e+00  -1.714124027882711232e+00  -3.210588757191793263e+00  1.189194488525390625e+01
-1.702726523028772476e-01  -1.381795708333150685e+00  1.807806968688964844e+00  -1.904665772114888966e+00  -1.700365845357076466e+00  -3.208672825490133107e+00  1.192764687538146973e+01
-1.546328703509729507e-01  -1.371810261403219044e+00  1.798305511474609375e+00  -1.913024250661031544e+00  -1.684619728718892873e+00  -3.206421677266256154e+00  1.196869087219238281e+01
-1.413071791278284195e-01  -1.362232033406392873e+00  1.789306163787841797e+00  -1.920844380055562794e+00  -1.670311276112691701e+00  -3.204481665288106740e+00  1.200525307655334473e+01
-1.316879431353967789e-01  -1.355195347462789357e+00  1.782449245452880859e+00  -1.926760498677388966e+00  -1.660324875508443654e+00  -3.203140560780660451e+00  1.204089593887329102e+01
-1.209767500506799820e-01  -1.346875492726461232e+00  1.774587631225585938e+00  -1.933861557637349904e+00  -1.648818794881002248e+00  -3.201703612004415334e+00  1.207693600654602051e+01
-1.133969465838831070e-01  -1.340845886860982716e+00  1.768712043762207031e+00  -1.939178291951314748e+00  -1.640605274830953419e+00  -3.200649801884786427e+00  1.210980200767517090e+01
-1.067755858050745132e-01  -1.335259262715474904e+00  1.763350963592529297e+00  -1.944159809743062794e+00  -1.633086029683248341e+00  -3.199751679097310841e+00  1.214242601394653320e+01
-5.026990572084599762e-02  -1.274623696004049123e+00  1.704201221466064453e+00  -2.000502888356344044e+00  -1.570505444203512013e+00  -3.191908423100606740e+00  1.295419597625732422e+01
-5.030566850771123200e-02  -1.274659458790914357e+00  1.704308986663818359e+00  -2.000539127980367482e+00  -1.570673290883199513e+00  -3.191908423100606740e+00  1.301288890838623047e+01
-5.030566850771123200e-02  -1.274707619343892873e+00  1.704285144805908203e+00  -2.000455204640523732e+00  -1.570733372365133107e+00  -3.192027870808736623e+00  1.304193186759948730e+01
-5.016166368593388825e-02  -1.275079552327291310e+00  1.704859256744384766e+00  -2.000467125569478810e+00  -1.570757214223043263e+00  -3.191620651875631154e+00  1.307304406166076660e+01
-4.859000841249638825e-02  -1.277345005665914357e+00  1.707491874694824219e+00  -2.000970188771383107e+00  -1.570805374776021779e+00  -3.189920488988057912e+00  1.311288595199584961e+01
-4.468042055238896637e-02  -1.281672779713765919e+00  1.712792873382568359e+00  -2.002012077962056935e+00  -1.570984665547506154e+00  -3.185872379933492482e+00  1.315202498435974121e+01
-3.895885149110966950e-02  -1.288314644490377248e+00  1.720582962036132812e+00  -2.003736321126119435e+00  -1.571032349263326466e+00  -3.179945055638448537e+00  1.319227600097656250e+01
-3.199035326112920075e-02  -1.296526257191793263e+00  1.730706691741943359e+00  -2.005688492451803029e+00  -1.571092430745260060e+00  -3.172448937092916310e+00  1.322800087928771973e+01
-2.725202242006474762e-02  -1.302208248768941701e+00  1.737407684326171875e+00  -2.006957832966939748e+00  -1.571224037800924123e+00  -3.167443577443258107e+00  1.325291204452514648e+01
-2.059489885439091950e-02  -1.310372177754537404e+00  1.747232437133789062e+00  -2.008801762257711232e+00  -1.571212116871969044e+00  -3.160510365162984669e+00  1.328693509101867676e+01
-1.176673570741826325e-02  -1.321617428456441701e+00  1.761197090148925781e+00  -2.011196915303365529e+00  -1.571248356495992482e+00  -3.151409451161519826e+00  1.332348108291625977e+01
-4.113976155416310121e-03  -1.331003491078512013e+00  1.772733211517333984e+00  -2.013124767933980763e+00  -1.571080509816304982e+00  -3.143793169652120412e+00  1.335579705238342285e+01
1.654946594499051571e-03  -1.338280026112691701e+00  1.781635761260986328e+00  -2.014621559773580373e+00  -1.571032349263326466e+00  -3.137853924428121388e+00  1.338562107086181641e+01
9.427839890122413635e-03  -1.348193947468892873e+00  1.793710231781005859e+00  -2.016586128865377248e+00  -1.570841137562887013e+00  -3.129950586949483693e+00  1.341203403472900391e+01
1.709212735295295715e-02  -1.358132664357320607e+00  1.805904388427734375e+00  -2.018681351338521779e+00  -1.570697132741109669e+00  -3.122226778660909474e+00  1.344452786445617676e+01
2.481708303093910217e-02  -1.368033711110250294e+00  1.818242073059082031e+00  -2.020681206380025685e+00  -1.570433918629781544e+00  -3.114562813435689748e+00  1.347954607009887695e+01
3.430484607815742493e-02  -1.380165402089254201e+00  1.833343982696533203e+00  -2.023147408162252248e+00  -1.570051018391744435e+00  -3.104934994374410451e+00  1.351999902725219727e+01
4.320500418543815613e-02  -1.392117325459615529e+00  1.847764015197753906e+00  -2.025554482136861623e+00  -1.569631878529683888e+00  -3.095941607152120412e+00  1.355759406089782715e+01
5.004237964749336243e-02  -1.401455227528707326e+00  1.859456062316894531e+00  -2.027362648640767873e+00  -1.569547955189840138e+00  -3.089151922856466115e+00  1.358870196342468262e+01
5.685541033744812012e-02  -1.410445515309469044e+00  1.870357990264892578e+00  -2.029195133839742482e+00  -1.569248978291646779e+00  -3.082601372395650685e+00  1.362180995941162109e+01
7.183681428432464600e-02  -1.431112114583150685e+00  1.895740032196044922e+00  -2.033290688191549123e+00  -1.569452110921041310e+00  -3.067692581807271779e+00  1.370398306846618652e+01
7.698291540145874023e-02  -1.438460652028219044e+00  1.904799461364746094e+00  -2.034763638173238576e+00  -1.569440666829244435e+00  -3.062555376683370412e+00  1.373572707176208496e+01
8.305255323648452759e-02  -1.446899716054097951e+00  1.915126800537109375e+00  -2.036427799855367482e+00  -1.569524113331929982e+00  -3.056831185017720998e+00  1.377328991889953613e+01
8.737099170684814453e-02  -1.453229252492086232e+00  1.922402858734130859e+00  -2.037685219441549123e+00  -1.569608036671773732e+00  -3.052580181752340138e+00  1.380472087860107422e+01
9.130518883466720581e-02  -1.458742920552388966e+00  1.929284095764160156e+00  -2.038703266774312794e+00  -1.569679562245504201e+00  -3.048712317143575490e+00  1.383584904670715332e+01
9.490382671356201172e-02  -1.463957134877340138e+00  1.935447692871093750e+00  -2.039768997822896779e+00  -1.569332901631490529e+00  -3.045239035283223927e+00  1.386976599693298340e+01
1.338394582271575928e-01  -1.520991627370015919e+00  2.001557350158691406e+00  -2.051492516194478810e+00  -1.570960823689595998e+00  -3.007601086293355763e+00  1.469377088546752930e+01
1.338394582271575928e-01  -1.520907704030172169e+00  2.001557350158691406e+00  -2.051373306904928029e+00  -1.570853058491842091e+00  -3.007601086293355763e+00  1.473576903343200684e+01
1.337675452232360840e-01  -1.520919624959127248e+00  2.001497268676757812e+00  -2.051384750996724904e+00  -1.570769135151998341e+00  -3.007780377064840138e+00  1.476000595092773438e+01
1.337315887212753296e-01  -1.520716015492574513e+00  2.001162052154541016e+00  -2.051241223012105763e+00  -1.570853058491842091e+00  -3.007696453724996388e+00  1.479038286209106445e+01
1.332638412714004517e-01  -1.519217793141500294e+00  1.998960018157958984e+00  -2.050929848347799123e+00  -1.571020428334371388e+00  -3.008091990147725880e+00  1.481897902488708496e+01
1.322919875383377075e-01  -1.514362637196676076e+00  1.992605209350585938e+00  -2.049540821705953419e+00  -1.571032349263326466e+00  -3.008894507084981740e+00  1.485978889465332031e+01
1.309849619865417480e-01  -1.508585278187887013e+00  1.984539031982421875e+00  -2.047529045735494435e+00  -1.571176354085103810e+00  -3.010187689458028615e+00  1.489800190925598145e+01
1.287176907062530518e-01  -1.498432461415426076e+00  1.970333099365234375e+00  -2.044043842946187794e+00  -1.571415726338521779e+00  -3.012271467839376271e+00  1.494009590148925781e+01
1.259107589721679688e-01  -1.485641781483785451e+00  1.952680587768554688e+00  -2.039637390767232716e+00  -1.571523491536275685e+00  -3.014869753514425099e+00  1.497593688964843750e+01
1.233798488974571228e-01  -1.473978344594137013e+00  1.936153888702392578e+00  -2.035757366810933888e+00  -1.572002712880269826e+00  -3.017301146184102834e+00  1.500949406623840332e+01
1.207770183682441711e-01  -1.461188618336812794e+00  1.917867183685302734e+00  -2.031554047261373341e+00  -1.572229687367574513e+00  -3.019815985356466115e+00  1.504323792457580566e+01
1.179817020893096924e-01  -1.447163407002584279e+00  1.898049831390380859e+00  -2.027183834706441701e+00  -1.572564903889791310e+00  -3.022402588521138966e+00  1.507385706901550293e+01
1.148871481418609619e-01  -1.432658497487203419e+00  1.876628398895263672e+00  -2.022609059010640919e+00  -1.572948280964986623e+00  -3.025180880223409474e+00  1.510318398475646973e+01
1.117686331272125244e-01  -1.417398754750387013e+00  1.854393482208251953e+00  -2.017938439046041310e+00  -1.573379341756002248e+00  -3.028055254613057912e+00  1.513670492172241211e+01
1.086737066507339478e-01  -1.401659313832418263e+00  1.831548690795898438e+00  -2.013076607381002248e+00  -1.573702160512105763e+00  -3.031036678944722951e+00  1.516724395751953125e+01
1.055791527032852173e-01  -1.385524098073140919e+00  1.807867050170898438e+00  -2.007963482533590138e+00  -1.574085537587301076e+00  -3.033982578908101857e+00  1.519909906387329102e+01
1.022209450602531433e-01  -1.369436566029683888e+00  1.784173011779785156e+00  -2.002562824879781544e+00  -1.574492756520406544e+00  -3.037048641835347951e+00  1.522981786727905273e+01
9.892191737890243530e-02  -1.353013340626851857e+00  1.760215759277343750e+00  -1.997377220784322560e+00  -1.574803654347554982e+00  -3.040017906819478810e+00  1.526283502578735352e+01
9.579140692949295044e-02  -1.336518112813131154e+00  1.736426830291748047e+00  -1.992228333150045216e+00  -1.574983421956197560e+00  -3.042987887059346974e+00  1.529117798805236816e+01
9.282831102609634399e-02  -1.319855038319722951e+00  1.712254524230957031e+00  -1.987043205891744435e+00  -1.575150791798726857e+00  -3.046017710362569630e+00  1.532514500617980957e+01
8.969780802726745605e-02  -1.303035561238424123e+00  1.688465595245361328e+00  -1.981869999562398732e+00  -1.575330559407369435e+00  -3.048975531254903615e+00  1.535739898681640625e+01
8.589506149291992188e-02  -1.282307926808492482e+00  1.658909320831298828e+00  -1.975067917500631154e+00  -1.575222794209615529e+00  -3.052544180546895802e+00  1.539647507667541504e+01
8.245296776294708252e-02  -1.262263600026265919e+00  1.630741119384765625e+00  -1.968649212514058888e+00  -1.574935261403219044e+00  -3.055969063435689748e+00  1.543836903572082520e+01
7.983815670013427734e-02  -1.246894661580220998e+00  1.609309673309326172e+00  -1.963620011006490529e+00  -1.574755970631734669e+00  -3.058591667805806935e+00  1.547397494316101074e+01
7.667132467031478882e-02  -1.228324715291158498e+00  1.583774089813232422e+00  -1.957728211079732716e+00  -1.574492756520406544e+00  -3.061729256306783498e+00  1.550859093666076660e+01
7.420033216476440430e-02  -1.214142624531881154e+00  1.564472675323486328e+00  -1.953237358723775685e+00  -1.574420754109517873e+00  -3.064088408146993459e+00  1.554345107078552246e+01
7.199335843324661255e-02  -1.200727287922994435e+00  1.546296596527099609e+00  -1.948722664509908498e+00  -1.574312988911763966e+00  -3.066423479710714162e+00  1.557553887367248535e+01
6.991784274578094482e-02  -1.187551800404683888e+00  1.528910160064697266e+00  -1.944171730672017873e+00  -1.574252907429830373e+00  -3.068614546452657521e+00  1.560940289497375488e+01
6.745920330286026001e-02  -1.172038380299703419e+00  1.508722782135009766e+00  -1.938866917287008107e+00  -1.574264828358785451e+00  -3.071273628865377248e+00  1.564314389228820801e+01
6.550390273332595825e-02  -1.160313908253804982e+00  1.493430614471435547e+00  -1.934951130543844044e+00  -1.574372593556539357e+00  -3.073201243077413380e+00  1.568150997161865234e+01
6.365645676851272583e-02  -1.149200264607564748e+00  1.479250907897949219e+00  -1.931143108998433888e+00  -1.574229065571920216e+00  -3.074997727070943654e+00  1.570994901657104492e+01
6.172550097107887268e-02  -1.136575524006978810e+00  1.463228702545166016e+00  -1.926844422017232716e+00  -1.574037377034322560e+00  -3.077153031026021779e+00  1.574875903129577637e+01
6.001025810837745667e-02  -1.124970738087789357e+00  1.448916912078857422e+00  -1.922916237507955373e+00  -1.573941532765523732e+00  -3.079068962727681935e+00  1.579038190841674805e+01
5.876277759671211243e-02  -1.116470638905660451e+00  1.438434123992919922e+00  -1.919934097920553029e+00  -1.573786083851949513e+00  -3.080421988164083302e+00  1.582444000244140625e+01
5.733515694737434387e-02  -1.106699291859762013e+00  1.426959037780761719e+00  -1.916485611592428029e+00  -1.573415104542867482e+00  -3.082014862691060841e+00  1.586174106597900391e+01
5.626743659377098083e-02  -1.099458042775289357e+00  1.418582916259765625e+00  -1.913838688527242482e+00  -1.573247734700338185e+00  -3.083128277455465138e+00  1.589883804321289062e+01
5.529596284031867981e-02  -1.093044582997457326e+00  1.410613536834716797e+00  -1.911599461232320607e+00  -1.572912041340963185e+00  -3.084098641072408498e+00  1.592929196357727051e+01
4.480078071355819702e-02  -1.024945561085836232e+00  1.336219310760498047e+00  -1.881984535847799123e+00  -1.570757214223043263e+00  -3.096600357686178029e+00  1.674592208862304688e+01
4.487268254160881042e-02  -1.025029484425679982e+00  1.336338996887207031e+00  -1.882115666066304982e+00  -1.570817295704976857e+00  -3.096600357686178029e+00  1.683787703514099121e+01
4.544830322265625000e-02  -1.026444260274068654e+00  1.338121891021728516e+00  -1.881888214741842091e+00  -1.568710152302877248e+00  -3.097606245671407521e+00  1.691299295425415039e+01
5.066630989313125610e-02  -1.043649021779195607e+00  1.357005119323730469e+00  -1.877182308827535451e+00  -1.545365158711568654e+00  -3.112526957188741505e+00  1.698011302947998047e+01
5.141007900238037109e-02  -1.066044632588521779e+00  1.381463527679443359e+00  -1.868320290242330373e+00  -1.531406704579488576e+00  -3.130525175725118459e+00  1.703328704833984375e+01
4.544830322265625000e-02  -1.099026028309957326e+00  1.417696952819824219e+00  -1.852177445088521779e+00  -1.529898468648092091e+00  -3.156211439763204396e+00  1.708430409431457520e+01
3.473665192723274231e-02  -1.131372753773824513e+00  1.453165054321289062e+00  -1.834321800862447560e+00  -1.539607350026265919e+00  -3.180843178425924123e+00  1.713550496101379395e+01
1.909573934972286224e-02  -1.166632000599996388e+00  1.492186069488525391e+00  -1.815496269856588185e+00  -1.555936638508931935e+00  -3.206948582326070607e+00  1.718629097938537598e+01
-3.742043172017872621e-03  -1.211301151906148732e+00  1.541162967681884766e+00  -1.794981781636373341e+00  -1.579999272023336232e+00  -3.239243809376851857e+00  1.723635792732238770e+01
-2.773172060121709137e-02  -1.251810375844137013e+00  1.585892200469970703e+00  -1.779557053242818654e+00  -1.603585068379537404e+00  -3.267539564763204396e+00  1.728925108909606934e+01
-6.550294557680302887e-02  -1.307591263447896779e+00  1.647625446319580078e+00  -1.762826744710103810e+00  -1.636474434529439748e+00  -3.306623999272481740e+00  1.734682297706604004e+01
-1.054080168353479507e-01  -1.358180348073140919e+00  1.703399658203125000e+00  -1.749724690114156544e+00  -1.664911095296041310e+00  -3.341098133717672169e+00  1.740786695480346680e+01
-1.510704199420374039e-01  -1.409426991139547169e+00  1.759761333465576172e+00  -1.738491360341207326e+00  -1.692116085683004201e+00  -3.375559870396749318e+00  1.746192407608032227e+01
-2.013734022723596695e-01  -1.460864369069234669e+00  1.815872192382812500e+00  -1.725892368947164357e+00  -1.719488445912496388e+00  -3.409746710454122365e+00  1.752012896537780762e+01
-2.840698401080530289e-01  -1.547062698994771779e+00  1.912721157073974609e+00  -1.696491066609517873e+00  -1.776191059743062794e+00  -3.466253105794088185e+00  1.761791706085205078e+01
-3.433764616595667007e-01  -1.610531155263082326e+00  1.990558624267578125e+00  -1.668274704610006154e+00  -1.834430996571676076e+00  -3.509084765111104787e+00  1.769335007667541504e+01
-4.078734556781213882e-01  -1.656018559132711232e+00  2.050518989562988281e+00  -1.647088352833883107e+00  -1.891335789357320607e+00  -3.544109646474019826e+00  1.776885986328125000e+01
-4.539249579059045914e-01  -1.681464497243062794e+00  2.083791732788085938e+00  -1.636788193379537404e+00  -1.926013294850484669e+00  -3.567016188298360646e+00  1.781405997276306152e+01
-4.999740759478967789e-01  -1.704129997883931935e+00  2.113115310668945312e+00  -1.628500286732808888e+00  -1.955134216939107716e+00  -3.590581957493917287e+00  1.785921597480773926e+01
-5.398224035846155289e-01  -1.721268955861226857e+00  2.135043144226074219e+00  -1.623290363942281544e+00  -1.974864308034078419e+00  -3.610399071370260060e+00  1.790618896484375000e+01
-5.966618696795862320e-01  -1.742207829152242482e+00  2.162057399749755859e+00  -1.618296448384420216e+00  -1.995996777211324513e+00  -3.638155523930684865e+00  1.795616602897644043e+01
-6.294568220721643570e-01  -1.752359692250387013e+00  2.175882339477539062e+00  -1.616739575062887013e+00  -2.004753891621724904e+00  -3.654236857091085255e+00  1.799146890640258789e+01
-6.706565062152307632e-01  -1.763266388569967091e+00  2.190916538238525391e+00  -1.616584126149312794e+00  -2.012385670338765919e+00  -3.674725357686178029e+00  1.802651095390319824e+01
-7.107403914081018570e-01  -1.772015396748678029e+00  2.203916072845458984e+00  -1.618463818226949513e+00  -2.016375366841451466e+00  -3.695285145436422169e+00  1.807070899009704590e+01
-7.571890989886682632e-01  -1.779194657002584279e+00  2.215562820434570312e+00  -1.624200646077291310e+00  -2.016291443501607716e+00  -3.720300022755758107e+00  1.812020087242126465e+01
-8.469880262957971695e-01  -1.782862488423482716e+00  2.227987766265869141e+00  -1.646944824849263966e+00  -2.001364056264058888e+00  -3.772844378148214162e+00  1.822655892372131348e+01
-9.061268011676233414e-01  -1.776054684315816701e+00  2.227066040039062500e+00  -1.674609963093892873e+00  -1.975726906453267873e+00  -3.813606087361470998e+00  1.831268095970153809e+01
-9.292281309710901382e-01  -1.772674862538472951e+00  2.226611137390136719e+00  -1.693292919789449513e+00  -1.956451718007222951e+00  -3.834729735051290334e+00  1.835909986495971680e+01
-9.440925757037561539e-01  -1.769942108784810841e+00  2.225845336914062500e+00  -1.710108105336324513e+00  -1.938063446675435841e+00  -3.851434771214620412e+00  1.840347194671630859e+01
-9.583938757525842789e-01  -1.763913456593648732e+00  2.222541809082031250e+00  -1.731509033833638966e+00  -1.914298359547750294e+00  -3.870750252400533498e+00  1.844782900810241699e+01
-9.714964071856897476e-01  -1.752911392842428029e+00  2.213874816894531250e+00  -1.756994549428121388e+00  -1.885167423878804982e+00  -3.892460886632100880e+00  1.850460290908813477e+01
-9.787610212909143570e-01  -1.742639843617574513e+00  2.205339908599853516e+00  -1.774838749562398732e+00  -1.863799397145406544e+00  -3.907357994710103810e+00  1.854582595825195312e+01
-9.845865408526819351e-01  -1.730953995381490529e+00  2.195261955261230469e+00  -1.792837921773092091e+00  -1.842408005391256154e+00  -3.921787802373067677e+00  1.858554196357727051e+01
-9.885185400592249039e-01  -1.718656365071431935e+00  2.184297084808349609e+00  -1.810023132954732716e+00  -1.821221176777974904e+00  -3.935188357030050099e+00  1.862347698211669922e+01
-9.915388266192834976e-01  -1.702894989644185841e+00  2.170196533203125000e+00  -1.830225769673482716e+00  -1.796286408101217091e+00  -3.950672213231221974e+00  1.866729807853698730e+01
-9.930499235736292007e-01  -1.689543072377340138e+00  2.157832622528076172e+00  -1.846500698720113576e+00  -1.776454273854390919e+00  -3.962719504033223927e+00  1.871132588386535645e+01
-9.934571425067346695e-01  -1.675915066395894826e+00  2.145372390747070312e+00  -1.861997429524556935e+00  -1.757461373006002248e+00  -3.973976437245504201e+00  1.875198602676391602e+01
-9.930017630206506851e-01  -1.659386936818258107e+00  2.129824161529541016e+00  -1.880092446004049123e+00  -1.735977951680318654e+00  -3.986742321644918263e+00  1.879743409156799316e+01
-9.919708410846155289e-01  -1.645387474690572560e+00  2.116406917572021484e+00  -1.894427124653951466e+00  -1.718962017689840138e+00  -3.996489826832906544e+00  1.884265708923339844e+01
-9.905083815204065445e-01  -1.631123367940084279e+00  2.103109359741210938e+00  -1.908653561268941701e+00  -1.702808205281392873e+00  -4.005711380635396779e+00  1.888150906562805176e+01
-9.883506933795374039e-01  -1.614522759114400685e+00  2.087334632873535156e+00  -1.924616161976949513e+00  -1.684955422078267873e+00  -4.016189638768331349e+00  1.892826104164123535e+01
-9.855578581439417007e-01  -1.596015755330220998e+00  2.069501399993896484e+00  -1.941908661519185841e+00  -1.666132275258199513e+00  -4.027004067097799123e+00  1.897915291786193848e+01
-9.833877722369592789e-01  -1.583753410969869435e+00  2.057856082916259766e+00  -1.953021828328267873e+00  -1.654398743306295216e+00  -4.033925596867696584e+00  1.901874804496765137e+01
-9.808705488788049820e-01  -1.570124928151265919e+00  2.044774532318115234e+00  -1.965032879506246388e+00  -1.641814533864156544e+00  -4.041314903889791310e+00  1.907278394699096680e+01
-9.781253973590295914e-01  -1.557958904896871388e+00  2.032853603363037109e+00  -1.976002041493551076e+00  -1.630966965352193654e+00  -4.047829929982320607e+00  1.911962985992431641e+01
-9.760997931109827164e-01  -1.548537556325094044e+00  2.023782253265380859e+00  -1.984061543141500294e+00  -1.623100105916158498e+00  -4.052559916173116505e+00  1.915637302398681641e+01
-9.733303228961389664e-01  -1.535459820424215138e+00  2.011334896087646484e+00  -1.995389763508931935e+00  -1.611929718648092091e+00  -4.059122864400045216e+00  1.921196007728576660e+01
-9.502304236041467789e-01  -1.475333515797750294e+00  1.951879024505615234e+00  -2.047552887593404591e+00  -1.570673290883199513e+00  -4.092044655476705373e+00  2.000826287269592285e+01
-9.502547422992151382e-01  -1.475441280995504201e+00  1.951986789703369141e+00  -2.047493282948629201e+00  -1.570733372365133107e+00  -4.092068497334615529e+00  2.007652592658996582e+01
-9.475691954242151382e-01  -1.473834816609517873e+00  1.948276519775390625e+00  -2.047839943562642873e+00  -1.577306095753804982e+00  -4.086272064839498341e+00  2.017078590393066406e+01
-9.159691969500940445e-01  -1.461488072072164357e+00  1.918704986572265625e+00  -2.049899880086080373e+00  -1.631481472645894826e+00  -4.030009810124532521e+00  2.026704907417297363e+01
-8.746817747699182632e-01  -1.466139141713277638e+00  1.913679122924804688e+00  -2.032751862202779591e+00  -1.674094978963033498e+00  -3.969904724751607716e+00  2.034170889854431152e+01
-8.429954687701624039e-01  -1.478461567555562794e+00  1.921410083770751953e+00  -2.008310619984762013e+00  -1.707742039357320607e+00  -3.914159838353292287e+00  2.040929508209228516e+01
-8.174594084369104507e-01  -1.488207165394918263e+00  1.927920341491699219e+00  -1.988599602376119435e+00  -1.728542153035299123e+00  -3.871085468922750294e+00  2.045724797248840332e+01
-7.878215948687952164e-01  -1.496705834065572560e+00  1.932802677154541016e+00  -1.969415489827291310e+00  -1.747928921376363576e+00  -3.825700823460714162e+00  2.050166702270507812e+01
-7.511461416827600601e-01  -1.506043736134664357e+00  1.938248157501220703e+00  -1.946339432393209279e+00  -1.773017708455220998e+00  -3.770928446446554005e+00  2.056071805953979492e+01
-7.141454855548303726e-01  -1.515225712453023732e+00  1.943777084350585938e+00  -1.922401253377095998e+00  -1.800034825001851857e+00  -3.715330664311544240e+00  2.061694002151489258e+01
-6.780427137957971695e-01  -1.523904625569478810e+00  1.949162483215332031e+00  -1.898294750844137013e+00  -1.826897923146383107e+00  -3.660044495259420216e+00  2.066788792610168457e+01
-6.472514311419885757e-01  -1.530545059834615529e+00  1.953255176544189453e+00  -1.878463093434469044e+00  -1.848444286976949513e+00  -3.613416735325948537e+00  2.072110295295715332e+01
-6.112907568560999039e-01  -1.537173573170797169e+00  1.957061290740966797e+00  -1.856117550526754201e+00  -1.870494667683736623e+00  -3.559747759495870412e+00  2.077675008773803711e+01
-5.753529707538049820e-01  -1.542807404194967091e+00  1.960232257843017578e+00  -1.834082428609029591e+00  -1.889467064534322560e+00  -3.507049385701314748e+00  2.083212208747863770e+01
-5.345705191241663101e-01  -1.548345390950338185e+00  1.962961196899414062e+00  -1.810011212025777638e+00  -1.908081356679097951e+00  -3.448004547749654591e+00  2.089583992958068848e+01
-5.097835699664514664e-01  -1.550970379506246388e+00  1.964026451110839844e+00  -1.795712296162740529e+00  -1.917843643818990529e+00  -3.412405077611104787e+00  2.094038987159729004e+01
-4.811947981463831070e-01  -1.553116146718160451e+00  1.964373111724853516e+00  -1.779329125081197560e+00  -1.928085152302877248e+00  -3.371501032506124318e+00  2.098504805564880371e+01
-4.578340689288538101e-01  -1.553954903279439748e+00  1.963834762573242188e+00  -1.767041985188619435e+00  -1.935787979756490529e+00  -3.339050356541768849e+00  2.102461504936218262e+01
-4.309113661395471695e-01  -1.553798977528707326e+00  1.962159156799316406e+00  -1.753617111836568654e+00  -1.943753544484273732e+00  -3.301894251500264943e+00  2.107242298126220703e+01
-4.010141531573694351e-01  -1.552300755177633107e+00  1.958700656890869141e+00  -1.739904705678121388e+00  -1.951408211384908498e+00  -3.261061016713277638e+00  2.112793087959289551e+01
-3.767407576190393570e-01  -1.549771610890523732e+00  1.954428195953369141e+00  -1.730012241994039357e+00  -1.956367794667379201e+00  -3.228466574345723927e+00  2.117807507514953613e+01
-3.539784590350549820e-01  -1.546175781880513966e+00  1.949425697326660156e+00  -1.721209828053609669e+00  -1.959626022969381154e+00  -3.198254648839132130e+00  2.122080993652343750e+01
-3.294523398028772476e-01  -1.541405026112691701e+00  1.943537712097167969e+00  -1.714167896901265919e+00  -1.959398571644918263e+00  -3.170257631932393849e+00  2.127291607856750488e+01
-2.916377226458948257e-01  -1.533841435109273732e+00  1.934262752532958984e+00  -1.707317654286519826e+00  -1.951659504567281544e+00  -3.136369053517476857e+00  2.133546996116638184e+01
-2.646763960467737320e-01  -1.527452294026510060e+00  1.927237987518310547e+00  -1.704862419758931935e+00  -1.942471806203023732e+00  -3.117748085652486623e+00  2.137808299064636230e+01
-2.364428679095667007e-01  -1.519888703023092091e+00  1.918932437896728516e+00  -1.704179588948385060e+00  -1.930972401295797169e+00  -3.099485937749044240e+00  2.141171002388000488e+01
-2.011573950396936539e-01  -1.508573357258931935e+00  1.906953334808349609e+00  -1.705832306538717091e+00  -1.914705578480855763e+00  -3.079979006444112599e+00  2.145927596092224121e+01
-1.591785589801233414e-01  -1.492786232625142873e+00  1.890019893646240234e+00  -1.711880509053365529e+00  -1.892893139516012013e+00  -3.059609715138570607e+00  2.151833200454711914e+01
-1.295645872699182632e-01  -1.480043713246480763e+00  1.876580715179443359e+00  -1.718395535145894826e+00  -1.876375500355855763e+00  -3.046473089848653615e+00  2.156219005584716797e+01
-8.929998079408818512e-02  -1.460720841084615529e+00  1.856500148773193359e+00  -1.729796711598531544e+00  -1.851510349904195607e+00  -3.030054632817403615e+00  2.161368298530578613e+01
-5.674678484071904450e-02  -1.442584339772359669e+00  1.838130950927734375e+00  -1.741545502339498341e+00  -1.829353157673970998e+00  -3.017600838338033498e+00  2.166574406623840332e+01
-2.610093752016240387e-02  -1.424087826405660451e+00  1.818912029266357422e+00  -1.754946056996480763e+00  -1.806238476430074513e+00  -3.006463352833883107e+00  2.170677590370178223e+01
-2.555195485250294496e-03  -1.408407990132467091e+00  1.802960395812988281e+00  -1.766395394002095998e+00  -1.787172619496480763e+00  -2.998260084782735646e+00  2.174875187873840332e+01
1.940770447254180908e-02  -1.392560307179586232e+00  1.786984920501708984e+00  -1.778431240712301076e+00  -1.768263165150777638e+00  -2.990871493016378224e+00  2.178858995437622070e+01
4.000259563326835632e-02  -1.376641098652974904e+00  1.770674705505371094e+00  -1.791173283253804982e+00  -1.749689404164449513e+00  -2.983877483998433888e+00  2.183078694343566895e+01
5.888261646032333374e-02  -1.360410038624898732e+00  1.754172801971435547e+00  -1.803903881703512013e+00  -1.731571499501363576e+00  -2.977650705968038380e+00  2.186842894554138184e+01
7.641928642988204956e-02  -1.344345871602193654e+00  1.738365650177001953e+00  -1.817304436360494435e+00  -1.714375321065084279e+00  -2.972117964421407521e+00  2.190938997268676758e+01
9.225269407033920288e-02  -1.328821484242574513e+00  1.722545623779296875e+00  -1.830381695424215138e+00  -1.698090378438131154e+00  -2.967063967381612599e+00  2.194965887069702148e+01
1.094414442777633667e-01  -1.311259571705953419e+00  1.704847335815429688e+00  -1.845555130635396779e+00  -1.680141750966207326e+00  -2.961627308522359669e+00  2.199510908126831055e+01
1.196733489632606506e-01  -1.300350014363424123e+00  1.693838596343994141e+00  -1.855254952107564748e+00  -1.669174019490377248e+00  -2.958441797886983693e+00  2.203227496147155762e+01
1.310089230537414551e-01  -1.287535015736715138e+00  1.681046485900878906e+00  -1.866224590932027638e+00  -1.656960789357320607e+00  -2.954861227666036427e+00  2.207111597061157227e+01
1.445994079113006592e-01  -1.271746937428609669e+00  1.665083408355712891e+00  -1.880523506795064748e+00  -1.641934219990865529e+00  -2.950657908116475880e+00  2.212382388114929199e+01
1.531640142202377319e-01  -1.261700455342428029e+00  1.654983997344970703e+00  -1.889396969472066701e+00  -1.632666889821187794e+00  -2.948142830525533498e+00  2.217030501365661621e+01
1.605886220932006836e-01  -1.252745453511373341e+00  1.646009922027587891e+00  -1.897540394459859669e+00  -1.624561134968892873e+00  -2.945903364812032521e+00  2.220776295661926270e+01
2.110643088817596436e-01  -1.183128182088033498e+00  1.576498508453369141e+00  -1.964254681264058888e+00  -1.570601288472310841e+00  -2.930622641240255177e+00  2.302117800712585449e+01
2.110403329133987427e-01  -1.183176342641012013e+00  1.576546669006347656e+00  -1.964254681264058888e+00  -1.570625607167379201e+00  -2.930730406438009084e+00  2.307767295837402344e+01
2.109804153442382812e-01  -1.183235947285787404e+00  1.576642036437988281e+00  -1.964373890553609669e+00  -1.570637528096334279e+00  -2.930742565785543263e+00  2.310511088371276855e+01
2.110163718461990356e-01  -1.183476273213521779e+00  1.576917171478271484e+00  -1.964254681264058888e+00  -1.570709530507222951e+00  -2.930730406438009084e+00  2.313917303085327148e+01
2.114361822605133057e-01  -1.185441795979635060e+00  1.579298973083496094e+00  -1.964841190968648732e+00  -1.570709530507222951e+00  -2.930203262959615529e+00  2.317806005477905273e+01
2.126597017049789429e-01  -1.189829651509420216e+00  1.584982872009277344e+00  -1.965847317372457326e+00  -1.570721451436178029e+00  -2.928981606160299123e+00  2.321599292755126953e+01
2.150471806526184082e-01  -1.198329273854390919e+00  1.595979213714599609e+00  -1.968362156544820607e+00  -1.570781056080953419e+00  -2.926622454320089162e+00  2.326597905158996582e+01
2.171582877635955811e-01  -1.205906216298238576e+00  1.605708122253417969e+00  -1.970373932515279591e+00  -1.570757214223043263e+00  -2.924455229436055959e+00  2.329521298408508301e+01
2.194491475820541382e-01  -1.214382473622457326e+00  1.616776466369628906e+00  -1.972661320363179982e+00  -1.570781056080953419e+00  -2.922119442616597951e+00  2.332700204849243164e+01
2.218482345342636108e-01  -1.223853413258687794e+00  1.629245281219482422e+00  -1.975283924733297169e+00  -1.570757214223043263e+00  -2.919592920933858693e+00  2.335738492012023926e+01
2.243551760911941528e-01  -1.234043423329488576e+00  1.643041610717773438e+00  -1.977906052266256154e+00  -1.570733372365133107e+00  -2.916850153599874318e+00  2.339137005805969238e+01
2.270782291889190674e-01  -1.244641606007711232e+00  1.657353401184082031e+00  -1.980887715016500294e+00  -1.570781056080953419e+00  -2.914084021245137990e+00  2.341917300224304199e+01
2.299330830574035645e-01  -1.255394760762349904e+00  1.672562599182128906e+00  -1.983690086995260060e+00  -1.570769135151998341e+00  -2.911269728337423146e+00  2.345441198348999023e+01
2.334834188222885132e-01  -1.269325081502095998e+00  1.691433429718017578e+00  -1.987582031880513966e+00  -1.570721451436178029e+00  -2.907688919697896779e+00  2.349133300781250000e+01
2.367461174726486206e-01  -1.283027474080220998e+00  1.710567474365234375e+00  -1.991390053425924123e+00  -1.570781056080953419e+00  -2.904167954121724904e+00  2.353450703620910645e+01
2.395294606685638428e-01  -1.294020954762594044e+00  1.725668907165527344e+00  -1.994515720997945607e+00  -1.570721451436178029e+00  -2.901353422795430959e+00  2.356792593002319336e+01
2.429959028959274292e-01  -1.307399098073140919e+00  1.743749618530273438e+00  -1.998407189046041310e+00  -1.570781056080953419e+00  -2.897952620183126271e+00  2.360480904579162598e+01
2.456706315279006958e-01  -1.317853275929586232e+00  1.758085727691650391e+00  -2.001448933278219044e+00  -1.570721451436178029e+00  -2.895389382039205373e+00  2.363706898689270020e+01
2.479498684406280518e-01  -1.327898804341451466e+00  1.771835327148437500e+00  -2.004263226185933888e+00  -1.570733372365133107e+00  -2.892874542866842091e+00  2.367364192008972168e+01
2.508043646812438965e-01  -1.340054814015523732e+00  1.787906169891357422e+00  -2.007879559193746388e+00  -1.570709530507222951e+00  -2.889988247548238576e+00  2.370638799667358398e+01
2.529641389846801758e-01  -1.349177185689107716e+00  1.799993038177490234e+00  -2.010490242634908498e+00  -1.570721451436178029e+00  -2.887760941182271779e+00  2.374450492858886719e+01
2.560946643352508545e-01  -1.362100426350728810e+00  1.816758155822753906e+00  -2.014214340840474904e+00  -1.570685211812154591e+00  -2.884802881871358693e+00  2.378839302062988281e+01
2.578938007354736328e-01  -1.369892422352926076e+00  1.826905727386474609e+00  -2.016465965901510060e+00  -1.570565525685445607e+00  -2.882946316395894826e+00  2.382102298736572266e+01
2.598131299018859863e-01  -1.378942791615621388e+00  1.838298320770263672e+00  -2.019135777150289357e+00  -1.570494000111715138e+00  -2.880910460148946584e+00  2.386088705062866211e+01
2.612403929233551025e-01  -1.385451618825094044e+00  1.846603393554687500e+00  -2.020992581044332326e+00  -1.570601288472310841e+00  -2.879485193883077443e+00  2.389523506164550781e+01
2.629080712795257568e-01  -1.393040005360738576e+00  1.856272697448730469e+00  -2.023351494465963185e+00  -1.570553604756490529e+00  -2.877820793782369435e+00  2.393220686912536621e+01
2.770621776580810547e-01  -1.453193012868062794e+00  1.926867008209228516e+00  -2.044534985219137013e+00  -1.570817295704976857e+00  -2.864419523869649709e+00  2.474051499366760254e+01
2.770861387252807617e-01  -1.453121487294332326e+00  1.926771163940429688e+00  -2.044511143361226857e+00  -1.570841137562887013e+00  -2.864431444798604787e+00  2.478631401062011719e+01
2.770382165908813477e-01  -1.453132931386129201e+00  1.926758766174316406e+00  -2.044511143361226857e+00  -1.570721451436178029e+00  -2.864551369343892873e+00  2.481747007369995117e+01
2.770861387252807617e-01  -1.452641312276021779e+00  1.925945281982421875e+00  -2.044295612965719044e+00  -1.570745293294088185e+00  -2.864443604146138966e+00  2.484894394874572754e+01
2.772303223609924316e-01  -1.449836556111470998e+00  1.921960353851318359e+00  -2.043229881917135060e+00  -1.570757214223043263e+00  -2.864144388829366505e+00  2.488361001014709473e+01
2.776501476764678955e-01  -1.444046322499410451e+00  1.913570880889892578e+00  -2.041038815175191701e+00  -1.570745293294088185e+00  -2.863856617604390919e+00  2.492506289482116699e+01
2.782617211341857910e-01  -1.435451809559957326e+00  1.901220798492431641e+00  -2.037613217030660451e+00  -1.570829216633931935e+00  -2.863090340291158498e+00  2.496780490875244141e+01
2.788976430892944336e-01  -1.426664654408590138e+00  1.888475894927978516e+00  -2.034152809773580373e+00  -1.570853058491842091e+00  -2.862335745488302052e+00  2.499934697151184082e+01
2.795691192150115967e-01  -1.416643444691793263e+00  1.873325347900390625e+00  -2.030476395283834279e+00  -1.571056667958394826e+00  -2.861209932957784474e+00  2.503370308876037598e+01
2.805533409118652344e-01  -1.402270619069234669e+00  1.852012634277343750e+00  -2.025088135396138966e+00  -1.570960823689595998e+00  -2.859772745762960255e+00  2.507166004180908203e+01
2.816686034202575684e-01  -1.386315170918599904e+00  1.828186511993408203e+00  -2.019279781972066701e+00  -1.570864979420797169e+00  -2.858395640050069630e+00  2.510796904563903809e+01
2.825562059879302979e-01  -1.372841183339254201e+00  1.807160854339599609e+00  -2.014370266591207326e+00  -1.570817295704976857e+00  -2.857269827519552052e+00  2.514134407043457031e+01
2.835040688514709473e-01  -1.358539406453267873e+00  1.785333633422851562e+00  -2.009088818226949513e+00  -1.570709530507222951e+00  -2.856132094060079396e+00  2.517370986938476562e+01
2.844395935535430908e-01  -1.343735043202535451e+00  1.762609004974365234e+00  -2.003448788319722951e+00  -1.570721451436178029e+00  -2.854946438466207326e+00  2.520922708511352539e+01
2.853990793228149414e-01  -1.328701798115865529e+00  1.739202976226806641e+00  -1.997844521199361623e+00  -1.570936504994527638e+00  -2.853797022496358693e+00  2.524056386947631836e+01
2.863589525222778320e-01  -1.313285652791158498e+00  1.715509414672851562e+00  -1.992204491292135060e+00  -1.571032349263326466e+00  -2.852551285420553029e+00  2.527355909347534180e+01
2.876423895359039307e-01  -1.294020954762594044e+00  1.685856819152832031e+00  -1.985139195119039357e+00  -1.571020428334371388e+00  -2.851126019154683888e+00  2.531148099899291992e+01
2.886138558387756348e-01  -1.278280083333150685e+00  1.661792755126953125e+00  -1.979223076497213185e+00  -1.571248356495992482e+00  -2.850024286900655568e+00  2.534471392631530762e+01
2.898972928524017334e-01  -1.258499447499410451e+00  1.631805896759033203e+00  -1.971583191548482716e+00  -1.571332279835836232e+00  -2.848707024251119435e+00  2.537999391555786133e+01
2.910968363285064697e-01  -1.238850895558492482e+00  1.602249622344970703e+00  -1.964170757924215138e+00  -1.571631256734029591e+00  -2.847461525593892873e+00  2.542086100578308105e+01
2.920802831649780273e-01  -1.223086182271138966e+00  1.578939437866210938e+00  -1.958326641713277638e+00  -1.571583573018209279e+00  -2.846479241047994435e+00  2.545572209358215332e+01
2.931360304355621338e-01  -1.204204384480611623e+00  1.550819873809814453e+00  -1.951177422200338185e+00  -1.571715180073873341e+00  -2.845353666936055959e+00  2.549201893806457520e+01
2.938917875289916992e-01  -1.189110581074849904e+00  1.529436588287353516e+00  -1.945357624684469044e+00  -1.571834866200582326e+00  -2.844515148793355763e+00  2.552883291244506836e+01
2.945752441883087158e-01  -1.175011936818258107e+00  1.509130001068115234e+00  -1.939681355153219044e+00  -1.571978394185201466e+00  -2.843736950551168263e+00  2.555724287033081055e+01
2.955351173877716064e-01  -1.158191982899801076e+00  1.485149860382080078e+00  -1.932963196431295216e+00  -1.571942631398336232e+00  -2.842850987111226857e+00  2.559831094741821289e+01
2.962065935134887695e-01  -1.145627323781148732e+00  1.467296600341796875e+00  -1.928113285695211232e+00  -1.571894470845357716e+00  -2.842275683079854787e+00  2.563386988639831543e+01
2.969503700733184814e-01  -1.130533520375387013e+00  1.446679115295410156e+00  -1.922221485768453419e+00  -1.571870628987447560e+00  -2.841652933751241505e+00  2.567370700836181641e+01
2.976825237274169922e-01  -1.116554562245504201e+00  1.427365779876708984e+00  -1.916521374379293263e+00  -1.571810547505513966e+00  -2.841018025075094044e+00  2.571386504173278809e+01
2.983420491218566895e-01  -1.102874581013814748e+00  1.409620285034179688e+00  -1.910833183919088185e+00  -1.571882549916402638e+00  -2.840550963078634084e+00  2.575150704383850098e+01
2.990378737449645996e-01  -1.090406719838277638e+00  1.393417835235595703e+00  -1.905731503163472951e+00  -1.571870628987447560e+00  -2.839904610310689748e+00  2.578844809532165527e+01
2.994816601276397705e-01  -1.081187073384420216e+00  1.381319999694824219e+00  -1.902030769978658498e+00  -1.572217766438619435e+00  -2.839521233235494435e+00  2.582078695297241211e+01
3.000333309173583984e-01  -1.070540730153219044e+00  1.367870330810546875e+00  -1.897731606160299123e+00  -1.572229687367574513e+00  -2.839078251515523732e+00  2.585926508903503418e+01
3.003213107585906982e-01  -1.062723461781637013e+00  1.358380794525146484e+00  -1.894582573567525685e+00  -1.572409454976217091e+00  -2.838730875645772755e+00  2.589614987373352051e+01
3.006692230701446533e-01  -1.055698219929830373e+00  1.349525928497314453e+00  -1.891804043446676076e+00  -1.572660748158590138e+00  -2.838383499776021779e+00  2.592861294746398926e+01
3.010171353816986084e-01  -1.049068276082174123e+00  1.341580390930175781e+00  -1.889061752949849904e+00  -1.572720829640523732e+00  -2.838059965764180959e+00  2.595995688438415527e+01
3.043038249015808105e-01  -9.815915266620081070e-01  1.266454219818115234e+00  -1.855578724537984669e+00  -1.570853058491842091e+00  -2.837389532719747365e+00  2.677985405921936035e+01
3.043158054351806641e-01  -9.817116896258752945e-01  1.266561985015869141e+00  -1.855638329182760060e+00  -1.570853058491842091e+00  -2.837329451237813771e+00  2.685806107521057129e+01
3.048195242881774902e-01  -9.840138594256799820e-01  1.269279003143310547e+00  -1.857398811970845998e+00  -1.572385613118306935e+00  -2.839341704045430959e+00  2.693874096870422363e+01
3.099173009395599365e-01  -1.016732994710103810e+00  1.305812358856201172e+00  -1.875912968312398732e+00  -1.585387055073873341e+00  -2.872132603322164357e+00  2.702797698974609375e+01
3.220805525779724121e-01  -1.067579571400777638e+00  1.362568855285644531e+00  -1.874883476887838185e+00  -1.555936638508931935e+00  -2.920407120381490529e+00  2.710883998870849609e+01
3.370990157127380371e-01  -1.141047779713765919e+00  1.444201946258544922e+00  -1.845015827809469044e+00  -1.499612156544820607e+00  -2.984285418187276662e+00  2.720514488220214844e+01
3.133238255977630615e-01  -1.224788490925924123e+00  1.537716865539550781e+00  -1.811603848134176076e+00  -1.503143135701314748e+00  -3.052149120961324513e+00  2.730290007591247559e+01
2.949591279029846191e-01  -1.275570694600240529e+00  1.594806194305419922e+00  -1.801017586384908498e+00  -1.528042618428365529e+00  -3.092947785054342091e+00  2.735819101333618164e+01
2.804447412490844727e-01  -1.325597111378804982e+00  1.651131153106689453e+00  -1.792251412068502248e+00  -1.552608315144674123e+00  -3.134141747151510060e+00  2.741143703460693359e+01
2.686057984828948975e-01  -1.367302719746724904e+00  1.698277950286865234e+00  -1.782095257435933888e+00  -1.565573517476217091e+00  -3.169910494481221974e+00  2.746172308921813965e+01
2.558310031890869141e-01  -1.401108090077535451e+00  1.736569881439208984e+00  -1.772862259541646779e+00  -1.570996586476461232e+00  -3.200242582951680959e+00  2.750190401077270508e+01
2.342391759157180786e-01  -1.440234963093892873e+00  1.781037330627441406e+00  -1.762491528187887013e+00  -1.573654953633443654e+00  -3.237555090581075490e+00  2.754700994491577148e+01
2.117721140384674072e-01  -1.471473042164937794e+00  1.816829681396484375e+00  -1.754383389149801076e+00  -1.573643032704488576e+00  -3.269108120595113576e+00  2.759126687049865723e+01
1.860064119100570679e-01  -1.501237217579976857e+00  1.850911617279052734e+00  -1.747593228016988576e+00  -1.572241608296529591e+00  -3.300780598317281544e+00  2.763085508346557617e+01
1.506207436323165894e-01  -1.534416500722066701e+00  1.889541149139404297e+00  -1.741784874592916310e+00  -1.569273296986715138e+00  -3.338858906422750294e+00  2.767571997642517090e+01
1.177899539470672607e-01  -1.559816662465230763e+00  1.918825149536132812e+00  -1.739042107258931935e+00  -1.566076103840963185e+00  -3.370351139699117482e+00  2.771707391738891602e+01
7.351648062467575073e-02  -1.587457958851949513e+00  1.951292991638183594e+00  -1.737868611012594044e+00  -1.561957661305562794e+00  -3.408046070729390919e+00  2.776376795768737793e+01
3.244579210877418518e-02  -1.608289543782369435e+00  1.975838661193847656e+00  -1.738755051289693654e+00  -1.558498207722799123e+00  -3.439155165349141896e+00  2.780710792541503906e+01
-2.149469057192021637e-02  -1.630404297505513966e+00  2.002083778381347656e+00  -1.742287937794820607e+00  -1.554726902638570607e+00  -3.476850573216573537e+00  2.785105299949645996e+01
-6.953269640077763825e-02  -1.646345440541402638e+00  2.021316528320312500e+00  -1.747329537068502248e+00  -1.552045170460836232e+00  -3.507756058369771779e+00  2.789656090736389160e+01
-1.192501227008264664e-01  -1.659829918538228810e+00  2.038395404815673828e+00  -1.753904644642965138e+00  -1.549974743519918263e+00  -3.538253847752706349e+00  2.793010187149047852e+01
-1.697571913348596695e-01  -1.671300713215963185e+00  2.052984714508056641e+00  -1.761820618306295216e+00  -1.548106495534078419e+00  -3.567902151738302052e+00  2.797638106346130371e+01
-2.302544752704065445e-01  -1.682351891194478810e+00  2.067634105682373047e+00  -1.772335354481832326e+00  -1.546526734028951466e+00  -3.602412287388936818e+00  2.802140188217163086e+01
-2.794764677630823257e-01  -1.689411465321676076e+00  2.077986717224121094e+00  -1.782610241566793263e+00  -1.545676533375875294e+00  -3.629965130482808888e+00  2.806358194351196289e+01
-3.365519682513635757e-01  -1.695260349904195607e+00  2.087741374969482422e+00  -1.795687977467672169e+00  -1.545006100331441701e+00  -3.661541763936178029e+00  2.810739588737487793e+01
-4.082573095904749039e-01  -1.699863258992330373e+00  2.097579956054687500e+00  -1.814094845448629201e+00  -1.544766728078023732e+00  -3.701045099888936818e+00  2.817372608184814453e+01
-4.496915976153772476e-01  -1.700702015553609669e+00  2.102019786834716797e+00  -1.826118294392720998e+00  -1.544910256062642873e+00  -3.723940197621480763e+00  2.821248197555541992e+01
-4.885819594012659195e-01  -1.700330559407369435e+00  2.105227947235107422e+00  -1.838094536458150685e+00  -1.545485321675435841e+00  -3.745578352605001271e+00  2.825071191787719727e+01
-5.244858900653284195e-01  -1.698964420949117482e+00  2.107406616210937500e+00  -1.850524727498189748e+00  -1.545736614857808888e+00  -3.766138855610982716e+00  2.829632091522216797e+01
-5.644291082965295914e-01  -1.696015183125631154e+00  2.108830928802490234e+00  -1.865242306386129201e+00  -1.546634499226705373e+00  -3.789273564015523732e+00  2.834283900260925293e+01
-5.954864660846155289e-01  -1.692407910023824513e+00  2.109021663665771484e+00  -1.877769295369283498e+00  -1.547663513814107716e+00  -3.807690683995382130e+00  2.838344502449035645e+01
-6.185215155230920914e-01  -1.688907925282613576e+00  2.108723163604736328e+00  -1.887864414845601857e+00  -1.548513714467183888e+00  -3.821449820195333302e+00  2.841309785842895508e+01
-6.455724875079553726e-01  -1.684245888386861623e+00  2.107717514038085938e+00  -1.900007549916402638e+00  -1.549495522175924123e+00  -3.838082853947774709e+00  2.845019698143005371e+01
-6.654170195208948257e-01  -1.679930512105123341e+00  2.106652259826660156e+00  -1.909910504017965138e+00  -1.550405327473775685e+00  -3.850536648427144826e+00  2.848287200927734375e+01
-6.792057196246545914e-01  -1.676538769398824513e+00  2.105622768402099609e+00  -1.917024437581197560e+00  -1.551159207020894826e+00  -3.859350268040792287e+00  2.851406502723693848e+01
-6.963761488543909195e-01  -1.672031704579488576e+00  2.104126453399658203e+00  -1.925909821187154591e+00  -1.552129093800679982e+00  -3.870522562657491505e+00  2.854417490959167480e+01
-7.158239523517053726e-01  -1.666182819996969044e+00  2.101996421813964844e+00  -1.937130753193990529e+00  -1.553410355244771779e+00  -3.883419815693990529e+00  2.858042097091674805e+01
-7.300317923175256851e-01  -1.661639515553609669e+00  2.100117206573486328e+00  -1.945681397114888966e+00  -1.554427448903219044e+00  -3.893095556889669240e+00  2.861070799827575684e+01
-7.458227316485803726e-01  -1.655982319508687794e+00  2.097639560699462891e+00  -1.955500904713765919e+00  -1.555744949971334279e+00  -3.904064480458394826e+00  2.865643501281738281e+01
-7.598508040057581070e-01  -1.650241200123922169e+00  2.095221996307373047e+00  -1.964613739644185841e+00  -1.556966129933492482e+00  -3.913992468510762990e+00  2.869644188880920410e+01
-7.719844023333948257e-01  -1.644847695027486623e+00  2.092720031738281250e+00  -1.973367993031637013e+00  -1.558127228413717091e+00  -3.923093144093648732e+00  2.873535299301147461e+01
-7.826784292804163101e-01  -1.639561955128804982e+00  2.090374469757080078e+00  -1.981271092091695607e+00  -1.559168640767232716e+00  -3.931032721196309865e+00  2.877088093757629395e+01
-7.903278509723108414e-01  -1.635702435170308888e+00  2.088615417480468750e+00  -1.987019364033834279e+00  -1.559946839009420216e+00  -3.936649386082784474e+00  2.880783605575561523e+01
-7.987683455096643570e-01  -1.631255451832906544e+00  2.086580753326416016e+00  -1.993785206471578419e+00  -1.560880963002340138e+00  -3.943211857472554982e+00  2.884204101562500000e+01
