a1     a2   a3   a4  a5   a6   t1
3.141592653589793116e+00  -1.998847158276265967e-01  2.269493200925389587e-01  2.390434691002093492e-01  2.803191898986848951e+00  -3.913174742208992002e-02  0.000000000000000000e+00
-7.821496392962878907e-01  -2.785010182763410502e-01  3.251213444768513150e-01  2.208584498287355036e+00  -3.141592653589793116e+00  -1.304121706165051187e+00  7.902193069458007812e-02
3.141592653589793116e+00  -2.575836424296590876e-01  6.316677255918536904e-01  4.353192251663766665e-01  6.203883319544846175e-01  -2.763830628165052025e-02  1.693830490112304688e-01
3.141592653589793116e+00  1.198039060910258552e-01  7.566813005943042736e-01  7.689363550412302573e-01  3.141592653589793116e+00  6.968201051051683970e-02  2.330138683319091797e-01
3.141592653589793116e+00  4.652178805787625104e-01  3.306898495990046594e-01  7.621390206382423482e-01  3.141592653589793116e+00  -3.699455706003900168e-01  2.973999977111816406e-01
3.141592653589793116e+00  6.276892768451353133e-01  -1.416705012330248259e-01  6.591477844495654548e-01  3.141592653589793116e+00  -1.581182088157421506e-01  3.494720458984375000e-01
6.898251875650310838e-01  3.141592653589793116e+00  -3.141592653589793116e+00  -5.970416826920055264e-01  3.141592414577890846e+00  -1.901509817882554576e-01  4.095110893249511719e-01
3.141592653589793116e+00  9.179885288894451545e-01  -5.337466841074208768e-01  -9.922353779554325681e-02  3.141592653589793116e+00  -3.096283606455327853e-01  4.888150691986083984e-01
6.746062285859688590e-01  3.141592653589793116e+00  -3.141592653589793116e+00  -3.141592653589793116e+00  3.141592653589793116e+00  -3.339745483831962347e-01  5.555369853973388672e-01
3.633345258543920764e-01  3.141592653589793116e+00  -3.141592653589793116e+00  -3.141592653589793116e+00  3.141592653589793116e+00  -3.252565331743024202e-01  6.180958747863769531e-01
1.023897839958431283e-01  3.141592652147072950e+00  -3.141592650134813258e+00  -3.141592598395742453e+00  3.141592633968939285e+00  -3.313939125903389571e-01  6.685419082641601562e-01
-1.723499693963801149e-01  3.141592638566734319e+00  -3.141592639298388168e+00  -3.141592576085550537e+00  3.141592613204337692e+00  -3.272297056735428700e-01  7.154860496520996094e-01
-3.463340484747341463e-01  3.141592653589793116e+00  -3.141592653589793116e+00  -3.141592653589793116e+00  3.141592653589793116e+00  -3.218247354487148715e-01  7.699968814849853516e-01
-4.581235931336343215e-01  3.141592653589793116e+00  -3.141592653589793116e+00  -3.141592653589793116e+00  3.141592653589793116e+00  -3.153264193336627330e-01  8.161509037017822266e-01
-7.349848493093363855e-01  3.141592653589793116e+00  -3.141592653589793116e+00  -3.141592653589793116e+00  3.141592653589793116e+00  -3.105433204957813165e-01  8.751230239868164062e-01
-1.060726601819949044e+00  3.141592653589793116e+00  -3.141592653589793116e+00  -3.141592653589793116e+00  3.141592653589793116e+00  -3.054891849547060056e-01  9.165868759155273438e-01
-1.668023496521126914e+00  3.141592653589793116e+00  -3.141592653589793116e+00  -3.141592653589793116e+00  3.141592653589793116e+00  -2.905136987277348593e-01  9.651849269866943359e-01
-2.528289959792950459e+00  3.141592653589793116e+00  -3.141592653589793116e+00  -3.141592653589793116e+00  3.141592653589793116e+00  -2.937738128437689111e-01  1.012017011642456055e+00
-3.141592653589793116e+00  3.141592653589793116e+00  -3.141592653589793116e+00  -3.141592653589793116e+00  2.759046182652445722e+00  -2.836416520382074591e-01  1.057060003280639648e+00
-2.907754859694280825e+00  3.043657451937236136e+00  -3.078664773488942075e+00  -3.040330054463225906e+00  5.962770151077367853e-01  -2.630545112667182495e-01  1.103947877883911133e+00
-2.960503167766230348e+00  2.813639018388752966e+00  -2.877626884959246567e+00  -2.871857980737733129e+00  -5.369374908280130088e-01  -2.507410246848045809e-01  1.150172948837280273e+00
-2.953995674676061611e+00  2.228238836418578561e+00  -2.329053589011251368e+00  -2.282063893685816414e+00  -1.193243117517445828e+00  -2.400052465772739563e-01  1.184025049209594727e+00
-3.079148277313487281e+00  1.822888708317526696e+00  -1.982785498233418764e+00  -2.001830249682726492e+00  -2.652519862350627200e+00  -2.259105219522772323e-01  1.225925922393798828e+00
-3.060030842340686785e+00  9.366367038707965609e-01  -1.377522000558442317e+00  -1.463496592102584870e+00  -3.141592653589793116e+00  -2.096788795570837527e-01  1.272119045257568359e+00
-3.014929608781876436e+00  -1.049243381949516857e-01  -7.608238525043136136e-01  -1.034858875969834280e+00  -3.141592009575654654e+00  -1.922148382650487319e-01  1.315610885620117188e+00
-2.991048893635218864e+00  -4.127620222222503354e-01  -5.461772232552277728e-01  -8.559298033537530159e-01  -3.141592653589793116e+00  -1.886384680033633965e-01  1.354346036911010742e+00
-2.952673454594592517e+00  -1.925470257993291634e+00  7.224031360141933700e-01  -1.821030970115538813e-02  -3.141592653589793116e+00  -1.691723783540909631e-01  1.396485090255737305e+00
-2.948898185505637315e+00  -2.542656970967885677e+00  2.359131187490467241e+00  1.851253819633295716e+00  -3.141592653589793116e+00  -7.335708822321572453e-02  1.440834999084472656e+00
-2.943829843956016212e+00  -2.727244021176156608e+00  2.445783490626642465e+00  2.003194357754455979e+00  -3.141592653589793116e+00  -6.793189150519228503e-02  1.484446048736572266e+00
-2.955062971293195950e+00  -2.906413611817677101e+00  2.670400928595448864e+00  2.410453519840335179e+00  -3.141592653589793116e+00  6.441400524124617222e-02  1.521796941757202148e+00
-2.941016309175023213e+00  -2.998320935183081293e+00  2.779814884083089410e+00  2.512073882462027008e+00  -3.121328342460071514e+00  9.869604039074415802e-02  1.568804979324340820e+00
-2.898763553258192793e+00  -3.017417877519027236e+00  2.763187025780874606e+00  2.498030372203518645e+00  -3.081340547715704759e+00  2.803414555596971114e-02  1.606255054473876953e+00
-2.881583219790119887e+00  -3.036891657611082262e+00  2.805782696858692304e+00  2.538132804403365750e+00  -3.046127082018270205e+00  6.187558222222447335e-02  1.646817922592163086e+00
-2.828544224911325955e+00  -3.052982899821497398e+00  2.847757932221580024e+00  2.600614781599943637e+00  -3.001945572658176520e+00  7.634532783999735395e-02  1.686042070388793945e+00
-2.756817496067438089e+00  -3.071470756829353554e+00  2.884957621712962883e+00  2.708265588250237332e+00  -2.925819114066877447e+00  2.791232244844589205e-01  1.725528955459594727e+00
-2.766143772282823043e+00  -3.085864650846420698e+00  2.904468123777284916e+00  2.718803340160596438e+00  -2.919264916219047379e+00  1.947978696061069548e-01  1.762212991714477539e+00
-2.727021385101066731e+00  -3.093519860340567806e+00  2.928306695042174113e+00  2.779281786911706575e+00  -2.885349705067824733e+00  4.821092735735553469e-02  1.799741983413696289e+00
-2.672124575851030581e+00  -3.115357477128013919e+00  2.964688488047478199e+00  2.779236104409479324e+00  -2.817209071790311548e+00  1.774254454156298233e-01  1.846200942993164062e+00
-2.670321754624743082e+00  -3.117694621924723464e+00  2.966188023030074117e+00  2.800316766001660351e+00  -2.812643294980969877e+00  4.003682585177837372e-01  1.881919860839843750e+00
0.000000000000000000e+00  0.000000000000000000e+00  0.000000000000000000e+00  0.000000000000000000e+00  0.000000000000000000e+00  0.000000000000000000e+00  1.915360927581787109e+00
0.000000000000000000e+00  0.000000000000000000e+00  0.000000000000000000e+00  0.000000000000000000e+00  0.000000000000000000e+00  0.000000000000000000e+00  1.949508905410766602e+00
0.000000000000000000e+00  0.000000000000000000e+00  0.000000000000000000e+00  0.000000000000000000e+00  0.000000000000000000e+00  0.000000000000000000e+00  1.989537954330444336e+00
-8.149280186741295617e-01  1.653936990190463474e+00  -3.141592653589793116e+00  1.980340297906799940e-01  1.098157850074490093e-02  -6.941876521767639252e-01  2.810937881469726562e+00
-8.157039866456717858e-01  1.639777063450402528e+00  -3.141592653589793116e+00  1.851621487859682058e-01  1.228694038386231053e-03  -6.942395658261401037e-01  2.863455057144165039e+00
-8.199239249299901111e-01  1.666998037527899434e+00  -3.141592653589793116e+00  1.617794489312764650e-01  -2.579661847202083247e-02  -6.979164599493753451e-01  2.889874935150146484e+00
-8.869762609668648823e-01  1.809640356673520412e+00  -3.141592653589793116e+00  2.135806862110763982e-01  5.008028631899208612e-04  -7.219560894627773395e-01  2.917383909225463867e+00
-1.117780696834756116e+00  2.240584932833579401e+00  -3.141592653589793116e+00  2.053287941210353018e-01  -3.099939665932484670e-02  -8.106780739532202240e-01  2.943095922470092773e+00
-1.295360319828930740e+00  2.457313640347383643e+00  -3.141592653589793116e+00  2.457623435633611020e-01  -2.681681845244009849e-02  -9.158650908159450266e-01  2.978528022766113281e+00
-1.459581531966281709e+00  2.622068907473387611e+00  -3.141592653589793116e+00  2.960657638907370770e-01  -3.744031125695918005e-02  -1.041054716015154202e+00  3.015297889709472656e+00
-1.542343203981278998e+00  2.655069894588493629e+00  -3.141592653589793116e+00  3.030160087088184517e-01  1.455434791584091052e-02  -1.110858858131612337e+00  3.046746969223022461e+00
-1.607260924951629200e+00  2.727581345310708283e+00  -3.141592625620114543e+00  3.077278810618531146e-01  3.435232330723239462e-03  -1.175611803090620855e+00  3.082418918609619141e+00
-1.661881914474403477e+00  2.777849311206742833e+00  -3.141592653589793116e+00  3.256751726384084500e-01  -4.457564049959367863e-02  -1.224806311426672067e+00  3.111499071121215820e+00
-1.716660943622835278e+00  2.835479515712874043e+00  -3.141592653589793116e+00  3.405760169651101954e-01  -3.183537069024613281e-02  -1.286321673481883643e+00  3.139885902404785156e+00
-1.777718802284917965e+00  2.887810240036320142e+00  -3.141592653589793116e+00  3.553819945532150082e-01  2.474492387932522054e-03  -1.345692057643828043e+00  3.172669887542724609e+00
-1.824405493432115222e+00  2.924607158886206371e+00  -3.141592653589793116e+00  3.668351806261715420e-01  1.301815129404570309e-02  -1.390017152375906839e+00  3.206456899642944336e+00
-2.119545856876601686e+00  2.870800359765495635e+00  -3.141592653589793116e+00  4.905864805833222153e-01  6.860401084639144130e-03  -1.836191536555996429e+00  3.234834909439086914e+00
-2.132865665217782425e+00  2.893756552594978881e+00  -3.141592653589793116e+00  4.967081026930469378e-01  2.204495069283871761e-02  -1.862420650785046705e+00  3.269095897674560547e+00
-2.142083799058763116e+00  2.879196951324575871e+00  -3.141592653589793116e+00  4.963116161159265571e-01  7.025486338316966339e-02  -1.876150600643367916e+00  3.300579071044921875e+00
-2.159628837204880192e+00  2.860174582411228350e+00  -3.141592653589793116e+00  4.992011241786367681e-01  3.035297196872875983e-02  -1.894220473024057716e+00  3.328291893005371094e+00
-2.164947368196111555e+00  2.867361480931682749e+00  -3.141592653589793116e+00  5.133663516691070461e-01  8.573482956385629350e-02  -1.919398016571926879e+00  3.360190868377685547e+00
-2.180278909897370720e+00  2.882008296994249541e+00  -3.141592653589793116e+00  5.340891888117333952e-01  9.683090035255829953e-02  -1.945002922840787685e+00  3.395124912261962891e+00
-2.179503461602631198e+00  2.853472008255863113e+00  -3.141592653589793116e+00  6.014983076808549933e-01  -5.109647832287630281e-02  -2.194903709030217254e+00  3.422307968139648438e+00
-2.186666008501451319e+00  2.870827469238892427e+00  -3.141592653589793116e+00  6.027569541531747621e-01  2.982688214414055961e-01  -2.213189759089633668e+00  3.458355903625488281e+00
-2.160583000462019232e+00  2.897172757190104697e+00  -3.141592653589793116e+00  6.205392675589502804e-01  2.196872414889703903e-02  -2.235487587039437507e+00  3.496800899505615234e+00
-2.182944295936180001e+00  2.876718356919635511e+00  -3.141592653589793116e+00  6.374053896463766078e-01  3.616789970195548598e-01  -2.232859575287335030e+00  3.525707006454467773e+00
-2.188461385024539130e+00  2.922336309293180445e+00  -3.141592653589793116e+00  6.647535836777492824e-01  3.192005978594730786e-02  -2.279868175581005740e+00  3.568168878555297852e+00
-2.209601018643373216e+00  2.919434558214766717e+00  -3.141592653589793116e+00  6.757375768781590519e-01  3.151858285588090003e-01  -2.341790938979354753e+00  3.616561889648437500e+00
0.000000000000000000e+00  0.000000000000000000e+00  0.000000000000000000e+00  0.000000000000000000e+00  0.000000000000000000e+00  0.000000000000000000e+00  3.645324945449829102e+00
0.000000000000000000e+00  0.000000000000000000e+00  0.000000000000000000e+00  0.000000000000000000e+00  0.000000000000000000e+00  0.000000000000000000e+00  3.677160024642944336e+00
0.000000000000000000e+00  0.000000000000000000e+00  0.000000000000000000e+00  0.000000000000000000e+00  0.000000000000000000e+00  0.000000000000000000e+00  3.716827869415283203e+00
1.217598090306181444e-03  -1.138520794711570111e-01  1.037794996359987787e-02  7.019849154091085952e-02  -4.336730176446985940e-02  -6.553751705809536532e-02  4.523720026016235352e+00
1.215767408272355353e-03  -1.135643140089101638e-01  1.278475022053220111e-02  9.379483851070996581e-02  -4.382491795501877729e-02  -4.660749731903151422e-02  4.565708875656127930e+00
1.611102454156564676e-03  -1.133127628022176786e-01  1.455943052349416289e-02  7.054615018901842782e-02  2.087025653876094233e-02  -9.712205317642322311e-02  4.594652891159057617e+00
1.945078588675514669e-02  -1.417755408621568791e-01  3.417702475572602094e-01  1.232835470314417037e-01  -5.037111924108608058e-02  -6.358558063830825613e-02  4.625746011734008789e+00
6.810795405410814685e-02  -4.344084892761672090e-01  1.382702681486433383e+00  4.353636497687123769e-02  -5.963680680645337684e-02  -2.800414523478709020e-02  4.663699865341186523e+00
1.243025501939408334e-01  -6.282642574010874892e-01  2.677589664441500261e+00  2.811331866746501554e-02  -7.188799153006972253e-02  2.791065517136209415e-02  4.703629016876220703e+00
2.048806380297016061e-01  -1.332646531412814639e+00  3.141592653589793116e+00  1.346151594565838869e-02  -5.889883932023433528e-03  5.872890309875491988e-02  4.741800069808959961e+00
2.726206401542878854e-01  -1.489527281811592552e+00  3.141592653589793116e+00  -1.269553503116988176e-02  1.876595107427581066e-02  1.045423910053963207e-01  4.780440092086791992e+00
3.040405122380984149e-01  -1.633732220720888861e+00  3.141592653589793116e+00  -3.276870008357623404e-02  -5.881280907847581847e-03  1.453974907043290576e-01  4.816066980361938477e+00
3.523462953223815974e-01  -1.724196220856221151e+00  3.141592653589793116e+00  -5.659568169009391442e-02  -2.178023025218277578e-02  1.806894587109867389e-01  4.850135087966918945e+00
3.854750160592917418e-01  -1.805175814865614514e+00  3.141592653589793116e+00  -6.814404394172376978e-02  -7.448223228172641541e-02  2.230677952360211602e-01  4.877731084823608398e+00
4.290645074352647526e-01  -1.886886287929602446e+00  3.141592653589793116e+00  -9.113634587054968150e-02  -1.004274821370565729e-01  2.554937644630334570e-01  4.909867048263549805e+00
4.549179582433930946e-01  -1.961825922506261533e+00  3.141592653589793116e+00  -1.234575348965001040e-01  -6.259257479564594995e-02  2.803000757337869575e-01  4.944823980331420898e+00
4.813656630826275706e-01  -2.050638534473369745e+00  3.141592653589793116e+00  -1.411234477796007580e-01  5.165949135895128719e-02  3.186871521308465849e-01  4.978772878646850586e+00
7.451747111748954211e-01  -2.608705959992477563e+00  3.141592653589793116e+00  -4.577205833833265514e-01  -1.385094969066234284e-02  5.905649771818072269e-01  5.014220952987670898e+00
7.664884789321574354e-01  -2.663295454125069295e+00  3.141592653589793116e+00  -4.814826338233360037e-01  -1.391591562685264363e-02  6.140412689907436272e-01  5.052036046981811523e+00
7.780931513657655119e-01  -2.700459318794544927e+00  3.141592653589793116e+00  -4.979041055318635389e-01  1.554786544638067300e-02  6.327829297716430768e-01  5.084503889083862305e+00
7.921258918940355942e-01  -2.717655234189919167e+00  3.141592653589793116e+00  -5.173779108258110826e-01  -3.977159720690979193e-03  6.505760689194769464e-01  5.114594936370849609e+00
8.104800721928733243e-01  -2.752122046364126717e+00  3.141592653589793116e+00  -5.291435627723840573e-01  2.615097037638476271e-02  6.707535512951506851e-01  5.144602060317993164e+00
8.243334852962151960e-01  -2.774990470760064110e+00  3.141592653589793116e+00  -5.568806722101694584e-01  -1.959087177708151127e-03  6.941321402213406211e-01  5.173516988754272461e+00
8.501604780439731002e-01  -2.819335033280758296e+00  3.141592653589793116e+00  -5.846345583420569092e-01  -1.534586604233576998e-02  7.192782754418005631e-01  5.204143047332763672e+00
8.526963326504648499e-01  -2.803804491335636584e+00  3.141592653589793116e+00  -6.104998943388879606e-01  8.810273591690409101e-04  7.340013355591926691e-01  5.233721017837524414e+00
8.759556480523207345e-01  -2.814194314443962064e+00  3.141592653589793116e+00  -6.399066302121223515e-01  3.464121287846821245e-02  7.645371164925752749e-01  5.269397020339965820e+00
9.811385703760315824e-01  -2.789967202553816250e+00  3.141592653589793116e+00  -9.158116593589417098e-01  6.675441372779476745e-02  9.919783151778390762e-01  5.306896924972534180e+00
9.765016743260244159e-01  -2.820231702339850433e+00  3.141592653589793116e+00  -9.534429633776819735e-01  1.652567266395037898e-02  1.022223195600880263e+00  5.338876008987426758e+00
9.752046024387323042e-01  -2.828736965932737935e+00  3.141592653589793116e+00  -9.754048901405956151e-01  8.017137309706545700e-02  1.038326873654755733e+00  5.373419046401977539e+00
9.886556624661944070e-01  -2.886608592460113698e+00  3.141592653589793116e+00  -1.010843933387617577e+00  4.122565138528167666e-02  1.060684305882476419e+00  5.411499977111816406e+00
9.844685049030418300e-01  -2.898313385228956207e+00  3.141592653589793116e+00  -1.035256924591540173e+00  7.333698634445992570e-02  1.066238539436427546e+00  5.444936037063598633e+00
9.937156982282489004e-01  -2.904611909595366193e+00  3.141592653589793116e+00  -1.045868379744865795e+00  -1.198128479012658745e-02  1.091396551383280622e+00  5.477957963943481445e+00
1.082916163411113963e+00  -2.961430958270176106e+00  3.141592653589793116e+00  -1.272284376763197944e+00  1.401431165523946698e-01  1.349225070325351661e+00  5.516217947006225586e+00
1.088784264760108478e+00  -2.929511903931884653e+00  3.141592653589793116e+00  -1.284588418386283681e+00  -5.451258796165144721e-02  1.360398261085966176e+00  5.550591945648193359e+00
1.125834226611221789e+00  -3.037061169450513187e+00  3.141592653589793116e+00  -1.339997668959832300e+00  3.429576303914346203e-01  1.362436536389695974e+00  5.584038019180297852e+00
1.083470956868126445e+00  -2.991484778262809119e+00  3.141592653589793116e+00  -1.373330115523088590e+00  -8.623635444228150426e-02  1.382442097370608414e+00  5.630918025970458984e+00
1.098843296796947033e+00  -3.002511663165453371e+00  3.141592653589793116e+00  -1.408677685716585026e+00  1.564111290125799747e-02  1.413736760325735808e+00  5.666065931320190430e+00
0.000000000000000000e+00  0.000000000000000000e+00  0.000000000000000000e+00  0.000000000000000000e+00  0.000000000000000000e+00  0.000000000000000000e+00  5.701416969299316406e+00
0.000000000000000000e+00  0.000000000000000000e+00  0.000000000000000000e+00  0.000000000000000000e+00  0.000000000000000000e+00  0.000000000000000000e+00  5.735372066497802734e+00
0.000000000000000000e+00  0.000000000000000000e+00  0.000000000000000000e+00  0.000000000000000000e+00  0.000000000000000000e+00  0.000000000000000000e+00  5.773721933364868164e+00
-3.141592653589793116e+00  -5.134095003938187185e-01  7.529210074897568772e-01  -2.832196633619536996e-01  -2.873402748060120082e+00  -6.374065473958013817e-01  6.593098878860473633e+00
3.141592653589793116e+00  -3.832372326720748790e-01  5.837122296129793053e-01  -2.820136462169842706e-01  3.141592647885863787e+00  -6.493417639210784520e-01  6.668596982955932617e+00
3.141592653589793116e+00  -1.436550669895919619e-01  3.338938063254749955e-01  9.029654542859367750e-01  3.141592653589793116e+00  -5.339847613769845847e-01  6.757531881332397461e+00
3.141592653589793116e+00  3.065690907229023932e-01  -1.581783060133804542e-01  5.725036503139506738e-01  3.141592653589793116e+00  -4.256833128878694250e-01  6.834317922592163086e+00
3.141592653589793116e+00  5.659798349383510230e-01  -4.418686713603464100e-01  -9.814356116038648326e-01  3.141592653589793116e+00  -3.116705802855198604e-01  6.890542984008789062e+00
3.141592653589793116e+00  7.154557354892815413e-01  -6.251352423535170288e-01  -1.044073897977011445e+00  3.141592653589793116e+00  -3.597244473938295828e-01  6.941297054290771484e+00
3.141592653589793116e+00  9.769837135498392611e-01  -4.544534692497519957e-01  6.902094101254558911e-01  3.042984349862547955e+00  -3.363906223664331341e-01  7.018620014190673828e+00
1.551311266606743899e+00  1.434458553351730448e+00  -1.293433835289450551e+00  -1.834607325266988775e+00  2.355141070698731021e+00  -2.134438624864548883e-01  7.099143028259277344e+00
3.141592653589793116e+00  1.568298636772770704e+00  -1.424651016851397500e+00  -1.855013830659351548e+00  3.141592653589793116e+00  -1.827350761484980990e-01  7.156111955642700195e+00
2.527516444326048273e+00  1.790912594796322477e+00  -1.613304114970514735e+00  -1.961653702687800704e+00  3.053019360117787517e+00  -1.677086411133171251e-01  7.222568035125732422e+00
3.141592653589793116e+00  1.919028974938734811e+00  -1.705596105590839962e+00  -1.995901551578855626e+00  3.141592653589793116e+00  -9.467879441733885459e-02  7.286006927490234375e+00
3.141592653589793116e+00  3.141592653589793116e+00  -3.141592653589793116e+00  -3.141592653589793116e+00  3.141592653589793116e+00  2.742639753312429152e-01  7.343364953994750977e+00
3.141592653589793116e+00  3.141592653589793116e+00  -3.141592653589793116e+00  -3.141592653589793116e+00  3.141592653589793116e+00  2.974549092180007182e-01  7.391653060913085938e+00
3.141592649362511036e+00  3.141592265125079830e+00  -3.141592406702253371e+00  -3.141591664376262028e+00  3.141592330122136900e+00  3.175457487163632631e-01  7.444519996643066406e+00
3.141592653589793116e+00  3.141592653589793116e+00  -3.141592653589793116e+00  -3.141592653589793116e+00  3.141592653589793116e+00  3.297556745782511678e-01  7.491293907165527344e+00
3.141592653589793116e+00  3.141592653589793116e+00  -3.141592653589793116e+00  -3.141592653589793116e+00  3.141592653589793116e+00  3.416972490538220386e-01  7.544475078582763672e+00
3.141592653589793116e+00  3.141592653589793116e+00  -3.141592653589793116e+00  -3.141592641900183391e+00  3.141592653589793116e+00  3.642188107857784463e-01  7.603641033172607422e+00
3.141592653589793116e+00  3.141592635098681363e+00  -3.141592650174899859e+00  -3.141592547786907108e+00  3.141592653589793116e+00  4.248137325563437483e-01  7.661771059036254883e+00
3.141592653589793116e+00  3.141592454078700136e+00  -3.141592577845742085e+00  -3.141592238576267349e+00  3.141592653589793116e+00  4.774065191433675692e-01  7.714372873306274414e+00
3.141592653589793116e+00  1.470538391981031534e+00  -1.382645616121086718e+00  -8.833393101610935091e-03  1.696313305196028853e+00  5.753655429786126430e-01  7.794990062713623047e+00
5.888623325874151604e-01  -3.141592590348677216e+00  3.141590349149300465e+00  -3.141489916530538995e+00  -1.895802023128461966e-01  6.372492085803412032e-02  7.842686891555786133e+00
5.458414359333654264e-01  -3.141583020611595334e+00  3.141357320502114803e+00  -3.131807832905640687e+00  -3.949447284214879783e-01  2.153630097521858910e-01  7.931737899780273438e+00
6.803229055274006010e-01  -3.141592587466350839e+00  3.141589786453050870e+00  -3.141129932736443475e+00  -9.523850593380254193e-01  4.631113942854237497e-01  7.999727964401245117e+00
4.549326662465054127e-01  -8.035358558820954178e-01  1.373085944652376433e+00  2.289197950421885785e+00  -1.502127979206183239e+00  5.953842117446550564e-01  8.068136930465698242e+00
1.445187672026714831e-01  -9.288228066543333661e-01  1.487149526916855091e+00  2.155810566087380753e+00  -1.614361095555398640e+00  5.324305033760420303e-01  8.133347988128662109e+00
2.458046092192607557e-02  -9.317886145685753130e-01  1.468394623899079265e+00  2.781209823672929904e+00  -1.672380122102144151e+00  5.132337181671666748e-01  8.175504922866821289e+00
-1.377558672275730756e-01  -8.575745945128527836e-01  1.375652074287098792e+00  2.971418584359311055e+00  -1.705346651873722807e+00  5.287537200476440935e-01  8.226530075073242188e+00
-2.507930111848730714e-01  -8.251893040637804377e-01  1.354237781357711556e+00  3.054448967373617041e+00  -1.768122216223034782e+00  5.422818472220862773e-01  8.262482881546020508e+00
-1.459531852601685387e+00  -7.341941138635743602e-01  1.331098110078521968e+00  3.096313772944914611e+00  -2.070041770346337628e+00  7.508430076454372104e-01  8.301264047622680664e+00
-1.525958162729939449e+00  -7.600210735188723810e-01  1.311611211574894353e+00  3.093744209357438102e+00  -2.051184048637032298e+00  7.538995200847371514e-01  8.340942859649658203e+00
-1.574133741385748131e+00  -7.802681169494326552e-01  1.280117832284745072e+00  3.118316801017218864e+00  -2.016571969627281025e+00  7.609654739900081344e-01  8.384788990020751953e+00
-2.017106174424507792e+00  -8.909720742368739677e-01  1.211090233046578923e+00  3.141592653589793116e+00  -2.020564530140901205e+00  9.719231846194335001e-01  8.418210029602050781e+00
-2.056287867989546658e+00  -9.103911396986155147e-01  1.193100920113512542e+00  3.141592653589793116e+00  -1.998217220765799551e+00  9.807135303827072548e-01  8.469543933868408203e+00
-2.086900091216489006e+00  -9.245194597118360225e-01  1.183922829069760763e+00  3.141592653589793116e+00  -1.983517081618060951e+00  9.843596193659380766e-01  8.514740943908691406e+00
-2.113154693707213649e+00  -9.527378096790404260e-01  1.172711783399181584e+00  3.141592653589793116e+00  -1.970443445173350350e+00  9.981575491265959332e-01  8.548660039901733398e+00
-2.153616583302435217e+00  -9.712446882927796565e-01  1.172941546523809775e+00  3.141592653589793116e+00  -1.959696055561879868e+00  1.006167794526412251e+00  8.590317010879516602e+00
-2.270276741922006014e+00  -1.691891188377377953e+00  9.179700715627949759e-01  3.141592653589793116e+00  -1.843257611022850906e+00  1.241272677956381187e+00  8.630486011505126953e+00
-2.241494113630915219e+00  -1.744357490684903533e+00  9.199008451916432794e-01  3.141592653589793116e+00  -1.814695269665741684e+00  1.291583623050394314e+00  8.664985895156860352e+00
-2.315538828657302428e+00  -1.710126093773630895e+00  9.080742001728498991e-01  3.141592653589793116e+00  -1.809047989171438164e+00  1.317135179603553308e+00  8.704216003417968750e+00
-2.366913036137117565e+00  -1.788112349085005048e+00  8.778257856852220709e-01  3.141592653589793116e+00  -1.763999485305807413e+00  1.303260632678680642e+00  8.749749898910522461e+00
-2.358846376225813835e+00  -1.797968665123295118e+00  8.766400902103371751e-01  3.141592653589793116e+00  -1.739203933205249575e+00  1.332589702971175516e+00  8.794216871261596680e+00
0.000000000000000000e+00  0.000000000000000000e+00  0.000000000000000000e+00  0.000000000000000000e+00  0.000000000000000000e+00  0.000000000000000000e+00  8.830726861953735352e+00
0.000000000000000000e+00  0.000000000000000000e+00  0.000000000000000000e+00  0.000000000000000000e+00  0.000000000000000000e+00  0.000000000000000000e+00  8.868555068969726562e+00
0.000000000000000000e+00  0.000000000000000000e+00  0.000000000000000000e+00  0.000000000000000000e+00  0.000000000000000000e+00  0.000000000000000000e+00  8.916476011276245117e+00
3.141592653589793116e+00  3.590562460423329938e-01  -1.993937434528872399e-01  -1.251517954191485871e-01  2.757963659425963776e+00  4.002296888259055385e-01  9.723456859588623047e+00
3.141592645548798135e+00  8.525581675622031508e-01  -9.397785579141416656e-01  -3.135749305883465954e-02  3.141591793136172761e+00  2.666863612938388250e-01  9.807714939117431641e+00
3.141592653589793116e+00  5.653471252409899561e-01  -7.996499619427839267e-01  4.314466858973607655e-02  3.141592653589793116e+00  1.119795401136927382e-01  9.887028932571411133e+00
3.141592653589793116e+00  -6.472755671375364506e-02  2.226343051194890899e-01  8.954781220675884779e-01  3.141592653589793116e+00  1.514853399009607471e-01  9.950021982192993164e+00
3.141592624460137539e+00  -4.932228317313964161e-01  5.720825139002266857e-01  9.869896742556892866e-01  1.690998764849655611e+00  -1.866823462731937999e-01  1.004485702514648438e+01
3.141592653589793116e+00  -9.193216516641204358e-03  3.815472604354519515e-01  9.440977642946922765e-01  3.141592653589793116e+00  -2.932543587867290080e-01  1.009760594367980957e+01
3.141592653589793116e+00  9.724173572091353579e-01  -7.566155759737657194e-01  9.460993774310306748e-01  -3.141592653589793116e+00  -1.822160746373411855e-01  1.017594289779663086e+01
3.141592653589793116e+00  -6.884744376391468967e-02  3.080617754066949932e-01  6.627701294307671853e-01  3.141592653589793116e+00  -4.511652436938444199e-01  1.027368688583374023e+01
3.141592653589793116e+00  -8.710503644298364101e-01  1.141851049629465820e+00  1.479098097873591922e+00  2.568665116855743502e+00  -5.050903463371112512e-01  1.037131094932556152e+01
3.141592653589793116e+00  -4.160587773262951483e-01  5.897513786023980131e-01  6.508132112305788919e-01  2.739327759375568050e+00  -4.696074595135726892e-01  1.044374704360961914e+01
3.141592653589793116e+00  3.176075814862320268e-01  -1.370096936619079331e-01  -2.688999626682160235e-02  3.141592653589793116e+00  -5.388023174737061050e-01  1.052453494071960449e+01
1.889750591987688688e+00  3.141592653589793116e+00  -3.141592653589793116e+00  -3.141592653589793116e+00  3.141592653589793116e+00  -6.857735922303341836e-01  1.058335804939270020e+01
1.808894462563280126e+00  3.141592653589793116e+00  -3.141592653589793116e+00  -3.141592653589793116e+00  3.141592653589793116e+00  -6.678010307444915972e-01  1.064609503746032715e+01
1.189184173100384045e+00  3.141592653589793116e+00  -3.141592653589793116e+00  -3.141592653589793116e+00  3.141592653589793116e+00  -6.668088937330621802e-01  1.069538187980651855e+01
5.142644452541801359e-01  3.141592653589793116e+00  -3.141592653589793116e+00  -3.141592614011619933e+00  3.141592651709467443e+00  -6.961670179288571569e-01  1.073952698707580566e+01
4.365312883761430229e-01  3.141592653589793116e+00  -3.141592653589793116e+00  -3.141592634103356652e+00  3.141592653589793116e+00  -6.906081870552984725e-01  1.079499888420104980e+01
3.692092260849844099e-01  3.141592653589793116e+00  -3.141592653589793116e+00  -3.141592638040160423e+00  3.141592653589793116e+00  -6.918604285145731891e-01  1.084607291221618652e+01
2.935798041879034148e-01  3.141592653589793116e+00  -3.141592653589793116e+00  -3.141592649734113341e+00  3.141592653589793116e+00  -6.844940673023720557e-01  1.089772605895996094e+01
1.787106943879848420e-01  3.141592653589793116e+00  -3.141592653589793116e+00  -3.141592653589793116e+00  3.141592653589793116e+00  -6.735913771517033632e-01  1.093909096717834473e+01
5.267700527996171944e-02  3.141592653589793116e+00  -3.141592653589793116e+00  -3.141592653589793116e+00  3.141592653589793116e+00  -6.481178343352963500e-01  1.098573899269104004e+01
-1.803587577242377893e-01  3.141592653589793116e+00  -3.141592653589793116e+00  -3.141592653589793116e+00  3.141592653589793116e+00  -6.230683837135937431e-01  1.103569602966308594e+01
-5.062471371213224103e-01  3.141592653589793116e+00  -3.141592653589793116e+00  -3.141592646989490145e+00  3.141592631491807008e+00  -6.089329879737160889e-01  1.108380699157714844e+01
-8.773035528285424434e-01  3.141592653589793116e+00  -3.141592653589793116e+00  -3.141592653589793116e+00  3.141592653589793116e+00  -5.942413986960114469e-01  1.112520599365234375e+01
-1.212223593624920381e+00  3.141592653589793116e+00  -3.141592653589793116e+00  -3.141592653589793116e+00  3.141592653589793116e+00  -5.825047667531048079e-01  1.116949200630187988e+01
-2.643962245777795594e+00  3.141592585285382544e+00  -3.141592621886343473e+00  -3.141592582801215450e+00  7.023810327359788497e-01  -6.385994528498467604e-01  1.122491908073425293e+01
-2.837621676050726460e+00  2.185285446878245441e+00  -2.254953994706243581e+00  -2.104975556221728716e+00  -1.103161284645965745e+00  -6.036448857820659875e-01  1.128705000877380371e+01
-2.954553205097352642e+00  1.732420102032632192e+00  -1.775146763140405204e+00  -1.765629818984231658e+00  -2.378039260020408552e+00  -5.917681903404021782e-01  1.134194207191467285e+01
-2.931575866823432186e+00  4.528727283423495398e-01  -4.595459195845196243e-01  -1.020277284195336476e+00  -3.141592653589793116e+00  -5.614324053551426053e-01  1.139073204994201660e+01
-3.035056153780347987e+00  -1.767233772549018506e-02  -1.265176086618763178e-02  -7.145190898447940642e-01  -3.141592653589793116e+00  -5.521378910832065445e-01  1.144928097724914551e+01
-2.927055035598772115e+00  -7.907346365218892448e-01  6.688664813857947422e-01  -1.590116464592457868e-01  -3.141592653589793116e+00  -5.485297485336293466e-01  1.149039387702941895e+01
-2.959884754520335726e+00  -1.393892915373643682e+00  1.234351060440383119e+00  3.792317525437619019e-01  -3.141592447632432616e+00  -5.143653200338887954e-01  1.154058599472045898e+01
-2.928017206668419803e+00  -2.351796769642201745e+00  2.283705098293517644e+00  2.027899400562434451e+00  -3.141592653589793116e+00  -4.823848450077375949e-01  1.158176708221435547e+01
-2.897224398208077645e+00  -2.648031722417004019e+00  2.566274857231633177e+00  2.393108835619716324e+00  -3.100508564238791731e+00  -4.294829484378689388e-01  1.163001608848571777e+01
-2.810360500413465967e+00  -2.686871264346390564e+00  2.588650631484230580e+00  2.412146593313755805e+00  -3.014112275173128186e+00  -4.162647770557781901e-01  1.167397689819335938e+01
-2.718492894565102791e+00  -2.722900172706907984e+00  2.639856585292908786e+00  2.469363762943992846e+00  -2.936234289997939229e+00  -4.035446009597615236e-01  1.172115802764892578e+01
-2.685953102554658134e+00  -2.769710683151778152e+00  2.693740478562329344e+00  2.526029527116252726e+00  -2.937752084738001201e+00  -3.941733383130054391e-01  1.175706005096435547e+01
-2.681218954374017471e+00  -2.799261188079411156e+00  2.729071106947342784e+00  2.577835920450379792e+00  -2.931854883724038796e+00  -3.874509598743955952e-01  1.179090690612792969e+01
-2.647103772983330661e+00  -2.834951386153249153e+00  2.762245375051162632e+00  2.628750355004345618e+00  -2.927614475496791879e+00  -3.810092347558914905e-01  1.182710886001586914e+01
-2.592043292585744396e+00  -2.824741124973350281e+00  2.753074243444466163e+00  2.636218637709305312e+00  -2.867541932102695146e+00  -3.695064201909176727e-01  1.186051988601684570e+01
-2.501963217402942252e+00  -2.844480017437717834e+00  2.754408566849217532e+00  2.635390926658302657e+00  -2.759328955270579975e+00  -3.525224487423899156e-01  1.189194488525390625e+01
-2.488061461277358610e+00  -2.854033165081079293e+00  2.789450709185690158e+00  2.689392636571079631e+00  -2.758765569012181729e+00  -3.536052168309941068e-01  1.192764687538146973e+01
-2.365400422620301146e+00  -2.854572892340747181e+00  2.790013039163028452e+00  2.727648339764795260e+00  -2.653044666902920845e+00  -3.317664820359115807e-01  1.196869087219238281e+01
-2.351027002695445844e+00  -2.838484816844153880e+00  2.811560139714662121e+00  2.740689686140174608e+00  -2.603366106601762375e+00  -3.388791683385165010e-01  1.200525307655334473e+01
-2.287936664552276511e+00  -2.843059868722150441e+00  2.771837644788568866e+00  2.719479983378798149e+00  -2.520892194414471987e+00  -3.385490814573670626e-01  1.204089593887329102e+01
0.000000000000000000e+00  0.000000000000000000e+00  0.000000000000000000e+00  0.000000000000000000e+00  0.000000000000000000e+00  0.000000000000000000e+00  1.207693600654602051e+01
0.000000000000000000e+00  0.000000000000000000e+00  0.000000000000000000e+00  0.000000000000000000e+00  0.000000000000000000e+00  0.000000000000000000e+00  1.210980200767517090e+01
0.000000000000000000e+00  0.000000000000000000e+00  0.000000000000000000e+00  0.000000000000000000e+00  0.000000000000000000e+00  0.000000000000000000e+00  1.214242601394653320e+01
-6.082531880468514673e-01  1.262854361581666529e+00  -1.745573147586880980e+00  2.184715364632924262e-01  -4.654647391126044676e-04  -5.593650028434370425e-01  1.295419597625732422e+01
1.193389068486695737e-02  3.087660926854723376e-01  -1.741726599705196166e-01  7.333983756860512626e-02  9.509103990015818977e-03  -6.141395774214494091e-02  1.301288890838623047e+01
1.177530691210939250e-02  3.134952166479922919e-01  -1.730590150208169142e-01  2.489628945552449166e-02  6.651260262946852297e-02  -1.770514192853575239e-02  1.304193186759948730e+01
-7.006515854522005204e-01  1.439472802980252153e+00  -2.019507401616649656e+00  2.451027646779102565e-01  -1.958177355596209604e-02  -5.952471689922936848e-01  1.307304406166076660e+01
-8.572181658067299370e-01  1.682520649595816042e+00  -2.315010693794180785e+00  2.509044261462589631e-01  -2.584497654587649546e-02  -7.002565833499334591e-01  1.311288595199584961e+01
-1.000428151213087480e+00  1.893556158035186510e+00  -2.500707962133455808e+00  2.926869250897759511e-01  8.010342364816774169e-03  -8.115243569598248330e-01  1.315202498435974121e+01
-1.063243313773927223e+00  1.978372495544493015e+00  -2.576350539211493373e+00  3.043295819266513269e-01  -1.470795924841523765e-02  -8.813812460144958560e-01  1.319227600097656250e+01
-1.120028874109159522e+00  2.049188277599660157e+00  -2.656452866742595731e+00  3.163567650294416556e-01  -4.007485110285069485e-02  -9.310113639140832342e-01  1.322800087928771973e+01
-1.152881878300197283e+00  2.099539383769151168e+00  -2.702496598203683043e+00  3.271231671393516338e-01  -1.348965062556293712e-02  -9.651733398245656570e-01  1.325291204452514648e+01
-1.199255512253624145e+00  2.160248289406672573e+00  -2.771095440408956723e+00  3.364598521654100782e-01  -3.534868056151488358e-02  -1.002922434261118267e+00  1.328693509101867676e+01
-1.251995260608877114e+00  2.228962150130153752e+00  -2.822931974471289074e+00  3.517252859088458306e-01  -4.748601697208330169e-02  -1.054984338381836695e+00  1.332348108291625977e+01
-1.297497990433348791e+00  2.271652979187189114e+00  -2.840029113880790046e+00  3.666595881558826764e-01  -3.921675795033191525e-03  -1.102814192064214716e+00  1.335579705238342285e+01
-1.315797973129328335e+00  2.292479313672919350e+00  -2.834128281807483773e+00  3.700115150762562921e-01  -5.816859303464916309e-02  -1.123747291849487295e+00  1.338562107086181641e+01
-1.606732606990304291e+00  2.423919361587766108e+00  -2.834307604045891438e+00  4.537540345152084043e-01  1.649126864559118111e-02  -1.416326453292695353e+00  1.341203403472900391e+01
-1.624223747267613760e+00  2.453628565230882241e+00  -2.851437495935433386e+00  4.574999203800781400e-01  -2.549243685692852493e-02  -1.446176736150930342e+00  1.344452786445617676e+01
-1.637691093000268827e+00  2.476903123410699070e+00  -2.854464868017088541e+00  4.607088786817869486e-01  4.550717969590961642e-02  -1.446025932892052612e+00  1.347954607009887695e+01
-1.656568796881899841e+00  2.513708055867731161e+00  -2.893218242177508781e+00  4.697819359073368561e-01  -3.378233623137828767e-02  -1.469500027722616675e+00  1.351999902725219727e+01
-1.669038690993559948e+00  2.540400387841057928e+00  -2.893395944515159357e+00  4.772747329612162526e-01  1.457140964328710805e-02  -1.489827160732490441e+00  1.355759406089782715e+01
-1.695714067830299543e+00  2.552368375036599524e+00  -2.903448475747262503e+00  4.872391783164657930e-01  3.532888295322780120e-02  -1.501880045240782335e+00  1.358870196342468262e+01
-1.735719292564663618e+00  2.509580641468477147e+00  -2.908445563882506413e+00  5.526262517948543618e-01  2.928961871832460595e-01  -1.685766354141386536e+00  1.362180995941162109e+01
-1.791702449103776074e+00  2.586093246541289581e+00  -2.956889895851649630e+00  5.560753393880414341e-01  2.129177584836020320e-01  -1.705288660967069658e+00  1.370398306846618652e+01
-1.845100763379002862e+00  2.601924127863046277e+00  -2.973607063717527144e+00  5.514119956938029476e-01  2.524143817483688879e-01  -1.735575909085182111e+00  1.373572707176208496e+01
-1.802374455357826921e+00  2.630973958920277855e+00  -2.953135722540731312e+00  5.875855420165824183e-01  3.768874734724467768e-01  -1.760562865375449926e+00  1.377328991889953613e+01
0.000000000000000000e+00  0.000000000000000000e+00  0.000000000000000000e+00  0.000000000000000000e+00  0.000000000000000000e+00  0.000000000000000000e+00  1.380472087860107422e+01
0.000000000000000000e+00  0.000000000000000000e+00  0.000000000000000000e+00  0.000000000000000000e+00  0.000000000000000000e+00  0.000000000000000000e+00  1.383584904670715332e+01
0.000000000000000000e+00  0.000000000000000000e+00  0.000000000000000000e+00  0.000000000000000000e+00  0.000000000000000000e+00  0.000000000000000000e+00  1.386976599693298340e+01
1.849715695103706405e-03  6.862128511505551781e-03  2.456521004781996725e-02  5.480640544184185031e-02  3.269797528273275106e-02  -5.525204519448971389e-03  1.469377088546752930e+01
1.173505112151695083e-03  -2.556247490893948093e-02  9.301300632123565490e-03  5.418309240036155161e-02  2.614738134444979240e-02  -3.965620233885503582e-02  1.473576903343200684e+01
2.916149969594165631e-03  2.544115042372841352e-03  4.478606325673244876e-02  1.075509273522510904e-02  -3.461752296561135950e-02  -1.575172049377539935e-02  1.476000595092773438e+01
8.153472084667589062e-03  -3.765927208737413628e-02  4.216394581134630948e-01  3.261067632799324878e-02  2.457904962545642835e-02  -2.970696371294682600e-02  1.479038286209106445e+01
2.721724988300766937e-02  -2.518758325768374884e-01  1.140744780762461108e+00  1.664880767523417224e-02  7.313753083243360216e-03  3.139088185727552383e-02  1.481897902488708496e+01
4.505681850732112109e-02  -6.553723068861552203e-01  2.366090384934369961e+00  9.647654212842566787e-03  4.200485571661847356e-02  -3.290698537788411347e-03  1.485978889465332031e+01
6.362299389493689117e-02  -1.065767932219658709e+00  3.141592653589793116e+00  -1.985867154185915265e-02  3.314041957749984130e-03  8.861407905657162076e-03  1.489800190925598145e+01
9.525926356868383293e-02  -1.206087652973617308e+00  3.141592653589793116e+00  -5.741931236445622921e-02  6.217639409372164444e-02  3.178603130507395846e-02  1.494009590148925781e+01
1.148406692688539732e-01  -1.379514930716804200e+00  3.141592653589793116e+00  -8.900722010352198066e-02  5.941432938266531100e-02  5.110530462739315549e-02  1.497593688964843750e+01
1.268382026801194162e-01  -1.455623973559603934e+00  3.141592653589793116e+00  -1.146826755931848602e-01  3.628685160737610271e-02  5.944595532393018300e-02  1.500949406623840332e+01
1.412580698277911273e-01  -1.547420205002847160e+00  3.141592653589793116e+00  -1.325169977554860601e-01  9.999046377443334549e-03  7.515735961919578489e-02  1.504323792457580566e+01
1.550871317021454421e-01  -1.628677889284040559e+00  3.141592653589793116e+00  -1.548831501749146355e-01  3.856085995576859909e-02  9.281611229547857833e-02  1.507385706901550293e+01
1.748906833067198907e-01  -1.719553110672883189e+00  3.141592653589793116e+00  -1.796245730972362287e-01  3.691559651750517951e-02  1.073103537055087042e-01  1.510318398475646973e+01
1.832768728781222767e-01  -1.800428871381770657e+00  3.141592653589793116e+00  -2.041544721990845579e-01  6.353530065074299016e-02  1.159291478866503605e-01  1.513670492172241211e+01
2.761860088451777440e-01  -2.567261547523386422e+00  3.141592653589793116e+00  -5.239773174218042007e-01  -1.971720341434546331e-02  2.264113864575596213e-01  1.516724395751953125e+01
2.848533098862541801e-01  -2.606207121995482545e+00  3.141592653589793116e+00  -5.451053892760356900e-01  -1.955181171676417112e-02  2.358335766760175367e-01  1.519909906387329102e+01
2.929028344898912950e-01  -2.641868805963186073e+00  3.141592653589793116e+00  -5.584678270968074232e-01  -2.686324555043177742e-02  2.414924495329682508e-01  1.522981786727905273e+01
2.948010882065817406e-01  -2.677923506662357678e+00  3.141592653589793116e+00  -5.754913847735024790e-01  -4.775242914812726641e-02  2.478179035720284862e-01  1.526283502578735352e+01
2.999835692230689577e-01  -2.719524180468592789e+00  3.141592653589793116e+00  -5.971141522688170333e-01  -3.772342260776719025e-02  2.579229531009162302e-01  1.529117798805236816e+01
3.099863928477126218e-01  -2.762776749959135358e+00  3.141592653589793116e+00  -6.256945061481710146e-01  -7.136477639233785274e-03  2.688845116489208542e-01  1.532514500617980957e+01
3.207623976975929603e-01  -2.783856810839719476e+00  3.141592653589793116e+00  -6.543906047644130197e-01  -3.980515909250231799e-02  2.775423837761922807e-01  1.535739898681640625e+01
3.237876021683039340e-01  -2.802036988269985152e+00  3.141592653589793116e+00  -6.851720569437967923e-01  -5.323656170885061704e-03  2.865114678660074521e-01  1.539647507667541504e+01
3.252180456477986037e-01  -2.793774850686555844e+00  3.141592622755430497e+00  -7.050211189453937655e-01  -4.967416490065597323e-02  2.954255276821714515e-01  1.543836903572082520e+01
3.858330626089709892e-01  -2.835832899026285769e+00  3.141592581506663873e+00  -9.924961301975044892e-01  -1.002211603822290992e-01  4.017320633273148700e-01  1.547397494316101074e+01
3.830802946532930742e-01  -2.821292804363797480e+00  3.141592653589793116e+00  -1.012053838483908175e+00  -1.081811973169678198e-01  4.043051599955291286e-01  1.550859093666076660e+01
3.841665130185428212e-01  -2.848757885782747579e+00  3.141592653589793116e+00  -1.033472234930096212e+00  -7.867703990654452417e-02  4.090896320329305280e-01  1.554345107078552246e+01
3.942654334562453178e-01  -2.860987269500633090e+00  3.141592653589793116e+00  -1.047530442085990332e+00  -8.300422649594728711e-03  4.133001735992685721e-01  1.557553887367248535e+01
3.963940176744090715e-01  -2.879373223113804503e+00  3.141592653589793116e+00  -1.082227788032296578e+00  -7.656126881766613101e-02  4.282375907075526289e-01  1.560940289497375488e+01
3.998873438669862113e-01  -2.897705454501646738e+00  3.141592555540437370e+00  -1.128141260533337409e+00  -1.501592596757043707e-01  4.414859602350327261e-01  1.564314389228820801e+01
4.443159222717500967e-01  -2.935146627316611578e+00  3.141592610396330976e+00  -1.357602413088834448e+00  -1.098492294328639041e-01  5.608656826643823035e-01  1.568150997161865234e+01
4.494915591970867763e-01  -2.936292891817379846e+00  3.141592653589793116e+00  -1.374127035920196915e+00  3.178022796077091539e-02  5.580853347931408193e-01  1.570994901657104492e+01
4.571617016912598586e-01  -2.970428698787836108e+00  3.141592653589793116e+00  -1.411206159035168772e+00  1.039101756954003142e-01  5.728440219171829773e-01  1.574875903129577637e+01
4.776716756387912599e-01  -2.967537944292407914e+00  3.141592653589793116e+00  -1.403900158015456201e+00  1.080385645014570323e-01  5.980392994450017818e-01  1.579038190841674805e+01
4.842193110492956087e-01  -3.009956163378278760e+00  3.141592653589793116e+00  -1.457166804158653406e+00  -1.941452632656877619e-01  6.066051590610269661e-01  1.582444000244140625e+01
0.000000000000000000e+00  0.000000000000000000e+00  0.000000000000000000e+00  0.000000000000000000e+00  0.000000000000000000e+00  0.000000000000000000e+00  1.586174106597900391e+01
0.000000000000000000e+00  0.000000000000000000e+00  0.000000000000000000e+00  0.000000000000000000e+00  0.000000000000000000e+00  0.000000000000000000e+00  1.589883804321289062e+01
0.000000000000000000e+00  0.000000000000000000e+00  0.000000000000000000e+00  0.000000000000000000e+00  0.000000000000000000e+00  0.000000000000000000e+00  1.592929196357727051e+01
-3.141592653589793116e+00  -6.566373065345855187e-01  9.067855912736675350e-01  -3.795314202529366243e-01  -2.741549152593187877e+00  -7.055400603354522460e-01  1.674592208862304688e+01
3.141592653589793116e+00  -4.795306536905972750e-01  7.043246722841987051e-01  -3.888121949730576343e-01  3.141592653589793116e+00  -6.168165697378745760e-01  1.683787703514099121e+01
3.141592653589793116e+00  -3.892209804897775460e-01  6.055980806890561841e-01  -4.402738402629349235e-01  3.141592653589793116e+00  -5.794926961374001761e-01  1.691299295425415039e+01
3.141592653589793116e+00  6.639085200572206191e-02  1.108054863918675054e-01  -5.864436459607074159e-01  3.141592653589793116e+00  -4.117997313565919804e-01  1.698011302947998047e+01
3.141592653589793116e+00  3.181393972732943776e-01  -1.748072221479055333e-01  6.079933869680688163e-01  3.141592653589793116e+00  -3.382546601610940673e-01  1.703328704833984375e+01
3.141592653589793116e+00  5.440377284055342155e-01  -3.936932987070457801e-01  1.038904517690796947e+00  3.141592653589793116e+00  -3.084892175047039276e-01  1.708430409431457520e+01
3.141592653589793116e+00  6.783212422535516151e-01  -5.709690884457457871e-01  9.441659311216288319e-01  3.141592653589793116e+00  -2.722008811483154211e-01  1.713550496101379395e+01
3.141592653589793116e+00  8.284566523502550073e-01  -7.283519788136305628e-01  8.858703453316781884e-01  3.141592653589793116e+00  -2.269856685956272713e-01  1.718629097938537598e+01
3.141592653589793116e+00  1.018255502336026463e+00  -9.081177975654453061e-01  7.217286485482680147e-01  3.141592653589793116e+00  -1.852805726624867921e-01  1.723635792732238770e+01
3.141592653589793116e+00  1.142497280622224887e+00  -1.045800914196280074e+00  9.546019260558727959e-01  3.141592653589793116e+00  -1.319952446090900122e-01  1.728925108909606934e+01
3.141592653589793116e+00  1.280336180167459537e+00  -1.215858657906530471e+00  -1.048322753557538123e+00  3.141592653589793116e+00  -1.413604248513333494e-01  1.734682297706604004e+01
3.141592653589793116e+00  1.416008160163241936e+00  -1.335737038842862212e+00  -1.029129893942859919e+00  3.141592653589793116e+00  -1.289806647088783398e-01  1.740786695480346680e+01
3.141592653589793116e+00  8.709980752070024534e-01  -1.442497036021603396e+00  -1.014726058593502955e+00  3.141592653589793116e+00  -2.308318457574697891e-01  1.746192407608032227e+01
2.760701507913772890e+00  -3.308363445614243559e-01  -4.346034963422752695e-02  1.739851130135792179e-01  3.079681368616108195e+00  -2.374012358104399256e-01  1.752012896537780762e+01
-2.596965942102847258e+00  2.457205907158429792e+00  -2.446919131625454380e+00  -2.045593448214338306e+00  3.141592653589793116e+00  -1.170304391466174543e-01  1.761791706085205078e+01
2.803206267720455003e+00  2.477084222376850331e+00  -2.688475533101630344e+00  -2.333213259293642761e+00  3.141592653589793116e+00  -1.497197258166345912e-01  1.769335007667541504e+01
2.174459417112893700e+00  2.392335733788739649e+00  -2.622578362421934983e+00  -2.426542784154084753e+00  3.141592653589793116e+00  -1.683636212681624000e-01  1.776885986328125000e+01
2.258953956212095271e+00  2.388636808480154805e+00  -2.521414430265883411e+00  -2.386869468724546195e+00  3.141592653589793116e+00  -1.174792990350264771e-01  1.781405997276306152e+01
2.304332577393279013e+00  3.141592653589793116e+00  -3.141592653589793116e+00  -3.141592653589793116e+00  3.141592653589793116e+00  2.178059888317512849e-01  1.785921597480773926e+01
2.684688371478057611e+00  2.785939730138712545e+00  -2.910765385541874917e+00  -2.322499556455503988e+00  2.931384255044930054e+00  3.257764995869416591e-01  1.790618896484375000e+01
2.764348292577345045e+00  2.464199757784343525e+00  -2.575413191172264860e+00  -2.017390805747232285e+00  2.534433293614132943e+00  3.637233539274890570e-01  1.795616602897644043e+01
2.721849586734164994e+00  2.149863780611628084e+00  -2.166275557159539122e+00  -1.515902555066810820e+00  2.269786945193563721e+00  3.965077217828156253e-01  1.799146890640258789e+01
2.785021452215642235e+00  1.982769932837891602e+00  -2.002553621575657861e+00  -1.318801091335092490e+00  1.978170323783012385e+00  4.393765156972530561e-01  1.802651095390319824e+01
2.744141872490945655e+00  1.742132823626544980e+00  -1.741616918604533382e+00  -1.015329891912005289e+00  1.510690190010246958e+00  4.853948881922135472e-01  1.807070899009704590e+01
1.260616935015554274e+00  3.141592604009023404e+00  -3.141591424276136912e+00  9.687036834345954528e-01  -3.393473744633790368e-01  3.888734993063007739e-01  1.812020087242126465e+01
1.839290123020998369e+00  3.141308297444443287e+00  -3.135583459253838967e+00  3.070052934540923317e+00  -1.260987962270756046e+00  5.834288477167393072e-01  1.822655892372131348e+01
1.780855543542337882e+00  -1.282612347311803680e-01  -7.377967233202603614e-02  2.119233166912827038e+00  -1.892321818916746778e+00  6.855148850920265158e-01  1.831268095970153809e+01
1.426694614092271829e+00  -3.977720559543679868e-01  1.024379566811475656e-01  2.093672792561973584e+00  -1.977027004364788176e+00  6.863704276309561259e-01  1.835909986495971680e+01
1.258150582016959840e+00  -7.466432182535259754e-01  3.462709376457566157e-01  2.156600376537535890e+00  -2.084307332213551689e+00  6.939213309611225178e-01  1.840347194671630859e+01
8.978204987819758953e-01  -1.637665156076894002e+00  1.362460130701790506e+00  1.987453488145625613e+00  -1.930150955520375078e+00  7.417171412252977492e-01  1.844782900810241699e+01
7.671841620331286693e-01  -2.064737024813931843e+00  1.830460042555783096e+00  2.041793441719012225e+00  -2.008331715070150292e+00  7.945996813997032726e-01  1.850460290908813477e+01
6.848491206616846849e-01  -2.224352967149248794e+00  2.011292100113405201e+00  2.107850060778679868e+00  -2.089938470670769988e+00  8.277660953228088703e-01  1.854582595825195312e+01
5.827204282152517179e-01  -2.374871172003195863e+00  2.170259787405048879e+00  2.145790013079392544e+00  -2.149768638942817667e+00  8.390112696521498936e-01  1.858554196357727051e+01
2.456275379215869248e-02  -2.803978173477107649e+00  2.717854851168704844e+00  2.387819160421355669e+00  -2.312687903407831147e+00  1.093011814123329373e+00  1.862347698211669922e+01
-4.289357252518306851e-02  -2.889519096244159702e+00  2.811869118218099928e+00  2.429042667302727665e+00  -2.336023500044511980e+00  1.109011733700525859e+00  1.866729807853698730e+01
-6.423953459277704781e-01  -2.965448982630666919e+00  2.903388245852044136e+00  2.551463954618998553e+00  -2.286653323058881249e+00  1.373911994221366895e+00  1.871132588386535645e+01
-6.829217413620638499e-01  -2.997242539510454051e+00  2.930832466288633142e+00  2.578017064266146186e+00  -2.261672434527378872e+00  1.382849208932759089e+00  1.875198602676391602e+01
-7.309028702108850695e-01  -3.018359101664706223e+00  2.958510705658249584e+00  2.597157267967354688e+00  -2.242703464942739977e+00  1.390625389331250350e+00  1.879743409156799316e+01
-7.785752622386491462e-01  -3.046558920438139140e+00  3.005415425485409742e+00  2.635241980738145529e+00  -2.230513500345640221e+00  1.417936844912742078e+00  1.884265708923339844e+01
-8.278091399023109753e-01  -3.075871473510466192e+00  3.039481783486432498e+00  2.660360123092136320e+00  -2.225624575297546759e+00  1.433895674914229312e+00  1.888150906562805176e+01
-1.201549558993337818e+00  -3.094094258339876280e+00  3.057803981788902892e+00  2.713905321850450747e+00  -2.189898740841435654e+00  1.716932440392351156e+00  1.892826104164123535e+01
-1.287941406708717151e+00  -3.104120891849806441e+00  3.061006988911431304e+00  2.703300447333057299e+00  -2.120637449572600364e+00  1.731089513379619360e+00  1.897915291786193848e+01
-1.344776861815665914e+00  -3.135943342497423458e+00  3.105329729053114995e+00  2.777852826573045775e+00  -2.123576877928313955e+00  1.780371012581174694e+00  1.901874804496765137e+01
0.000000000000000000e+00  0.000000000000000000e+00  0.000000000000000000e+00  0.000000000000000000e+00  0.000000000000000000e+00  0.000000000000000000e+00  1.907278394699096680e+01
0.000000000000000000e+00  0.000000000000000000e+00  0.000000000000000000e+00  0.000000000000000000e+00  0.000000000000000000e+00  0.000000000000000000e+00  1.911962985992431641e+01
0.000000000000000000e+00  0.000000000000000000e+00  0.000000000000000000e+00  0.000000000000000000e+00  0.000000000000000000e+00  0.000000000000000000e+00  1.915637302398681641e+01
0.000000000000000000e+00  0.000000000000000000e+00  0.000000000000000000e+00  0.000000000000000000e+00  0.000000000000000000e+00  0.000000000000000000e+00  1.921196007728576660e+01
3.141592653589793116e+00  7.153864183161889878e-01  -7.523268445390117742e-01  9.144995258872477828e-02  2.831602604411945112e+00  6.906078807777680240e-01  2.000826287269592285e+01
3.141592653589793116e+00  6.832463596395705885e-01  -8.694284211094491788e-01  1.359529956590921906e-01  3.141592653589793116e+00  4.850944400670887946e-01  2.007652592658996582e+01
3.141592653589793116e+00  5.777144777958924671e-01  -5.945025893735714773e-01  2.442521797880958245e-01  3.141592633542528379e+00  3.265935840412576563e-01  2.017078590393066406e+01
3.141592653589793116e+00  6.339246587786404596e-01  -3.975815852748959545e-01  3.024557199703365937e-02  3.141592653589793116e+00  -1.457377290537541781e-01  2.026704907417297363e+01
3.141592653589793116e+00  1.225806235881109485e+00  -1.179966408228530383e+00  -5.834985382228875528e-01  3.141592653589793116e+00  -2.924828986461485703e-01  2.034170889854431152e+01
3.141592653589793116e+00  1.439921801933230716e+00  -1.447205680723964827e+00  -8.358682632468994456e-01  3.141592653589793116e+00  -3.397551004820003051e-01  2.040929508209228516e+01
3.141592653589793116e+00  1.561953838304421138e+00  -1.528574807188266549e+00  -9.233502170843715939e-01  3.141592645054700927e+00  -4.252343082865674972e-01  2.045724797248840332e+01
3.141592653589793116e+00  1.457350260262221697e+00  -1.406230299406163065e+00  -9.804701598006921870e-01  3.141592653589793116e+00  -5.206520016121976013e-01  2.050166702270507812e+01
3.141592653589793116e+00  1.642140288696398276e+00  -1.618291587021524203e+00  -1.216081333778492812e+00  3.141592653589793116e+00  -6.586489966260650197e-01  2.056071805953979492e+01
3.141592653589793116e+00  1.654557136578136634e+00  -1.627589335021029537e+00  -1.304965957387165698e+00  3.141592653589793116e+00  -7.204469535076313269e-01  2.061694002151489258e+01
1.907942033375171098e+00  3.141592653589793116e+00  -3.141592653589793116e+00  -3.141592653589793116e+00  3.141592653589793116e+00  -9.777758058921350859e-01  2.066788792610168457e+01
8.977626367645866190e-02  3.141592653589793116e+00  -3.141592653589793116e+00  -3.141592653589793116e+00  3.141592653589793116e+00  -1.006632066391260683e+00  2.072110295295715332e+01
9.421288268033134461e-01  3.141592653589793116e+00  -3.141592653589793116e+00  -3.141592653589793116e+00  3.141592653589793116e+00  -9.736702108405499434e-01  2.077675008773803711e+01
-5.817877485043223551e-01  3.141592653589793116e+00  -3.141592653589793116e+00  -3.141592653589793116e+00  3.141592647516106229e+00  -9.914785386430661207e-01  2.083212208747863770e+01
-3.535360830718839997e-01  3.141592653589793116e+00  -3.141592653589793116e+00  -3.141592653589793116e+00  3.141592649612266808e+00  -9.884817391559320710e-01  2.089583992958068848e+01
-3.080506119331301584e-01  3.141592653589793116e+00  -3.141592653589793116e+00  -3.141592653589793116e+00  3.141592648251848807e+00  -9.769539910882748535e-01  2.094038987159729004e+01
2.200173136757900202e-02  3.141592653589793116e+00  -3.141592653589793116e+00  -3.141592653589793116e+00  3.141592644951894275e+00  -9.383258323994173589e-01  2.098504805564880371e+01
2.116114789325900525e-01  3.141592653589793116e+00  -3.141592653589793116e+00  -3.141592653589793116e+00  3.141592636862289734e+00  -9.135665162868896738e-01  2.102461504936218262e+01
5.099083128941246379e-01  3.141592653589793116e+00  -3.141592653589793116e+00  -3.141592653589793116e+00  3.141592610524140294e+00  -8.808728443347817461e-01  2.107242298126220703e+01
-1.384142459601158226e+00  3.141592647958796558e+00  -3.141592653250706135e+00  -3.141592619241616813e+00  1.242561175204260460e+00  -8.640830792116787062e-01  2.112793087959289551e+01
-1.429752691794235586e+00  3.141592653589793116e+00  -3.141592653589793116e+00  -3.141592653589793116e+00  1.108535731886104658e+00  -8.570233242033111765e-01  2.117807507514953613e+01
-1.713329588889351163e+00  3.141592653589793116e+00  -3.141592653589793116e+00  -3.141592653589793116e+00  5.842826112174169806e-01  -8.595963338168712831e-01  2.122080993652343750e+01
-2.311527014043687878e+00  3.141592653589793116e+00  -2.927202841747326367e+00  -3.141592653589793116e+00  -5.166497257566186052e-01  -9.387966231130863148e-01  2.127291607856750488e+01
-2.333540075769018340e+00  1.244252776724494636e+00  -3.282311343476659871e-01  -2.479623281721609285e+00  -1.384827992827838417e+00  -9.078512680619512665e-01  2.133546996116638184e+01
-2.455609852159434059e+00  1.121942987281826065e+00  -2.398527585818687191e-01  -2.370929933222513775e+00  -1.530061341108910788e+00  -8.789701721219431718e-01  2.137808299064636230e+01
-2.541755041237552692e+00  2.972877595127959016e-01  4.205932698484994292e-01  -1.899915222508718804e+00  -1.775546864149055271e+00  -8.731566099400831504e-01  2.141171002388000488e+01
-2.479625248883265520e+00  -1.722003202486668716e+00  2.010527617317747318e+00  -2.769537788668360312e-01  -2.099364614548222541e+00  -8.768015232393941982e-01  2.145927596092224121e+01
-2.444165478316984608e+00  -2.624267042537271610e+00  2.722692095872931262e+00  9.848060442676614956e-01  -2.271813362666428748e+00  -8.471117034530412093e-01  2.151833200454711914e+01
-2.390827488681635860e+00  -2.987037796810325219e+00  3.004237635158810704e+00  2.113852176114806802e+00  -2.356728952723618598e+00  -8.400393615038365125e-01  2.156219005584716797e+01
-2.402282415118142112e+00  -3.126834931177815413e+00  3.124041560575271603e+00  2.517052155647285794e+00  -2.480149606207151525e+00  -8.065971394586894938e-01  2.161368298530578613e+01
-2.433344925700403394e+00  -3.119697225944603414e+00  3.141592653589793116e+00  2.822804945682515054e+00  -2.558159375690763238e+00  -7.818486193271133589e-01  2.166574406623840332e+01
-2.440433014960007529e+00  -3.141592653589793116e+00  3.130893855044233121e+00  2.922548331210911066e+00  -2.607451941814156182e+00  -7.560148499284162771e-01  2.170677590370178223e+01
-2.370977993003386519e+00  -3.132844048883311583e+00  3.141592653589793116e+00  2.946835195147750941e+00  -2.564831313287386561e+00  -7.316768062934854155e-01  2.174875187873840332e+01
-2.323175504113095702e+00  -3.139276926481438412e+00  3.141592653589793116e+00  2.969546736111457808e+00  -2.519616948697384728e+00  -7.140585137831806373e-01  2.178858995437622070e+01
-2.306491264277219955e+00  -3.141592653589793116e+00  3.137757126214312908e+00  2.988441109365643111e+00  -2.489334884629753386e+00  -7.060627172038766997e-01  2.183078694343566895e+01
-2.273035510376316903e+00  -3.137817174972370893e+00  3.141592595760014373e+00  3.001173322583935654e+00  -2.464985979636295621e+00  -6.964212923064487804e-01  2.186842894554138184e+01
-2.253655362298747633e+00  -3.125292098663408069e+00  3.141592653589793116e+00  3.010424503999688195e+00  -2.442645581122799392e+00  -6.952380525924729548e-01  2.190938997268676758e+01
-2.234844748079922283e+00  -3.141592653589793116e+00  3.141294991795481995e+00  3.038339653236561411e+00  -2.324105084047201064e+00  -6.772576633797177115e-01  2.194965887069702148e+01
-2.230945922833360129e+00  -3.141592653589793116e+00  3.140430838587905171e+00  3.029449097647909817e+00  -2.272460860673800820e+00  -6.864648262978646498e-01  2.199510908126831055e+01
-2.173848693117162334e+00  -3.141592653589793116e+00  3.135957853258640071e+00  3.050891492298100083e+00  -2.290153198963428505e+00  -6.755014376203356541e-01  2.203227496147155762e+01
-2.193511874541511197e+00  -3.141592653589793116e+00  3.139778149528409390e+00  3.064510745577883277e+00  -2.243389274157036706e+00  -6.807227625879787025e-01  2.207111597061157227e+01
0.000000000000000000e+00  0.000000000000000000e+00  0.000000000000000000e+00  0.000000000000000000e+00  0.000000000000000000e+00  0.000000000000000000e+00  2.212382388114929199e+01
0.000000000000000000e+00  0.000000000000000000e+00  0.000000000000000000e+00  0.000000000000000000e+00  0.000000000000000000e+00  0.000000000000000000e+00  2.217030501365661621e+01
0.000000000000000000e+00  0.000000000000000000e+00  0.000000000000000000e+00  0.000000000000000000e+00  0.000000000000000000e+00  0.000000000000000000e+00  2.220776295661926270e+01
-1.881746353950413120e-01  1.550681231036597385e+00  -3.141592653589793116e+00  3.143868285590130096e-01  -1.051252132278149721e-03  -2.170498620857705674e-01  2.302117800712585449e+01
-1.021275086263943171e-02  3.805311896584708253e-01  -7.763133238658317947e-02  -3.072383415215068202e-03  -3.144033219509639269e-03  8.736738099805158031e-03  2.307767295837402344e+01
-1.951119420588614262e-01  1.581891936647075614e+00  -3.141592653589793116e+00  2.985206608414462948e-01  -2.779397588245864636e-03  -1.888657244726731910e-01  2.310511088371276855e+01
-2.079103502344951393e-01  1.783437111716386081e+00  -3.141592653589793116e+00  3.027589289804120676e-01  -2.260896742483203912e-03  -2.381556207613838849e-01  2.313917303085327148e+01
-2.429167755515983240e-01  2.016445600039371566e+00  -3.141592653589793116e+00  3.790996684193412292e-01  -4.297058346384199402e-03  -2.569696525117313168e-01  2.317806005477905273e+01
-2.818461978206759366e-01  2.232216421747292845e+00  -3.141592653589793116e+00  4.280678273306116055e-01  -4.990764557178411880e-03  -3.042969544030474927e-01  2.321599292755126953e+01
-3.158537147232438058e-01  2.333090486752328108e+00  -3.141592653589793116e+00  4.666901879884618465e-01  -5.447948026459066909e-03  -3.381612377863054131e-01  2.326597905158996582e+01
-3.323591397973342243e-01  2.395387867093270451e+00  -3.141592653589793116e+00  4.869449407450547884e-01  -5.395158462005462258e-03  -3.538081058868972062e-01  2.329521298408508301e+01
-3.484254243966100062e-01  2.460093177594114167e+00  -3.141592653589793116e+00  5.078695590619820566e-01  -5.535129240868123801e-03  -3.691564723130580372e-01  2.332700204849243164e+01
-3.658707969240445057e-01  2.517565829210234529e+00  -3.141592653589793116e+00  5.301553672852350463e-01  -5.409338865773234001e-03  -3.884642746314553308e-01  2.335738492012023926e+01
-3.797534868425957444e-01  2.555401684393503903e+00  -3.141592653589793116e+00  5.543357942777490388e-01  -5.257457297107860986e-03  -4.009061415642442561e-01  2.339137005805969238e+01
-4.000287424444987638e-01  2.597262480253083261e+00  -3.141592653589793116e+00  5.793582700466606283e-01  -5.517227068385267483e-03  -4.152737412938748429e-01  2.341917300224304199e+01
-4.119505079678382753e-01  2.636772005684114184e+00  -3.141592653589793116e+00  5.980814797745483968e-01  -5.432507424114454107e-03  -4.306515656748534093e-01  2.345441198348999023e+01
-5.317408654620970898e-01  2.666020133142665394e+00  -3.141592653589793116e+00  7.865831045399356292e-01  -1.139980142364942174e-03  -5.256359280222333563e-01  2.349133300781250000e+01
-5.462712617085870859e-01  2.671620206556395427e+00  -3.141592653589793116e+00  8.029359115354465226e-01  -1.924548030823952866e-03  -5.311916682844044502e-01  2.353450703620910645e+01
-5.446837361296607005e-01  2.704089293449561282e+00  -3.141592653589793116e+00  8.194758947001314908e-01  -7.906981788802120185e-04  -5.357814589174860753e-01  2.356792593002319336e+01
-5.440760050948132420e-01  2.695664798599282541e+00  -3.141592653589793116e+00  8.354926282271332161e-01  -1.811566593386583490e-03  -5.389029946467885912e-01  2.360480904579162598e+01
-5.629340491591381390e-01  2.723076661020804590e+00  -3.141592653589793116e+00  8.513263432186315427e-01  -4.756369459634893822e-04  -5.450919214008304037e-01  2.363706898689270020e+01
-6.711588490173205912e-01  2.680473332811258658e+00  -3.141592630497467287e+00  9.868804175657113209e-01  4.843554607705672158e-03  -5.936476303734579130e-01  2.367364192008972168e+01
-6.588570687745397558e-01  2.720608059470284612e+00  -3.141592621834254473e+00  1.035805760143726939e+00  5.999892764443395463e-03  -6.031496492233573425e-01  2.370638799667358398e+01
-6.343609127055818142e-01  2.762080949373818317e+00  -3.141592653589793116e+00  1.032821430360579384e+00  4.917172949197524436e-03  -6.143980707060576751e-01  2.374450492858886719e+01
-6.589074795641717275e-01  2.795801283178053431e+00  -3.141592633003467583e+00  1.043962914247988705e+00  9.815557361643139841e-03  -6.005508490964927004e-01  2.378839302062988281e+01
-6.749129197925072265e-01  2.785697389668841950e+00  -3.141592653589793116e+00  1.064313843045175290e+00  8.556632748665163324e-02  -6.033679916902197071e-01  2.382102298736572266e+01
0.000000000000000000e+00  0.000000000000000000e+00  0.000000000000000000e+00  0.000000000000000000e+00  0.000000000000000000e+00  0.000000000000000000e+00  2.386088705062866211e+01
0.000000000000000000e+00  0.000000000000000000e+00  0.000000000000000000e+00  0.000000000000000000e+00  0.000000000000000000e+00  0.000000000000000000e+00  2.389523506164550781e+01
0.000000000000000000e+00  0.000000000000000000e+00  0.000000000000000000e+00  0.000000000000000000e+00  0.000000000000000000e+00  0.000000000000000000e+00  2.393220686912536621e+01
1.176067404951550198e-03  8.397265053022599443e-03  3.186619577192462138e-02  3.719949880443283730e-02  -9.275955280354988147e-03  -4.246483092974633056e-02  2.474051499366760254e+01
9.953397030740081166e-04  7.702640200641295426e-03  8.184654928133118512e-03  3.748947254964642151e-02  1.834751534856937302e-02  -8.922565518971284707e-03  2.478631401062011719e+01
9.115087335212458067e-04  8.434713589603168304e-03  1.806804068265405877e-02  3.765975401099532632e-02  -3.543645401641623560e-02  3.966391712044478601e-03  2.481747007369995117e+01
8.885175117550388624e-04  -4.224293119915841638e-02  5.189853108868813791e-01  3.748591564822625205e-02  4.280648731478878255e-02  -4.790900495813291138e-02  2.484894394874572754e+01
-9.997022300536156231e-03  -3.261220447616244855e-01  1.743366445807897680e+00  1.487251145611163429e-02  -7.813658650402061437e-03  -8.113828576044869456e-02  2.488361001014709473e+01
-1.577475996187018004e-02  -6.716802251995263040e-01  3.102419627850916406e+00  -2.800227962372346668e-02  -3.893011475168395991e-02  -2.655246576751810195e-02  2.492506289482116699e+01
-2.439659118225861664e-02  -8.115570208148421560e-01  3.141592653589793116e+00  -6.607217707987581012e-02  -5.309960179789878498e-02  -9.340533949016954773e-02  2.496780490875244141e+01
-3.187896404503929443e-02  -9.738403228009065993e-01  3.141592653589793116e+00  -9.698688834789422064e-02  -3.644673906127976482e-02  -9.107840635581510025e-02  2.499934697151184082e+01
-3.551301994676995394e-02  -1.127364668637095724e+00  3.141592653589793116e+00  -1.203059644482570439e-01  4.261421777223214913e-02  -1.013980244046144008e-01  2.503370308876037598e+01
-4.115555965260968979e-02  -1.229520192738512430e+00  3.141592653589793116e+00  -1.609158159289884316e-01  5.114379193333178086e-02  -1.016390370466177528e-01  2.507166004180908203e+01
-4.589293187195201545e-02  -1.320283465317512617e+00  3.141592653589793116e+00  -1.942884708964529861e-01  -7.793996192941392114e-03  -1.078890990559975283e-01  2.510796904563903809e+01
-4.913756725135298709e-02  -1.386504847249109940e+00  3.141592653589793116e+00  -2.258431663886229790e-01  4.405574498912916137e-02  -1.154116391078161136e-01  2.514134407043457031e+01
-5.451693129160506412e-02  -1.481402358332498004e+00  3.141592653589793116e+00  -2.537968134634258632e-01  -6.058980194166537631e-02  -1.143257994652307208e-01  2.517370986938476562e+01
-8.185862210821501228e-02  -2.398122240574897646e+00  3.141592653589793116e+00  -6.141747342585601732e-01  -6.274673006349699121e-03  -1.205816517528224274e-01  2.520922708511352539e+01
-8.668448611838709683e-02  -2.436735700951154993e+00  3.141592653589793116e+00  -6.327098954495089522e-01  1.953418244061045500e-02  -1.235059245258620236e-01  2.524056386947631836e+01
-8.606350917037286496e-02  -2.472507504322321026e+00  3.141592653589793116e+00  -6.538446985306790582e-01  -3.792480504916455417e-03  -1.232967752122265531e-01  2.527355909347534180e+01
-8.953921679471138484e-02  -2.520532283458112310e+00  3.141592653589793116e+00  -6.922406055115459811e-01  -2.054252524475197114e-02  -1.241388431573584999e-01  2.531148099899291992e+01
-9.295781005819457599e-02  -2.551537753867233693e+00  3.141592653589793116e+00  -7.231687625389980889e-01  1.943804608671597170e-02  -1.257190197481637961e-01  2.534471392631530762e+01
-9.602377885286379755e-02  -2.596739614623408965e+00  3.141592653589793116e+00  -7.538064725958423251e-01  -2.370970114832559802e-02  -1.226675593086582056e-01  2.537999391555786133e+01
-9.890027856296010333e-02  -2.646481215140375820e+00  3.141592653589793116e+00  -7.892061328886804672e-01  -1.632496809667879911e-02  -1.232098452916031983e-01  2.542086100578308105e+01
-9.694239197360372817e-02  -2.688082953510659845e+00  3.141592653589793116e+00  -8.204695337974745595e-01  -8.911487815393278125e-03  -1.250412568077336750e-01  2.545572209358215332e+01
-1.170160886878320733e-01  -2.758790273530770776e+00  3.141592653589793116e+00  -1.132644701058293402e+00  2.222166009240057402e-02  -9.449277960986061931e-02  2.549201893806457520e+01
-1.219406196921825475e-01  -2.744270181592768143e+00  3.141592653589793116e+00  -1.149892625023128723e+00  -2.275280409460530076e-02  -9.203027323228094025e-02  2.552883291244506836e+01
-1.200991958759068529e-01  -2.782446573219539587e+00  3.141592653589793116e+00  -1.177397350502633611e+00  -6.371488485523806033e-02  -9.148765478225219516e-02  2.555724287033081055e+01
-1.204974045292065005e-01  -2.786524681573486983e+00  3.141592577516766571e+00  -1.194275091909035247e+00  -8.366675674094313508e-02  -8.976618262630768619e-02  2.559831094741821289e+01
-1.203191618569706828e-01  -2.793677619884006980e+00  3.141592653589793116e+00  -1.218902084905267635e+00  -1.685100532236368312e-02  -8.753656175121424243e-02  2.563386988639831543e+01
-1.244991861414960627e-01  -2.816842646101424652e+00  3.141592653589793116e+00  -1.250260912738333507e+00  -6.777356114508845120e-02  -4.494314503414234552e-02  2.567370700836181641e+01
-1.389021218643757549e-01  -2.906200448597621389e+00  3.141592653589793116e+00  -1.496731056315784292e+00  -1.832998173532588149e-01  -4.814250360924697547e-02  2.571386504173278809e+01
-1.519954621986761845e-01  -2.923110051903615059e+00  3.141592653589793116e+00  -1.551132619877579222e+00  -6.733675484574593029e-02  -3.999403102390360065e-02  2.575150704383850098e+01
-1.367846714196667979e-01  -2.963915800925315036e+00  3.141592653589793116e+00  -1.563101648773063790e+00  -8.032307427653052889e-02  4.962203311750357226e-02  2.578844809532165527e+01
-1.312115696795669584e-01  -2.922353119879313788e+00  3.141592653589793116e+00  -1.620812136962223038e+00  -3.541782383494642694e-01  7.306338252426627933e-02  2.582078695297241211e+01
-1.390743106050823241e-01  -2.929950943528540908e+00  3.141592653589793116e+00  -1.645342601518891668e+00  9.500513548524077215e-03  1.756686363335608486e-02  2.585926508903503418e+01
0.000000000000000000e+00  0.000000000000000000e+00  0.000000000000000000e+00  0.000000000000000000e+00  0.000000000000000000e+00  0.000000000000000000e+00  2.589614987373352051e+01
0.000000000000000000e+00  0.000000000000000000e+00  0.000000000000000000e+00  0.000000000000000000e+00  0.000000000000000000e+00  0.000000000000000000e+00  2.592861294746398926e+01
0.000000000000000000e+00  0.000000000000000000e+00  0.000000000000000000e+00  0.000000000000000000e+00  0.000000000000000000e+00  0.000000000000000000e+00  2.595995688438415527e+01
-3.141592653589793116e+00  -9.186055449560789343e-01  1.245180288598161544e+00  -2.528010291386721953e-01  9.860193797812519811e-01  -7.440943599923848240e-01  2.677985405921936035e+01
-3.141592653589793116e+00  -8.181750025034871809e-01  1.120467504580239693e+00  -4.429463530895060286e-01  -2.800899158029358738e+00  -7.916989344118646743e-01  2.685806107521057129e+01
-3.141592653589793116e+00  -5.079781535353654620e-01  7.566292385589861169e-01  -3.062995545714810586e-01  -3.141592653589793116e+00  -5.254695532759918741e-01  2.693874096870422363e+01
3.141592653589793116e+00  1.061502974813495204e-01  5.553993303912539703e-02  -1.589457144718035564e-01  3.141592653589793116e+00  -3.187958982015001719e-01  2.702797698974609375e+01
-1.581178042682013896e+00  4.189347793870951131e-01  -2.540606470764320002e-01  1.487982438674324115e+00  3.141547374831042294e+00  -3.083372948383077405e-01  2.710883998870849609e+01
-3.141592653589793116e+00  7.466417727273851890e-01  -5.839705216950114020e-01  -1.225142923787824634e+00  7.983130470320910499e-01  -2.180026222148113979e-01  2.720514488220214844e+01
-3.141592653589793116e+00  1.137066286935629167e+00  -9.621674153315634692e-01  -1.266455327281587717e+00  -2.099334124792781309e-01  -1.557681767255237881e-01  2.730290007591247559e+01
-3.141592653589793116e+00  1.340102732223605431e+00  -1.160725795259723636e+00  -1.127078610727640262e+00  1.317434376412775499e-01  -7.246706732702658249e-02  2.735819101333618164e+01
-3.141592653589793116e+00  1.423124512282414544e+00  -1.277898964735784793e+00  -1.243838047619554077e+00  -8.633397999000426426e-02  -4.902042288021171007e-02  2.741143703460693359e+01
-3.141592653589793116e+00  1.394723133882641131e+00  -1.223379845016957734e+00  -1.218866938049101512e+00  -2.291894461953186135e-01  -4.400482097713149035e-03  2.746172308921813965e+01
-3.141592653589793116e+00  1.431485537898300908e+00  -1.183947272822714281e+00  -1.160094684092402240e+00  -2.568452940055597766e-01  4.837650032922334586e-02  2.750190401077270508e+01
-1.974427071060025130e+00  1.448056574659043694e+00  -1.251636504630541546e+00  -1.234934323798777545e+00  -3.055039210634094005e-01  1.131374876771767540e-01  2.754700994491577148e+01
-1.193131999375007135e+00  1.459070650921524770e+00  -1.279468137290473928e+00  -1.252680898744767291e+00  -3.563226127553276168e-01  1.559456047162977588e-01  2.759126687049865723e+01
2.970241928610592108e+00  2.232691105936995601e+00  -1.857015997427457599e+00  -1.225700494936635021e+00  -1.880902396994998949e-01  5.607980837871204827e-01  2.763085508346557617e+01
2.934433172923346156e+00  2.069756306586919337e+00  -1.659491358525074789e+00  -1.028787177668285757e+00  -2.013424269553397983e-01  5.995511112923282981e-01  2.767571997642517090e+01
2.855585970677742669e+00  1.764230503856240473e+00  -1.135109157972924221e+00  -5.370955772824559382e-01  -1.624706172158469630e-01  6.531058089290330271e-01  2.771707391738891602e+01
2.902287236230915557e+00  1.676477560277846113e+00  -1.060660098112881533e+00  -4.265920757057223844e-01  -1.623948830422439482e-01  7.135169008810219315e-01  2.776376795768737793e+01
2.925647420566970691e+00  1.581753700775350602e+00  -9.544521402382649677e-01  -2.869842336146838369e-01  -1.627384249155963414e-01  7.655144564821052544e-01  2.780710792541503906e+01
2.954841530780646153e+00  1.492636308853294569e+00  -8.784287276109292719e-01  -1.780341392791533472e-01  -1.479040324642303672e-01  8.304747786241880592e-01  2.785105299949645996e+01
2.962248016985138399e+00  1.408001437721029481e+00  -7.806703084547201854e-01  -4.801537662508516963e-02  -1.344485294176380463e-01  8.921694528860021345e-01  2.789656090736389160e+01
2.968129536442122518e+00  1.326463826976261196e+00  -7.243151484259762185e-01  3.314046090210458206e-02  -1.221338183511609110e-01  9.313362092431345385e-01  2.793010187149047852e+01
2.977012816910928006e+00  1.255006325256614819e+00  -6.445483803646783194e-01  1.368874137075456465e-01  -1.183846928044965802e-01  9.714636759098711494e-01  2.797638106346130371e+01
2.962967090797297587e+00  1.144971538680282119e+00  -5.685064481667759795e-01  2.511464754059019588e-01  -8.876997519284583749e-02  1.012004837708309513e+00  2.802140188217163086e+01
2.866648414781233001e+00  1.005629952991026643e+00  -4.832532051482202329e-01  4.095084886164422344e-01  -6.262715328128898307e-02  1.050839104674382574e+00  2.806358194351196289e+01
2.857114001815191706e+00  8.762266107907238366e-01  -4.151159096395150017e-01  5.839856822609148512e-01  -7.084470247674821974e-02  1.095999615156258766e+00  2.810739588737487793e+01
2.777760831970693456e+00  7.314468253133248332e-01  -3.046555377088162597e-01  7.200702141593939842e-01  -2.963274617638910965e-02  1.140646391044763508e+00  2.817372608184814453e+01
2.706929894631742162e+00  -1.192663061439693493e-02  1.058066428327559261e-01  1.471353087688734629e+00  7.685601250486964742e-02  1.453584344015674823e+00  2.821248197555541992e+01
2.686996980378881350e+00  -1.291518431977293213e-01  1.640715483267851660e-01  1.568336742775960913e+00  1.179598385077918893e-01  1.481428839622243032e+00  2.825071191787719727e+01
2.634940010984960335e+00  -3.223596788862603812e-01  2.435948440537497595e-01  1.695907214160546239e+00  1.146037683977928212e-01  1.511244956619427260e+00  2.829632091522216797e+01
2.615339658569016290e+00  -4.784768796364024523e-01  3.146323433197650843e-01  1.813648429726523181e+00  1.346391663680499007e-01  1.548605281061095074e+00  2.834283900260925293e+01
2.598410529324098217e+00  -6.842645997925362877e-01  3.892920019256158604e-01  1.933820273168269432e+00  1.817570942163716508e-01  1.593600346896251185e+00  2.838344502449035645e+01
2.553665465730661666e+00  -1.619765265006550825e+00  6.940976663457769646e-01  2.374708095703049082e+00  2.892864719124704775e-01  1.983367105160034338e+00  2.841309785842895508e+01
2.521756113014317346e+00  -1.735127178377981583e+00  7.554470444497004555e-01  2.412514158812630427e+00  3.093374617308577990e-01  2.015335799700660679e+00  2.845019698143005371e+01
2.525793903608102298e+00  -1.815575694089841319e+00  8.069218611428073951e-01  2.457148735498736247e+00  3.196618308721084767e-01  2.041069047181154339e+00  2.848287200927734375e+01
2.512581519280820075e+00  -1.870135562103322213e+00  8.333048762010012434e-01  2.492242010424265075e+00  3.344080462712772928e-01  2.059804741762169655e+00  2.851406502723693848e+01
2.480519783199756301e+00  -1.983129712657322630e+00  8.765190378748017874e-01  2.523636191882885793e+00  3.475568256875670170e-01  2.073711073974259023e+00  2.854417490959167480e+01
2.482787704602514189e+00  -2.066307499557713978e+00  9.269693413754048761e-01  2.572080023441086105e+00  3.603279055835255651e-01  2.101530565444075460e+00  2.858042097091674805e+01
2.478505485154181454e+00  -2.666493173683272211e+00  1.313327862559859449e+00  2.680348936633189183e+00  4.584539212179140066e-01  2.492439730063958248e+00  2.861070799827575684e+01
2.531212136518807831e+00  -2.611899602735409331e+00  1.314481955634299037e+00  2.704437277564525566e+00  4.794906388880812442e-01  2.546617989468251686e+00  2.865643501281738281e+01
2.458828971155364584e+00  -2.695278303495526995e+00  1.379221532914463699e+00  2.734705533570088498e+00  5.022988047433372127e-01  2.577381437418999610e+00  2.869644188880920410e+01
2.490879288201861996e+00  -2.748699025216416736e+00  1.414726671267178659e+00  2.776980218404895950e+00  5.069869112203865269e-01  2.621283403557844505e+00  2.873535299301147461e+01
0.000000000000000000e+00  0.000000000000000000e+00  0.000000000000000000e+00  0.000000000000000000e+00  0.000000000000000000e+00  0.000000000000000000e+00  2.877088093757629395e+01
0.000000000000000000e+00  0.000000000000000000e+00  0.000000000000000000e+00  0.000000000000000000e+00  0.000000000000000000e+00  0.000000000000000000e+00  2.880783605575561523e+01
0.000000000000000000e+00  0.000000000000000000e+00  0.000000000000000000e+00  0.000000000000000000e+00  0.000000000000000000e+00  0.000000000000000000e+00  2.884204101562500000e+01
