a1     a2   a3   a4  a5   a6   t1
3.141592653589793116e+00  -4.504111049524677640e-02  1.474389271024253989e-02  3.167932837791838097e-01  2.833823468891992103e+00  3.239585531336391377e-01  0.000000000000000000e+00
-3.141592653589793116e+00  -1.096019228833904346e-01  7.370583459276795757e-02  4.121461382475494206e-01  -3.141592631980979711e+00  -3.949383529085923050e-01  7.902193069458007812e-02
3.094938591294203345e+00  3.898832989196664156e-02  -8.804627091727333654e-02  7.143558741579116855e-01  3.055549300366505072e+00  6.163227963951110056e-01  1.693830490112304688e-01
3.141592653589793116e+00  5.343571799490783869e-01  -5.692938704871540745e-01  8.320491227508225451e-01  3.141592653589793116e+00  7.965125134071850965e-01  2.330138683319091797e-01
3.141592653589793116e+00  9.034238728464352164e-01  -9.491975607929015180e-01  4.413873253976736133e-01  3.141592653589793116e+00  3.690870952877185751e-02  2.973999977111816406e-01
3.141592653589793116e+00  9.074934119303665891e-01  -9.495322814662464639e-01  -8.660506849702234722e-02  3.141592653589793116e+00  1.209883134311362657e-01  3.494720458984375000e-01
1.987380664369182925e+00  3.141592653589793116e+00  -3.141592653589793116e+00  -3.141592653589793116e+00  3.141592653589793116e+00  -7.072185495049304604e-01  4.095110893249511719e-01
3.141592653589793116e+00  1.157207754128305677e+00  -1.192848927298549855e+00  -5.007035214743651430e-01  3.141592653589793116e+00  -4.070433720440220782e-01  4.888150691986083984e-01
2.032557649418763379e+00  3.141592653589793116e+00  -3.141592653589793116e+00  -3.141592653589793116e+00  3.141592653589793116e+00  -8.825006677606670458e-01  5.555369853973388672e-01
1.671514357541337592e+00  3.141592653589793116e+00  -3.141592653589793116e+00  -3.141592653589793116e+00  3.141592653589793116e+00  -9.249829500396885562e-01  6.180958747863769531e-01
1.446889422740702091e+00  3.141592653589793116e+00  -3.141592653589793116e+00  -3.141592598420449800e+00  3.141592573173426217e+00  -9.387318051393435114e-01  6.685419082641601562e-01
1.164552784616053049e+00  3.141592640307616424e+00  -3.141592653589793116e+00  -3.141592566894785943e+00  3.141592458074698335e+00  -9.550271846307371026e-01  7.154860496520996094e-01
9.348860678739805419e-01  3.141592653589793116e+00  -3.141592653589793116e+00  -3.141592653589793116e+00  3.141592645115150795e+00  -9.661147678702002306e-01  7.699968814849853516e-01
-6.476129976666600285e-01  3.141592653589793116e+00  -3.141592653589793116e+00  -3.141592653589793116e+00  3.141592621926031281e+00  -9.749304605043082050e-01  8.161509037017822266e-01
-9.022568346793551353e-01  3.141592653589793116e+00  -3.141592653589793116e+00  -3.141592653589793116e+00  3.141592549913833743e+00  -9.871429956020294494e-01  8.751230239868164062e-01
-1.396742060767023785e+00  3.141592653589793116e+00  -3.141592653589793116e+00  -3.141592653589793116e+00  1.191540899532179232e+00  -9.920610276455698040e-01  9.165868759155273438e-01
-1.577996897101072937e+00  3.141592653589793116e+00  -3.141592653589793116e+00  -3.141592653589793116e+00  9.809515543881184296e-01  -1.000405263181150417e+00  9.651849269866943359e-01
-1.774244313234984771e+00  3.141592653589793116e+00  -3.141592653589793116e+00  -3.141592653589793116e+00  7.118940395145240130e-01  -1.001690005907266645e+00  1.012017011642456055e+00
-1.825927692515148637e+00  3.141592653589793116e+00  -3.141592653589793116e+00  -3.141592653589793116e+00  -1.788279563432977268e-02  -1.045829840278978073e+00  1.057060003280639648e+00
-2.018846780747582059e+00  3.021684253926039787e+00  -3.078064968508005705e+00  -2.981648241894628626e+00  -1.191533580075211152e+00  -1.097513733438791883e+00  1.103947877883911133e+00
-2.187854932408102915e+00  2.761656686653485959e+00  -2.891136737368549703e+00  -2.741108749563529123e+00  -1.565485554687640724e+00  -1.086914131314826060e+00  1.150172948837280273e+00
-2.146288381666477285e+00  1.964273506742483244e+00  -1.737285452450681555e+00  -2.148171511927244204e+00  -1.804450817022339226e+00  -1.076940847929850120e+00  1.184025049209594727e+00
-2.233477601033834414e+00  1.441422296451231322e+00  -1.241144988353799272e+00  -1.864682245182603504e+00  -2.055689095792801790e+00  -1.071166278830792074e+00  1.225925922393798828e+00
-2.232940982127974650e+00  7.153093276860091054e-02  1.887967783348137862e-01  -1.337372655909858210e+00  -2.282033954687576305e+00  -1.066908740153058588e+00  1.272119045257568359e+00
-2.221509202977392849e+00  -1.247382770904243543e+00  1.482955725474267794e+00  -8.646678031214040105e-01  -2.456634071312332246e+00  -1.061393480132786671e+00  1.315610885620117188e+00
-2.226712020569863171e+00  -1.617893725681060380e+00  1.868784623878193996e+00  -6.512200070948942487e-01  -2.572861675025023054e+00  -1.035127015778244175e+00  1.354346036911010742e+00
-2.054864941371782550e+00  -2.569055235611828358e+00  2.629315461857056224e+00  4.671543814305746944e-01  -2.198920907794361224e+00  -1.014413607445975973e+00  1.396485090255737305e+00
-2.139350650345276605e+00  -2.798288727143564358e+00  2.822820659205129257e+00  2.276872279750915773e+00  -2.603779302463850254e+00  -1.058588217855801927e+00  1.440834999084472656e+00
-2.123768440243404498e+00  -2.957746364804085371e+00  2.972303500779708507e+00  2.349767875031247844e+00  -2.658273353546535045e+00  -1.044943629389079920e+00  1.484446048736572266e+00
-2.201066721140769289e+00  -3.045804649719040746e+00  3.067162901030795030e+00  2.631653938773220514e+00  -2.726098544149756719e+00  -1.105706188234156784e+00  1.521796941757202148e+00
-2.201669530655312457e+00  -3.129780046746061029e+00  3.141592653589793116e+00  2.701754392724500686e+00  -2.724648778556849837e+00  -1.112105137912985597e+00  1.568804979324340820e+00
-2.165121832753479580e+00  -3.131162358473266405e+00  3.141592653589793116e+00  2.682305979090419790e+00  -2.678185022663168269e+00  -1.099054613680788606e+00  1.606255054473876953e+00
-2.143581477925823098e+00  -3.137457179832224607e+00  3.141592631456842089e+00  2.708835867118337237e+00  -2.663553865879576321e+00  -1.098636628017959582e+00  1.646817922592163086e+00
-2.117641030865922591e+00  -3.137063315105409700e+00  3.141592618724030395e+00  2.762002282229814032e+00  -2.627799368691642101e+00  -1.080151482106098459e+00  1.686042070388793945e+00
-2.162224177838501848e+00  -3.141592653589793116e+00  3.138373008127609332e+00  2.834785752023055494e+00  -2.540572656903185678e+00  -1.155966612903572610e+00  1.725528955459594727e+00
-2.146577143957340006e+00  -3.141592653589793116e+00  3.141255764166012376e+00  2.816281231005492103e+00  -2.551173038137865223e+00  -1.160785514691331066e+00  1.762212991714477539e+00
-2.132424311691333063e+00  -3.140450008624669387e+00  3.141592653589793116e+00  2.848731618943003419e+00  -2.495565633952627760e+00  -1.153683972455031181e+00  1.799741983413696289e+00
-2.123948870565895763e+00  -3.137137377420938567e+00  3.141592585352937395e+00  2.839106214275021856e+00  -2.501598414013931571e+00  -1.099220285174771883e+00  1.846200942993164062e+00
-2.128631068031172191e+00  -3.134540967660776722e+00  3.141592653589793116e+00  2.866660456983723737e+00  -2.506938749346650841e+00  -1.162759779815219829e+00  1.881919860839843750e+00
0.000000000000000000e+00  0.000000000000000000e+00  0.000000000000000000e+00  0.000000000000000000e+00  0.000000000000000000e+00  0.000000000000000000e+00  1.915360927581787109e+00
0.000000000000000000e+00  0.000000000000000000e+00  0.000000000000000000e+00  0.000000000000000000e+00  0.000000000000000000e+00  0.000000000000000000e+00  1.949508905410766602e+00
0.000000000000000000e+00  0.000000000000000000e+00  0.000000000000000000e+00  0.000000000000000000e+00  0.000000000000000000e+00  0.000000000000000000e+00  1.989537954330444336e+00
4.826987779009238588e-01  -1.008735184774164795e+00  1.422282356964437833e+00  -9.490749491605400545e-02  -5.012509302580543582e-04  4.773562062379310689e-01  2.810937881469726562e+00
4.826233153587169422e-01  -1.007954215285763011e+00  1.424234255136078930e+00  -1.185967829008946900e-01  -2.977014530598833799e-04  4.714428853046622736e-01  2.863455057144165039e+00
4.841912737221731322e-01  -1.014241476766100547e+00  1.429893872542672195e+00  -8.486549141678183250e-02  -8.716052500481774904e-04  4.350536843208546722e-01  2.889874935150146484e+00
5.115638139855080979e-01  -1.101221837862042419e+00  1.553469042549426415e+00  -1.046280847931630315e-01  -2.485790128060703409e-03  4.584696621400078942e-01  2.917383909225463867e+00
5.882996360229870714e-01  -1.403511217434883607e+00  1.921459191744457673e+00  -7.295518737808164011e-02  -3.157880265938736372e-03  5.040543505956529557e-01  2.943095922470092773e+00
6.694850447660700699e-01  -1.626880719843943224e+00  2.150702680772550224e+00  -9.254852353717397950e-02  -3.965518732372766940e-03  5.607503824552877436e-01  2.978528022766113281e+00
7.630407876053767469e-01  -1.831783195666988773e+00  2.340879186392748945e+00  -1.213415031045013553e-01  -4.750236773764114975e-03  6.330146918920982468e-01  3.015297889709472656e+00
8.135588802613641368e-01  -1.927007623810598869e+00  2.412714314772256508e+00  -1.234332066731027022e-01  -5.078495195199226285e-03  6.786036998789609642e-01  3.046746969223022461e+00
8.558173799187241970e-01  -1.991773118858724434e+00  2.483220973192278080e+00  -1.279356126633185986e-01  -5.165177948768252293e-03  7.253247789894899933e-01  3.082418918609619141e+00
8.968637280373149556e-01  -2.049739532580260537e+00  2.543290979605395297e+00  -1.273968608006662007e-01  -5.156766883631488420e-03  7.599295069095962640e-01  3.111499071121215820e+00
9.343381279459811450e-01  -2.110837945513463154e+00  2.605411329127862885e+00  -1.464091973568495686e-01  -4.992464453725469799e-03  7.977275296620489620e-01  3.139885902404785156e+00
9.695336073824141199e-01  -2.172134203007729081e+00  2.665678631928887210e+00  -1.515750722350445723e-01  -5.149974133822612585e-03  8.379727984685352293e-01  3.172669887542724609e+00
1.002333560491668329e+00  -2.232765799035696386e+00  2.713045026353151812e+00  -1.591727939727443919e-01  -5.033030336047292393e-03  8.606995950856936028e-01  3.206456899642944336e+00
1.317263578974477101e+00  -2.528241793889362654e+00  2.769252770322368384e+00  -2.855983349247724901e-01  -1.869765071889218332e-03  1.199775870946616640e+00  3.234834909439086914e+00
1.306067374108797363e+00  -2.531937708240393103e+00  2.755464819593599568e+00  -2.906343065111269830e-01  -1.600243306195585921e-03  1.205751103314969486e+00  3.269095897674560547e+00
1.315063611259901455e+00  -2.549427163402489871e+00  2.756296384782356945e+00  -3.005448734767507957e-01  -1.506255010945149698e-03  1.210211390508217910e+00  3.300579071044921875e+00
1.326010072259571793e+00  -2.547486419068873076e+00  2.745892689093762051e+00  -2.953398138281470575e-01  -1.228092787729993720e-03  1.222333490209218665e+00  3.328291893005371094e+00
1.342262049035321647e+00  -2.576871496462934008e+00  2.755464433764371002e+00  -3.062365792156759303e-01  -1.089430808846095526e-03  1.239216739846358051e+00  3.360190868377685547e+00
1.359799423952562147e+00  -2.621633217353139589e+00  2.778409011008932339e+00  -3.121619500660506863e-01  -9.560504175091703123e-04  1.255358997594092196e+00  3.395124912261962891e+00
1.475468390391142748e+00  -2.614627661633671440e+00  2.702224900036347854e+00  -4.752279049939571731e-01  4.520064141685592798e-03  1.507906120636519853e+00  3.422307968139648438e+00
1.475221701315506895e+00  -2.647105766992812637e+00  2.733134700948758766e+00  -4.394018075619026686e-01  4.734263493522063333e-03  1.523134771342666616e+00  3.458355903625488281e+00
1.486307338236647846e+00  -2.659381382998904808e+00  2.742389671788243444e+00  -4.729698573327398847e-01  5.960026704281431130e-03  1.509000172107509474e+00  3.496800899505615234e+00
1.498532042930732056e+00  -2.697783993184509566e+00  2.780347943825692170e+00  -4.804644991570788948e-01  5.605788294539669134e-03  1.529161731126817525e+00  3.525707006454467773e+00
1.513872572016040419e+00  -2.722688013643186355e+00  2.811155347424689310e+00  -4.565032829143271798e-01  6.773584495589786252e-03  1.529111340141923847e+00  3.568168878555297852e+00
1.552233163967858820e+00  -2.745368673413843830e+00  2.833816853684457460e+00  -5.075453944731465050e-01  8.587664383427949175e-03  1.594896547582268065e+00  3.616561889648437500e+00
0.000000000000000000e+00  0.000000000000000000e+00  0.000000000000000000e+00  0.000000000000000000e+00  0.000000000000000000e+00  0.000000000000000000e+00  3.645324945449829102e+00
0.000000000000000000e+00  0.000000000000000000e+00  0.000000000000000000e+00  0.000000000000000000e+00  0.000000000000000000e+00  0.000000000000000000e+00  3.677160024642944336e+00
0.000000000000000000e+00  0.000000000000000000e+00  0.000000000000000000e+00  0.000000000000000000e+00  0.000000000000000000e+00  0.000000000000000000e+00  3.716827869415283203e+00
5.465794268055417003e-04  3.200129604395208771e-01  2.279979299191920161e-01  1.101565938355584529e-01  -1.387417296599992647e-02  -4.982339409902796640e-02  4.523720026016235352e+00
-7.936421997719937628e-04  3.196557113502769276e-01  2.278787704347239873e-01  1.103731412540366469e-01  -1.391424075978903684e-02  -4.914814889239001172e-02  4.565708875656127930e+00
5.281483408104740117e-04  3.195669712571846954e-01  2.315238785405709654e-01  1.108133616012386274e-01  -1.391545094810276752e-02  -5.686383125233970132e-02  4.594652891159057617e+00
-2.175718824006084989e-02  3.515385801888104567e-01  2.081594536108437865e-01  1.137468799503208727e-01  -1.431146925084741776e-02  -8.454190034872768877e-02  4.625746011734008789e+00
-1.144078687611167211e-01  5.886333137092085721e-01  1.265395565276666856e-01  1.602427392295963093e-01  -1.825132341875382314e-02  -1.596223570781868384e-01  4.663699865341186523e+00
-2.065788715423776678e-01  6.990011328779714983e-01  1.835864120156982526e-02  1.773091959837776732e-01  -1.866604868520209404e-02  -2.476290641155128314e-01  4.703629016876220703e+00
-3.926231155089731084e-01  9.733262803003807084e-01  -3.282805403043627113e-01  1.780822907996758853e-01  -2.144698744440510021e-02  -3.664405699954721429e-01  4.741800069808959961e+00
-4.733859849351178539e-01  1.067245367885960139e+00  -4.391521755294492957e-01  1.767167444393534514e-01  -2.312336741524964948e-02  -4.597411702886697316e-01  4.780440092086791992e+00
-5.387436449500087043e-01  1.139646590302259010e+00  -5.432435131757765712e-01  1.783384482472660792e-01  -7.735056201702733211e-03  -5.200258393350185582e-01  4.816066980361938477e+00
-5.992742564526494231e-01  1.201207123412989297e+00  -6.109616483254186603e-01  1.788858605791239509e-01  -8.377829885667111010e-02  -5.746149425707094416e-01  4.850135087966918945e+00
-6.557067276829571245e-01  1.268350652961710789e+00  -6.780917045875904936e-01  1.781545463506839511e-01  -6.218342307596622098e-02  -6.304088833566675598e-01  4.877731084823608398e+00
-7.103717206490018921e-01  1.332666049267575925e+00  -7.447656690486391673e-01  1.834944952636173854e-01  -1.238308603759366751e-02  -6.888694927592119432e-01  4.909867048263549805e+00
-7.628918680438782074e-01  1.386846566548600723e+00  -8.102672049799577447e-01  1.868505589557289126e-01  7.229564983709558211e-03  -7.451406828913211822e-01  4.944823980331420898e+00
-8.122461770683760962e-01  1.442467702907459293e+00  -8.724173944536749437e-01  1.861367710891299321e-01  3.340552493494701805e-03  -7.798287521066242789e-01  4.978772878646850586e+00
-1.215243392464925520e+00  1.926739954774580044e+00  -1.895142837767858524e+00  1.724492856077150804e-01  6.589471047272345283e-03  -1.087570101976852666e+00  5.014220952987670898e+00
-1.246540186809647288e+00  1.971558389557707569e+00  -1.950019253603303859e+00  1.675109485549527433e-01  -1.890996752538898901e-02  -1.114507321650702654e+00  5.052036046981811523e+00
-1.269443201067356863e+00  2.010672731248389855e+00  -1.996836148066186034e+00  1.687889053129389971e-01  8.758709809581285630e-03  -1.136749809067227890e+00  5.084503889083862305e+00
-1.299672776958762599e+00  2.049297344772213592e+00  -2.057400794989352022e+00  1.592831594565088937e-01  -2.488165810214906792e-02  -1.162467585441436801e+00  5.114594936370849609e+00
-1.309441894780966509e+00  2.074277886915976143e+00  -2.089230980964553286e+00  1.602895918983401891e-01  -2.099980626048190968e-02  -1.177872016585011394e+00  5.144602060317993164e+00
-1.334967052155206613e+00  2.114943439450739593e+00  -2.148453270456477160e+00  1.631433428491454452e-01  1.759367503959882381e-02  -1.202179881319172416e+00  5.173516988754272461e+00
-1.364523679598165895e+00  2.159815540109347065e+00  -2.211552615707248481e+00  1.656367042533954947e-01  1.193524736991194695e-03  -1.231652916347344862e+00  5.204143047332763672e+00
-1.366622629040249226e+00  2.156949304041918758e+00  -2.245772250077100907e+00  1.696601178171602553e-01  -3.698759033111267275e-02  -1.242549148161292472e+00  5.233721017837524414e+00
-1.384104297332055200e+00  2.189409611237183917e+00  -2.307920940931942777e+00  1.664333696087970382e-01  -4.771656559070853315e-02  -1.264065090189642193e+00  5.269397020339965820e+00
-1.488416309489032807e+00  2.237868170171234627e+00  -2.547807115928382160e+00  6.790589028383951786e-02  2.143272619537963525e-02  -1.366264570787350641e+00  5.306896924972534180e+00
-1.480688281837506226e+00  2.272758246336759491e+00  -2.597315010774009281e+00  7.639880745154457864e-02  5.013178728678505634e-03  -1.389138461543958813e+00  5.338876008987426758e+00
-1.451965933485511062e+00  2.249734634848892689e+00  -2.587678824979477099e+00  5.687064740168672194e-02  4.012927618408702185e-02  -1.364380058059523559e+00  5.373419046401977539e+00
-1.465941339409984723e+00  2.290701408355039437e+00  -2.651454546892656694e+00  6.899283193048935670e-02  5.970412336619307370e-02  -1.382384122123137660e+00  5.411499977111816406e+00
-1.466233394110065591e+00  2.294297216127040517e+00  -2.676866456171422382e+00  4.263574796147091839e-02  3.842521448444158327e-02  -1.368817613269270650e+00  5.444936037063598633e+00
-1.469107765139311850e+00  2.323159396900639440e+00  -2.710793723125931809e+00  2.164202964942562799e-02  5.189033156779183226e-02  -1.376551845430876275e+00  5.477957963943481445e+00
-1.568704723041050020e+00  2.439217373854337900e+00  -2.797874220446248561e+00  -7.107665270644167310e-02  6.994415544810450580e-02  -1.502568192338015196e+00  5.516217947006225586e+00
-1.574735312632278061e+00  2.459979410477424633e+00  -2.824743246566443933e+00  -1.671481156940370638e-01  3.317538880730729334e-01  -1.505874617323691878e+00  5.550591945648193359e+00
-1.594626248635163446e+00  2.480905779295264235e+00  -2.845318474463259584e+00  -1.970068367653501351e-01  2.213628113162237898e-01  -1.461787021551194776e+00  5.584038019180297852e+00
-1.601307416595221911e+00  2.494517286155159219e+00  -2.881242306950221543e+00  -1.136591001561183117e-01  -1.757685182762287468e-01  -1.548405592268355280e+00  5.630918025970458984e+00
-1.604691798336392194e+00  2.524954495449194258e+00  -2.880694967841902709e+00  -2.361411723952208663e-01  -8.305096677459487819e-02  -1.527527910171545100e+00  5.666065931320190430e+00
0.000000000000000000e+00  0.000000000000000000e+00  0.000000000000000000e+00  0.000000000000000000e+00  0.000000000000000000e+00  0.000000000000000000e+00  5.701416969299316406e+00
0.000000000000000000e+00  0.000000000000000000e+00  0.000000000000000000e+00  0.000000000000000000e+00  0.000000000000000000e+00  0.000000000000000000e+00  5.735372066497802734e+00
0.000000000000000000e+00  0.000000000000000000e+00  0.000000000000000000e+00  0.000000000000000000e+00  0.000000000000000000e+00  0.000000000000000000e+00  5.773721933364868164e+00
-3.141592653589793116e+00  1.794275850083870250e+00  -2.365235394101146138e+00  4.722416276963398163e-01  -2.752048637588584423e+00  -7.612710137213303252e-01  6.593098878860473633e+00
-3.141592653589793116e+00  1.557755868631771401e+00  -1.987558987895537088e+00  2.587175868919521782e-01  3.141592653589793116e+00  -6.212519107873782920e-01  6.668596982955932617e+00
1.052138809797768193e+00  1.577872012384543332e+00  -1.365319084702361074e+00  2.551593225024862299e+00  3.141592653589793116e+00  -5.380977493011034340e-01  6.757531881332397461e+00
6.173335604161034329e-01  1.640705346695145117e+00  -1.899173583040376201e+00  2.578981237323189291e+00  3.141592653589793116e+00  -3.863417291693052591e-01  6.834317922592163086e+00
1.736432583505010951e+00  1.739468664494051131e+00  -1.992023295952720430e+00  2.387676347674257959e-01  3.141592653589793116e+00  -1.735028924123308558e-01  6.890542984008789062e+00
2.213407652287987748e+00  1.826994485851036742e+00  -1.927484046391445993e+00  7.231508536172539525e-01  3.141592653589793116e+00  -2.354751162853765956e-01  6.941297054290771484e+00
3.141592653589793116e+00  2.157131160332235620e+00  -3.348783378700656566e-01  1.896167803455870882e+00  3.141592653589793116e+00  -2.170452120688567133e-01  7.018620014190673828e+00
-3.141592653589793116e+00  3.085816854947308396e+00  -3.141592653589793116e+00  -4.052861413492787057e-01  3.147533187563513191e-01  -5.182224363616279306e-02  7.099143028259277344e+00
-3.141592653589793116e+00  2.888725546538837285e+00  -2.980213935399332659e+00  -5.105384817195627312e-01  -9.947199571759420822e-01  -2.315765081725553592e-02  7.156111955642700195e+00
-3.141592653589793116e+00  3.141592653589793116e+00  -3.141592653589793116e+00  -5.666348525750501963e-01  -2.494927120337466497e-01  2.752962525071979243e-03  7.222568035125732422e+00
-3.141592653589793116e+00  3.141592653589793116e+00  -3.141592653589793116e+00  -7.519886270902431669e-01  -1.666472833686667654e+00  9.954706317267129900e-02  7.286006927490234375e+00
2.412508549449783768e+00  5.413110336054760031e-03  1.915268428612540319e+00  -3.141592653589793116e+00  1.966856538294426304e+00  5.248231338850106731e-01  7.343364953994750977e+00
3.123134641982128645e+00  -7.655484727339306739e-01  2.596635106783900415e+00  -3.141592653589793116e+00  -5.911746830413334708e-01  5.485750433319155350e-01  7.391653060913085938e+00
3.126276675595692556e+00  -6.625583882137027203e-01  2.218189411987031345e+00  -3.141592329958588170e+00  -8.769146214985952259e-01  5.719052737040750678e-01  7.444519996643066406e+00
2.626002126237066747e+00  3.846109720666504583e-01  8.241289210798778964e-01  -3.141592653589793116e+00  3.432275067824447357e-01  5.854798279666324490e-01  7.491293907165527344e+00
1.881504418993934280e+00  1.806243873464322025e+00  -8.280861950478770606e-01  -3.141592653589793116e+00  3.986231561106761134e-01  5.834499977493171619e-01  7.544475078582763672e+00
2.077310621052895545e+00  2.497065975929775750e+00  -1.862293007029318659e+00  -3.141592653589793116e+00  2.957333724041563139e-01  6.015143300864110865e-01  7.603641033172607422e+00
2.111498245585906819e+00  1.911362650449145439e+00  -1.491301568727821714e+00  -3.141592653589793116e+00  4.945260599790983203e-01  6.562715315035950736e-01  7.661771059036254883e+00
2.213883392895537927e+00  5.259094193134297157e-01  -1.918368382972756858e-01  -3.141592653589793116e+00  6.989811825668508227e-01  7.223015972225650394e-01  7.714372873306274414e+00
2.334357949915296437e+00  -2.772430897680250528e+00  2.793849810277542201e+00  -1.614468411030686390e+00  5.703037653550103725e-01  8.292807618237658662e-01  7.794990062713623047e+00
1.909862537349703793e+00  3.141592653589793116e+00  -3.141592653589793116e+00  -3.141592653589793116e+00  1.008513563402687385e+00  2.078936971186434168e-01  7.842686891555786133e+00
2.198270122632326462e+00  3.141592193765366581e+00  -3.141592216135575377e+00  -3.141592112769121314e+00  1.200925472850040254e+00  3.724616984267888342e-01  7.931737899780273438e+00
2.787618302375654888e+00  3.141592653589793116e+00  -3.141592653589793116e+00  -3.141592653589793116e+00  1.585825506589517486e+00  6.494747450245443865e-01  7.999727964401245117e+00
2.853091176266640883e+00  -3.141592653589793116e+00  3.115979919904434681e+00  -1.951421686560396829e+00  1.272882648877975642e+00  7.707344255467176719e-01  8.068136930465698242e+00
2.738092294081136302e+00  -3.141592653589793116e+00  3.078087620571974714e+00  -2.380010829533952155e+00  1.260521427202381251e+00  7.184853217728078834e-01  8.133347988128662109e+00
2.636533044426422556e+00  -3.141592653589793116e+00  3.090510923392678855e+00  -2.069630451695277706e+00  1.200815495092997898e+00  6.978991750481502443e-01  8.175504922866821289e+00
2.465841564708621370e+00  -3.141592653589793116e+00  3.073224642680349117e+00  -1.418748424515981377e+00  9.892566893270037243e-01  6.894582604214039012e-01  8.226530075073242188e+00
2.355028083629073787e+00  -3.141592653589793116e+00  3.088101067816593659e+00  -1.196545493425972717e+00  8.660730199767375792e-01  6.995564359405798127e-01  8.262482881546020508e+00
2.099735660550811289e+00  -3.141592653589793116e+00  3.111859981139784903e+00  2.861650319322130986e+00  -1.768183438006386832e-01  8.832928038772678292e-01  8.301264047622680664e+00
1.956760628682776115e+00  -3.141592653589793116e+00  3.104604961407243735e+00  2.868428069927451141e+00  -3.112223385694898314e-01  8.877566101453995273e-01  8.340942859649658203e+00
1.817111211330135312e+00  -3.141592217571711032e+00  3.099007655916840687e+00  2.849668521846989488e+00  -4.366861018272322759e-01  8.681103365983590114e-01  8.384788990020751953e+00
1.426427649996903968e+00  -3.122645295125252574e+00  3.102277264245994814e+00  2.910526344560504519e+00  -1.571007560142128723e+00  1.049346853104031307e+00  8.418210029602050781e+00
1.309925225440357721e+00  -3.094865261514868404e+00  3.078668178913644304e+00  2.940176567961894083e+00  -1.649685382099043807e+00  1.048991372005551037e+00  8.469543933868408203e+00
1.231728328342307943e+00  -3.082365042974673841e+00  3.059615577238454343e+00  2.990281153030479810e+00  -1.712119463208137127e+00  1.055434592019317108e+00  8.514740943908691406e+00
1.153510405793432669e+00  -3.064928796265276478e+00  3.057586771284287686e+00  3.034863392900467360e+00  -1.778749749492485988e+00  1.047257174646173405e+00  8.548660039901733398e+00
1.086821200903808737e+00  -3.066779513327766438e+00  3.049054101873110323e+00  3.041471189734151981e+00  -1.860847035738182331e+00  1.068703205187673699e+00  8.590317010879516602e+00
4.109015270250594432e-01  -3.072984284998834692e+00  3.042035148526030852e+00  3.070849294967532561e+00  -2.327666719170452758e+00  1.284486907506666720e+00  8.630486011505126953e+00
3.717545725783003574e-01  -3.058644602932309997e+00  3.037096401321979222e+00  3.064049030940759533e+00  -2.390513380407086608e+00  1.302183561476707441e+00  8.664985895156860352e+00
3.068099510858879331e-01  -3.074881520445840621e+00  3.050392698539131420e+00  3.088806428140553617e+00  -2.487763183903777708e+00  1.309452262508649101e+00  8.704216003417968750e+00
2.384304154187926739e-01  -3.064129531059642808e+00  3.045814023654350500e+00  3.136559570057034563e+00  -2.565058652814260931e+00  1.309867978324384286e+00  8.749749898910522461e+00
1.709200741076427332e-01  -3.064730136174461439e+00  3.058613575423676068e+00  3.135848736746669640e+00  -2.584915374119367559e+00  1.341936724836476635e+00  8.794216871261596680e+00
0.000000000000000000e+00  0.000000000000000000e+00  0.000000000000000000e+00  0.000000000000000000e+00  0.000000000000000000e+00  0.000000000000000000e+00  8.830726861953735352e+00
0.000000000000000000e+00  0.000000000000000000e+00  0.000000000000000000e+00  0.000000000000000000e+00  0.000000000000000000e+00  0.000000000000000000e+00  8.868555068969726562e+00
0.000000000000000000e+00  0.000000000000000000e+00  0.000000000000000000e+00  0.000000000000000000e+00  0.000000000000000000e+00  0.000000000000000000e+00  8.916476011276245117e+00
3.141592653589793116e+00  -1.467602933401910947e+00  1.809754497148631680e+00  -5.095239239111540863e-01  2.727785622687318945e+00  1.667041442403979223e-01  9.723456859588623047e+00
3.141592647315648801e+00  -1.212030981175442168e+00  1.562878637882601618e+00  -5.990583762695499415e-01  3.141591740524317000e+00  8.868311854442241515e-02  9.807714939117431641e+00
3.141592653589793116e+00  -1.001427730807994410e+00  1.331772884999076423e+00  -5.998609061304730483e-01  3.141592653589793116e+00  -2.072027923902850996e-02  9.887028932571411133e+00
3.141592653589793116e+00  -4.230537231250703911e-01  7.425275361856108480e-01  -8.045112688077538099e-01  3.141592653589793116e+00  9.488635837958815655e-02  9.950021982192993164e+00
1.510291068030717998e+00  -5.330773583027362816e-01  9.123542135930304831e-01  -1.263851050529954057e+00  1.663088438559084725e+00  -2.242745022527392051e-01  1.004485702514648438e+01
3.141592653589793116e+00  -5.538152119548763429e-03  1.996084162392535444e-01  -1.325837874773921676e+00  3.141592653589793116e+00  -3.092332932693442893e-01  1.009760594367980957e+01
3.141592653589793116e+00  4.498856680771383676e-01  -2.761125048137599292e-01  -1.156146591888716824e+00  3.141592547001569979e+00  -1.660497958190825241e-01  1.017594289779663086e+01
3.141592653589793116e+00  8.981513434369302329e-02  3.746580242643238884e-02  -6.563140538244361943e-01  3.141592653589793116e+00  -3.874702390653829154e-01  1.027368688583374023e+01
3.141592653589793116e+00  1.595089095840518736e-02  9.051290584394733330e-02  -8.312514733710290038e-01  3.141592653589793116e+00  -4.092390841503901755e-01  1.037131094932556152e+01
3.141592653589793116e+00  9.025388314561053615e-01  -8.244611373777039898e-01  -1.462174121842225505e+00  3.141592653589793116e+00  -3.877589391151496923e-01  1.044374704360961914e+01
3.141592653589793116e+00  1.149147074470445062e+00  -1.039296732610346830e+00  -1.814747300543804398e+00  3.141592645616772650e+00  -4.382719413238267414e-01  1.052453494071960449e+01
3.141592653589793116e+00  3.141592653589793116e+00  -3.141592653589793116e+00  -3.141592653589793116e+00  3.141592653589793116e+00  -5.204790034823587597e-01  1.058335804939270020e+01
3.141592653589793116e+00  3.141592653589793116e+00  -3.141592653589793116e+00  -3.141592653589793116e+00  3.141592653589793116e+00  -4.991041258186507124e-01  1.064609503746032715e+01
3.141592653589793116e+00  3.141592653589793116e+00  -3.141592653589793116e+00  -3.141592653589793116e+00  3.141592653589793116e+00  -5.041517594707290995e-01  1.069538187980651855e+01
3.141592653589793116e+00  3.141592653589793116e+00  -3.141592653589793116e+00  -3.141592642488580722e+00  3.141592646528810651e+00  -5.173512065373576663e-01  1.073952698707580566e+01
3.070172985360986040e+00  3.141592653589793116e+00  -3.141592653589793116e+00  -3.141592621303633148e+00  3.141592649107349811e+00  -5.165177774869061933e-01  1.079499888420104980e+01
2.697714774060967713e+00  3.141592653589793116e+00  -3.141592653589793116e+00  -3.141592628771461726e+00  3.141592652482830150e+00  -5.117244600604125004e-01  1.084607291221618652e+01
2.337782543852420680e+00  3.141592653589793116e+00  -3.141592653589793116e+00  -3.141592638226997636e+00  3.141592653589793116e+00  -5.087113205144249140e-01  1.089772605895996094e+01
1.978016838046318782e+00  3.141592653589793116e+00  -3.141592653589793116e+00  -3.141592642985168826e+00  3.141592653589793116e+00  -4.962600259483068155e-01  1.093909096717834473e+01
1.648690952493701900e+00  3.141592653589793116e+00  -3.141592653589793116e+00  -3.141592648607713034e+00  3.141592653589793116e+00  -4.705551279783773966e-01  1.098573899269104004e+01
1.177335304234106816e+00  3.141592653589793116e+00  -3.141592653589793116e+00  -3.141592653589793116e+00  3.141592653589793116e+00  -4.494685491299398317e-01  1.103569602966308594e+01
6.876348134946467239e-01  3.141592653589793116e+00  -3.141592653589793116e+00  -3.141592619599379077e+00  3.141592653589793116e+00  -4.372085326829702190e-01  1.108380699157714844e+01
1.988603013338262893e-01  3.141592653589793116e+00  -3.141592653589793116e+00  -3.141592653589793116e+00  2.892898042400140479e+00  -4.209799499115600141e-01  1.112520599365234375e+01
-2.591843579930131480e-01  3.141592653589793116e+00  -3.141592653589793116e+00  -3.141592653589793116e+00  2.227522934681905653e+00  -4.143451414269362365e-01  1.116949200630187988e+01
-2.462813435161617104e+00  3.141592618756452904e+00  -3.141592642897770737e+00  -3.141592502364225048e+00  -1.303248616559166795e+00  -4.439637872885405789e-01  1.122491908073425293e+01
-2.938199225611332732e+00  2.293823235480056955e+00  -2.469507807281242417e+00  8.801982595895382899e-02  -2.704911815094104277e+00  -4.203538168334559066e-01  1.128705000877380371e+01
-3.051001626641607345e+00  1.946527358155290210e+00  -2.112054802731655023e+00  8.221660208526968550e-01  -3.129517998538798640e+00  -4.019256023459977789e-01  1.134194207191467285e+01
-2.916899196599136879e+00  1.448446189616180435e+00  -1.626150690042343472e+00  2.237012245895298790e+00  -3.120458885954460637e+00  -3.748668979165086790e-01  1.139073204994201660e+01
-3.050626835846422136e+00  1.127434050406133093e+00  -1.419399850917493211e+00  2.581080256075047430e+00  -3.093313788234441031e+00  -3.538265602606313620e-01  1.144928097724914551e+01
-2.970516930634082620e+00  4.425372986742224790e-01  -9.172915310780942466e-01  2.878106435693934095e+00  -3.100531100316407773e+00  -3.521268971371211975e-01  1.149039387702941895e+01
-2.997559212624631542e+00  -2.526412271419746780e-01  -3.772528669102310217e-01  3.032816127251814375e+00  -3.111870044460721907e+00  -3.424136991266135133e-01  1.154058599472045898e+01
-2.967322986554961073e+00  -2.200948049404764184e+00  1.877270850298611737e+00  3.112279702084463917e+00  -3.096708241046368215e+00  -2.697300705922213715e-01  1.158176708221435547e+01
-2.932970967248843763e+00  -2.520123799367960604e+00  2.331080089959179702e+00  3.141592653589793116e+00  -3.052730135503921360e+00  -2.060351032989075626e-01  1.163001608848571777e+01
-2.836826895098612855e+00  -2.527439970742432429e+00  2.329479412647375902e+00  3.141592653589793116e+00  -2.938681946743410656e+00  -1.876471012343184364e-01  1.167397689819335938e+01
-2.746314949861297094e+00  -2.583187517287080848e+00  2.391887453200581160e+00  3.141592653589793116e+00  -2.878145155565320135e+00  -1.741666016916247894e-01  1.172115802764892578e+01
-2.721420714100132088e+00  -2.644833192506555353e+00  2.465947110335527714e+00  3.141592653589793116e+00  -2.873056679683499315e+00  -1.663157422639970073e-01  1.175706005096435547e+01
-2.708234583233370518e+00  -2.690499985004925154e+00  2.516373315336874583e+00  3.141592653589793116e+00  -2.872503118650179932e+00  -1.591643007907734830e-01  1.179090690612792969e+01
-2.671924374919067979e+00  -2.745948236416873911e+00  2.577529964562736975e+00  3.141592603724314703e+00  -2.861755476119619779e+00  -1.527453997188009671e-01  1.182710886001586914e+01
-2.605014064358363690e+00  -2.722132420577481504e+00  2.588130794797375511e+00  3.141592653589793116e+00  -2.802504043351649710e+00  -1.493036273254477464e-01  1.186051988601684570e+01
-2.489437392023052809e+00  -2.748741156297521027e+00  2.643800350087764706e+00  3.141592653589793116e+00  -2.617996036416264438e+00  -1.064107766771173746e-01  1.189194488525390625e+01
-2.467978998255160317e+00  -2.780500811516321669e+00  2.697793176580095320e+00  3.141592588419172216e+00  -2.632244931756410278e+00  -6.116935157072922458e-02  1.192764687538146973e+01
-2.383365330835195195e+00  -2.789532486827146496e+00  2.693228797408138586e+00  3.141592653589793116e+00  -2.532583832938924751e+00  -2.722088163003114764e-02  1.196869087219238281e+01
-2.346091126300693830e+00  -2.819091885061830283e+00  2.720230734879041545e+00  3.141592653589793116e+00  -2.524134276641563979e+00  -1.186907076348605872e-01  1.200525307655334473e+01
-2.315766960548172104e+00  -2.837817168585006211e+00  2.768367669588603697e+00  3.141592653589793116e+00  -2.461656166757950182e+00  -1.179972277705975681e-01  1.204089593887329102e+01
0.000000000000000000e+00  0.000000000000000000e+00  0.000000000000000000e+00  0.000000000000000000e+00  0.000000000000000000e+00  0.000000000000000000e+00  1.207693600654602051e+01
0.000000000000000000e+00  0.000000000000000000e+00  0.000000000000000000e+00  0.000000000000000000e+00  0.000000000000000000e+00  0.000000000000000000e+00  1.210980200767517090e+01
0.000000000000000000e+00  0.000000000000000000e+00  0.000000000000000000e+00  0.000000000000000000e+00  0.000000000000000000e+00  0.000000000000000000e+00  1.214242601394653320e+01
2.126697869004568475e-01  -2.810509168812765246e+00  3.141592653589793116e+00  -1.784052913058099474e-02  -3.764777854218570845e-03  1.980352052914659544e-01  1.295419597625732422e+01
2.914057430666788968e-03  5.506653622963712802e-02  -1.103289269999106759e-02  5.222076143040212115e-02  -5.116872513904634732e-03  -1.020084672382836483e-02  1.301288890838623047e+01
4.355764797417008977e-03  -2.406638518517232803e-02  -2.796119386524697700e-02  5.367397302639290158e-02  -5.762050252063647196e-03  -1.046206121060131583e-02  1.304193186759948730e+01
2.286705165501697334e-01  -2.820438397821786403e+00  3.141592653589793116e+00  -1.022063945801086893e-02  -3.346019809413096433e-03  2.018117728861791582e-01  1.307304406166076660e+01
2.632445424082254237e-01  -2.941014261314453204e+00  3.141592653589793116e+00  -7.434907462535019981e-03  -5.992006135722207152e-03  2.451523687921905170e-01  1.311288595199584961e+01
3.056762588879411990e-01  -2.978829157624506951e+00  3.141592653589793116e+00  -1.233276378218565658e-02  -6.550425509385197562e-03  2.623477165815448209e-01  1.315202498435974121e+01
3.319267002006297540e-01  -3.017817945061183060e+00  3.141592653589793116e+00  -2.187784645425363411e-02  -6.669156382354308674e-03  2.895709797019712650e-01  1.319227600097656250e+01
3.538608787558825131e-01  -3.052949712929832859e+00  3.141592653589793116e+00  -2.106157940006296928e-02  -6.655613430057109176e-03  3.081699026920803886e-01  1.322800087928771973e+01
3.670131828892179149e-01  -3.071749108846460352e+00  3.141592653589793116e+00  -4.759328139727581758e-02  -6.878440421848498396e-03  3.236567795355822508e-01  1.325291204452514648e+01
3.842749054417277099e-01  -3.090506534224085833e+00  3.141592653589793116e+00  -4.133481002594443371e-02  -6.700162877369777482e-03  3.454339752926525731e-01  1.328693509101867676e+01
4.024809082034754293e-01  -3.096972350812994712e+00  3.141592653589793116e+00  -4.312092349947321129e-02  -6.775387794287565310e-03  3.636830116270353130e-01  1.332348108291625977e+01
4.190865671838885365e-01  -3.089877562674607780e+00  3.141592653589793116e+00  -4.955041894675874664e-02  -6.492897817923348053e-03  3.749948515142180749e-01  1.335579705238342285e+01
4.291483072368725282e-01  -3.074651983540358291e+00  3.141592653589793116e+00  -4.029095444521899744e-02  -6.461763246035446932e-03  3.923169500658404418e-01  1.338562107086181641e+01
5.571666338726534162e-01  -3.059100448346599777e+00  3.141592653589793116e+00  -1.449455088986670026e-01  -1.076636879869046501e-03  5.304243189387380930e-01  1.341203403472900391e+01
5.679965747521079633e-01  -3.070608568755053280e+00  3.141592653589793116e+00  -1.530040205601048420e-01  -5.725622875455649253e-04  5.448408563708174723e-01  1.344452786445617676e+01
5.695288108286364892e-01  -3.073938469262322393e+00  3.141592653589793116e+00  -1.683555509045810694e-01  -4.308857022745737181e-04  5.412794977265276142e-01  1.347954607009887695e+01
5.756680144648130826e-01  -3.083435236675396318e+00  3.141592653589793116e+00  -1.289179047450127180e-01  4.564023810011598329e-04  5.531293043330470782e-01  1.351999902725219727e+01
5.872002594871349457e-01  -3.064929637538693186e+00  3.141592653589793116e+00  -1.758526713019430421e-01  1.004748223213319976e-03  5.611365985352563257e-01  1.355759406089782715e+01
5.907163808668467464e-01  -3.083672136134828712e+00  3.141592653589793116e+00  -1.800086373701930142e-01  1.314780995806014889e-03  5.749485878912632408e-01  1.358870196342468262e+01
6.701596588903406815e-01  -3.104194689084214254e+00  3.141592653589793116e+00  -2.839244771415957436e-01  1.093398080528104784e-02  7.061071242221648170e-01  1.362180995941162109e+01
6.803944178895803274e-01  -3.115772288824089742e+00  3.141592647833610030e+00  -2.374692031159064687e-01  1.031464998939740987e-02  7.338611935929072461e-01  1.370398306846618652e+01
7.117229986510085205e-01  -3.118809236607086977e+00  3.141592609512704026e+00  -2.046046703294260583e-01  1.282496760131005518e-02  7.455298816536309880e-01  1.373572707176208496e+01
7.146445477173017924e-01  -3.118723933511119206e+00  3.141592653589793116e+00  -3.227451134815828016e-01  1.356902018820967809e-02  7.320496539867527019e-01  1.377328991889953613e+01
0.000000000000000000e+00  0.000000000000000000e+00  0.000000000000000000e+00  0.000000000000000000e+00  0.000000000000000000e+00  0.000000000000000000e+00  1.380472087860107422e+01
0.000000000000000000e+00  0.000000000000000000e+00  0.000000000000000000e+00  0.000000000000000000e+00  0.000000000000000000e+00  0.000000000000000000e+00  1.383584904670715332e+01
0.000000000000000000e+00  0.000000000000000000e+00  0.000000000000000000e+00  0.000000000000000000e+00  0.000000000000000000e+00  0.000000000000000000e+00  1.386976599693298340e+01
-1.188853918707012940e-03  3.544770792090138900e-01  -6.105680562902270070e-02  6.233536823185818754e-02  4.364550122188181475e-02  -1.228582427115735426e-02  1.469377088546752930e+01
-9.889472402346390426e-04  3.352453906156461771e-01  -7.094999681420574578e-02  1.006181578734636067e-01  -1.945687626794928571e-02  -1.429867457382780552e-02  1.473576903343200684e+01
-9.900993408566434017e-04  3.350004427790565509e-01  -6.852111501583857400e-02  3.681203499463742146e-02  -4.665436820799447742e-02  -1.430853837996247727e-02  1.476000595092773438e+01
-1.021720028981369004e-03  3.908365826380063579e-01  -1.191779063647193243e-01  6.414091119660234042e-02  -2.212920072128443660e-02  -1.545562080568328722e-02  1.479038286209106445e+01
-1.023611120713990462e-03  9.142679609848300970e-01  -4.411182149706677214e-01  1.168467192735102439e-01  2.273433903078600840e-02  -2.629618221306688833e-02  1.481897902488708496e+01
-2.938574256487828159e-03  1.883230323714236265e+00  -1.070180972055700508e+00  7.503017796793579053e-02  -2.876051655428996795e-02  -5.097440022453903624e-02  1.485978889465332031e+01
-1.744287480195092204e-03  2.601550891500691520e+00  -1.648972424574054241e+00  1.000588189455263732e-01  -1.005629236597063367e-02  -6.763269000829583155e-02  1.489800190925598145e+01
-6.434514182397427576e-03  2.839438601274748120e+00  -1.833334139271351360e+00  8.935558740551555190e-02  -7.864940873429257517e-02  -7.914543390029331327e-02  1.494009590148925781e+01
-7.724946764907783059e-04  2.944176746513856191e+00  -2.040133192940714046e+00  8.333023620649702978e-02  2.096253448326956034e-03  -6.858778632662555774e-02  1.497593688964843750e+01
-3.043645075532993259e-03  2.995867982370777671e+00  -2.139083799885961756e+00  7.688964757650344761e-02  -7.162293705818112421e-02  -7.237943660681740721e-02  1.500949406623840332e+01
-3.573185444335072632e-03  3.048552096993784044e+00  -2.236623150753670686e+00  5.904588176614936762e-02  -6.758533131915796244e-02  -9.793696962410521067e-02  1.504323792457580566e+01
-4.305377727477814956e-03  3.054792805482993145e+00  -2.315697651594789797e+00  4.940737858976303187e-02  1.932724987668665503e-02  -1.027816803577326493e-01  1.507385706901550293e+01
-2.460939406940595899e-03  3.064912735357078422e+00  -2.392974525606437641e+00  4.546694434098547122e-02  8.416869230033464933e-03  -1.402790654501860079e-01  1.510318398475646973e+01
-6.560394944955154697e-03  3.080722250498538539e+00  -2.467179504432302828e+00  3.255913249313004132e-02  -1.007346759870792058e-01  -8.028315574579135416e-02  1.513670492172241211e+01
-2.225484024149146454e-03  3.063463131155885755e+00  -2.864449786909721851e+00  -1.283261780854056122e-01  -4.583866945392583991e-02  -6.003264515625349879e-02  1.516724395751953125e+01
-3.100006961353097591e-03  3.070165993977075125e+00  -2.888628930047322907e+00  -1.357905620894519216e-01  -1.970666037824467254e-02  -6.539153442045850251e-02  1.519909906387329102e+01
-2.978779834876153863e-03  3.072745605124999280e+00  -2.901933543560636153e+00  -1.458195106566939625e-01  -1.303738377428163321e-02  -5.065886433283546542e-02  1.522981786727905273e+01
-4.309104318962509415e-03  3.080956520314428015e+00  -2.927654832572920807e+00  -1.531376326949610844e-01  -3.376030173727159744e-03  -5.401792782410053811e-02  1.526283502578735352e+01
-4.734646111757704126e-03  3.095479378344254240e+00  -2.957527154510945611e+00  -1.710241831931733625e-01  7.870023782688003247e-03  -5.300956554723693093e-02  1.529117798805236816e+01
-2.870748024706961960e-03  3.101357774687377944e+00  -2.976179871916910358e+00  -1.770994687939844159e-01  7.392927449454117679e-03  -6.053377258727665050e-02  1.532514500617980957e+01
-2.613092977257456834e-03  3.100344186602428831e+00  -2.982202679018313596e+00  -1.912666275202998534e-01  1.336884528411227784e-02  -4.432061818131276254e-02  1.535739898681640625e+01
-1.783504772304366501e-03  3.097788402164032284e+00  -2.977747036028997041e+00  -2.071739946317916192e-01  5.466422939438464815e-03  -4.801327908309894338e-02  1.539647507667541504e+01
-3.363670785065566403e-03  3.093424447442430836e+00  -2.952765621298294452e+00  -2.170399466582428882e-01  3.749486842097233402e-02  -3.775744721266059700e-02  1.543836903572082520e+01
-1.221778249427504445e-03  3.106012840792872431e+00  -2.960201077506965373e+00  -3.981600511151986432e-01  3.696237752038279006e-02  3.392798595991229627e-02  1.547397494316101074e+01
-6.086641232533371955e-04  3.066321402426961384e+00  -2.919961799641736633e+00  -4.101756789420997751e-01  4.206501968782177386e-03  3.205355141263242780e-02  1.550859093666076660e+01
-8.542263364237046800e-04  3.081907970572085098e+00  -2.933503962011035693e+00  -4.033683573901986619e-01  1.680874612248406050e-02  3.590284270101889996e-02  1.554345107078552246e+01
-7.501067160255228943e-04  3.081131264424406435e+00  -2.928845678036516187e+00  -4.261269651111874723e-01  6.840546555045748378e-02  4.437514033833320215e-02  1.557553887367248535e+01
8.804566773321062566e-04  3.086852099103197133e+00  -2.948530466467650157e+00  -4.473751998101173077e-01  3.103844030717698224e-02  5.750763034675412944e-02  1.560940289497375488e+01
-9.251605927931140603e-05  3.091606709324891344e+00  -2.955942428024325164e+00  -4.843225123531467169e-01  8.787407397187446678e-02  6.959640265285747807e-02  1.564314389228820801e+01
5.546351524282557184e-03  3.097537189156225335e+00  -2.979744211309670376e+00  -6.519718483150875876e-01  1.756055422307052638e-01  1.571155148364394571e-01  1.568150997161865234e+01
4.156928956723644590e-03  3.115364945018261889e+00  -2.969686724599682748e+00  -6.284604042625047127e-01  3.478620239054886626e-02  1.504305628147614704e-01  1.570994901657104492e+01
4.071941229978185729e-03  3.064891865354136602e+00  -2.915681254141636369e+00  -6.414529646944236996e-01  1.663175858851175248e-01  1.027409141811804205e-01  1.574875903129577637e+01
4.952013204798615467e-03  3.120837428062182006e+00  -2.977317413011391078e+00  -6.532781045440829715e-01  2.297354976796677772e-01  1.034874116668777211e-01  1.579038190841674805e+01
3.801335177907399186e-03  3.115021501953429972e+00  -3.027108293681467277e+00  -6.941004548146924025e-01  2.996822248407826975e-02  1.882723777515230845e-01  1.582444000244140625e+01
0.000000000000000000e+00  0.000000000000000000e+00  0.000000000000000000e+00  0.000000000000000000e+00  0.000000000000000000e+00  0.000000000000000000e+00  1.586174106597900391e+01
0.000000000000000000e+00  0.000000000000000000e+00  0.000000000000000000e+00  0.000000000000000000e+00  0.000000000000000000e+00  0.000000000000000000e+00  1.589883804321289062e+01
0.000000000000000000e+00  0.000000000000000000e+00  0.000000000000000000e+00  0.000000000000000000e+00  0.000000000000000000e+00  0.000000000000000000e+00  1.592929196357727051e+01
-3.141592653589793116e+00  2.457998667609627486e+00  -3.003684774479309372e+00  2.637327298870264514e-01  -2.871719540168193863e+00  -5.513074922918945742e-01  1.674592208862304688e+01
-1.313021530304444351e+00  2.018064105945960307e+00  -2.475239938739039580e+00  8.909172055616355890e-02  3.141592653589793116e+00  -5.058433031142880454e-01  1.683787703514099121e+01
2.094050444976403913e+00  2.084325225426612249e+00  -1.031654004334078278e+00  7.001515622358706059e-02  3.141592653589793116e+00  -4.916790289048152407e-01  1.691299295425415039e+01
3.141592653589793116e+00  1.959502743220639109e+00  -1.360983587505624648e+00  -2.384924020734298933e-01  3.141592653589793116e+00  -3.845025058333794710e-01  1.698011302947998047e+01
3.141592653589793116e+00  1.462879667251481441e+00  -7.018788436608546233e-01  9.137178027089599697e-01  3.141592653589793116e+00  -3.436957819435688122e-01  1.703328704833984375e+01
3.141592653589793116e+00  1.923775481544570232e+00  -4.253748002592946387e-01  6.971990696083406602e-01  3.141592653589793116e+00  -3.413579224329649220e-01  1.708430409431457520e+01
3.141592653589793116e+00  2.055149024217920228e+00  1.705446339310181733e-02  8.535430098354996886e-01  3.141592653589793116e+00  -3.258803279411863207e-01  1.713550496101379395e+01
3.141592653589793116e+00  2.067710533716497601e+00  1.128192286351408224e-01  6.356532599009820927e-01  3.141592653589793116e+00  -3.022701295273625410e-01  1.718629097938537598e+01
3.141592653589793116e+00  1.863515559381978548e+00  2.325263942452908683e-01  -7.084501125986017445e-02  3.141592653589793116e+00  -2.828333068501653336e-01  1.723635792732238770e+01
3.141592653589793116e+00  1.857073312875455295e+00  3.870887500469740727e-01  -1.900755711098219836e-01  3.141592653589793116e+00  -2.609479308918695173e-01  1.728925108909606934e+01
3.141592653589793116e+00  1.465814066207691280e+00  6.066787472807507742e-01  4.468051839914541912e-01  3.141592653589793116e+00  -2.671553156128414486e-01  1.734682297706604004e+01
3.141592653589793116e+00  3.666612269864206186e-01  7.754574021065822054e-01  -4.677340000551424293e-01  3.141592653589793116e+00  -2.526965807584453660e-01  1.740786695480346680e+01
3.141592653589793116e+00  -1.775446016684060491e-01  9.784236592142274425e-02  -5.169549155932793294e-01  3.141592653589793116e+00  -3.033936896852837406e-01  1.746192407608032227e+01
3.140491221576330094e+00  -1.321885867488444832e-01  5.943681671809312173e-01  5.492627380074364130e-01  3.139955801423422344e+00  -3.113313951102762434e-01  1.752012896537780762e+01
-3.141592653589793116e+00  3.141592653589793116e+00  -2.073668629286443466e+00  -1.791252891647012069e+00  4.184121853824304127e-01  -2.473996528941410089e-01  1.761791706085205078e+01
7.950380653176479795e-01  3.141592653589793116e+00  -2.358779395886295038e+00  -1.960355043400373809e+00  2.817471532669765466e+00  -2.572661970629572803e-01  1.769335007667541504e+01
2.728389273147097116e-01  3.141592653589793116e+00  -2.707801060604765553e+00  -2.024215114904704294e+00  3.012175308359845705e+00  -2.530851268321752112e-01  1.776885986328125000e+01
1.277216018488127047e-01  3.141592653589793116e+00  -2.631644492246914879e+00  -2.022348249076878712e+00  3.141592653589793116e+00  -2.072050075338424391e-01  1.781405997276306152e+01
1.206931109927382950e+00  -3.141592653589793116e+00  1.798711451969813302e+00  -3.141592653589793116e+00  3.141592653589793116e+00  7.253897302731855679e-02  1.785921597480773926e+01
1.338409380783641911e+00  -3.141592653589793116e+00  2.961847992431019261e+00  -2.894349022302454166e+00  2.923714369258232804e+00  1.531078835070959210e-01  1.790618896484375000e+01
1.524116884567271901e+00  -3.141592653589793116e+00  2.929170631230204602e+00  -2.556271342620335840e+00  2.639683757900094019e+00  1.723484957948334673e-01  1.795616602897644043e+01
1.577470730271375965e+00  -3.141592653589793116e+00  2.937702772537011064e+00  -2.189615972995297533e+00  2.376589999133663422e+00  2.138804726167612136e-01  1.799146890640258789e+01
1.679333300056538247e+00  -3.141592653589793116e+00  2.988714360556036009e+00  -2.010990447516812107e+00  2.230257582455348331e+00  2.459488685633150762e-01  1.802651095390319824e+01
1.777657045905376654e+00  -3.141592653589793116e+00  3.022202787845909455e+00  -1.745518334939126337e+00  2.075431662124567200e+00  2.782966022848034071e-01  1.807070899009704590e+01
1.936091390093952036e+00  3.076105572205685146e+00  -3.141592653589793116e+00  -3.141592653589793116e+00  3.141592653589793116e+00  2.240941011921236681e-01  1.812020087242126465e+01
2.203967110245994565e+00  -1.865091075807454590e+00  1.283913125182593262e+00  -3.141579933679691905e+00  2.599238912325045892e+00  3.850180366474267313e-01  1.822655892372131348e+01
1.802099598874734143e+00  -3.141592653589793116e+00  3.053046926001913963e+00  1.887760919067892618e-01  -1.004899115525003328e+00  4.462094528075784550e-01  1.831268095970153809e+01
1.983409646433480722e+00  -3.141592653589793116e+00  3.098626430848691271e+00  4.525170626027621990e-01  -8.940655450022086947e-01  4.597200156084020883e-01  1.835909986495971680e+01
2.013740351901661452e+00  -3.126502440945742478e+00  3.093189756315019245e+00  7.445891035716963868e-01  -1.760583266626504884e+00  4.754254981198149377e-01  1.840347194671630859e+01
2.040240070755164226e+00  -3.141592653589793116e+00  3.103770937107110939e+00  1.615795968883868783e+00  -2.599966562062340003e+00  5.244469969674284693e-01  1.844782900810241699e+01
2.002617336382598090e+00  -3.141592653589793116e+00  3.122415787751847915e+00  2.008358486906095308e+00  -2.829665700518740223e+00  5.635936289211747052e-01  1.850460290908813477e+01
1.981405566362515192e+00  -3.141592653589793116e+00  3.127768412645612894e+00  2.159848750072953294e+00  -2.950051780273599267e+00  5.868978297697465818e-01  1.854582595825195312e+01
1.934433313458114423e+00  -3.141592653589793116e+00  3.131853551876989439e+00  2.294485751299495835e+00  -3.012969327984361900e+00  6.020534029371930052e-01  1.858554196357727051e+01
1.571469255407017096e+00  -3.141592653589793116e+00  3.133445268229697156e+00  2.746933733150210610e+00  -3.071015824881926370e+00  8.292649586676776874e-01  1.862347698211669922e+01
1.500139677286431938e+00  -3.136640898011939349e+00  3.141592653589793116e+00  2.837262044766552638e+00  -3.099608177134069997e+00  8.372142596100856649e-01  1.866729807853698730e+01
9.643894181127814491e-01  -3.141592644902277076e+00  3.138991615710430505e+00  2.923247577545715181e+00  -3.055864692285935824e+00  1.072038264792264162e+00  1.871132588386535645e+01
8.990175192735748722e-01  -3.138947394827269477e+00  3.141592653589793116e+00  2.959100406751286272e+00  -3.022192673783430372e+00  1.079357990082769225e+00  1.875198602676391602e+01
8.198829178425989239e-01  -3.125068467433372632e+00  3.141592653589793116e+00  2.980599498060038766e+00  -2.980001709436604251e+00  1.101025731734099455e+00  1.879743409156799316e+01
7.636270038766623802e-01  -3.136634531139286697e+00  3.141592653589793116e+00  3.010582235599718270e+00  -2.992482638807368645e+00  1.108445114834548884e+00  1.884265708923339844e+01
6.969402080363101826e-01  -3.137579325746918002e+00  3.141592653589793116e+00  3.054368116985050285e+00  -2.987763852160291833e+00  1.134134695944221782e+00  1.888150906562805176e+01
-3.582210691177368980e-03  -3.126504736450019806e+00  3.141592653589793116e+00  3.078073267950751646e+00  -2.946050508476034668e+00  1.384938671654354136e+00  1.892826104164123535e+01
-1.016021810173916989e-01  -3.118535552678601608e+00  3.141592322206162802e+00  3.070966635234972486e+00  -2.877703981127766930e+00  1.395103905361615437e+00  1.897915291786193848e+01
-1.478149236907281283e-01  -3.139659171332387810e+00  3.141592653589793116e+00  3.110598641168251355e+00  -2.847930828005272641e+00  1.436021248037557152e+00  1.901874804496765137e+01
0.000000000000000000e+00  0.000000000000000000e+00  0.000000000000000000e+00  0.000000000000000000e+00  0.000000000000000000e+00  0.000000000000000000e+00  1.907278394699096680e+01
0.000000000000000000e+00  0.000000000000000000e+00  0.000000000000000000e+00  0.000000000000000000e+00  0.000000000000000000e+00  0.000000000000000000e+00  1.911962985992431641e+01
0.000000000000000000e+00  0.000000000000000000e+00  0.000000000000000000e+00  0.000000000000000000e+00  0.000000000000000000e+00  0.000000000000000000e+00  1.915637302398681641e+01
0.000000000000000000e+00  0.000000000000000000e+00  0.000000000000000000e+00  0.000000000000000000e+00  0.000000000000000000e+00  0.000000000000000000e+00  1.921196007728576660e+01
3.141592653589793116e+00  -2.241262511442174254e+00  1.596605598563299866e+00  -7.348512657655441593e-01  2.853228226084707053e+00  2.348622395411492647e-02  2.000826287269592285e+01
3.141592653589793116e+00  -1.499615429534862265e+00  1.918047719347695468e+00  -6.756805007566500931e-01  -1.790693363138411431e+00  -5.101367679173632319e-02  2.007652592658996582e+01
3.141592653589793116e+00  -1.502298455155090640e+00  1.667247294836622373e+00  -7.001874216492145475e-01  2.909587213683815232e+00  -1.591180878276589605e-01  2.017078590393066406e+01
3.141592653589793116e+00  -1.039795680036855297e+00  9.129782990221931849e-01  -1.308527920972514247e+00  3.141592653589793116e+00  -3.154223252497227459e-01  2.026704907417297363e+01
3.141592653589793116e+00  -5.237394680313487427e-01  6.440732618594379177e-01  -1.238605897798269684e+00  3.141592653589793116e+00  -3.649233593921311636e-01  2.034170889854431152e+01
3.141592653589793116e+00  -1.865454040572810390e-01  3.652950794479559726e-01  -6.793496425028712205e-01  3.141592653589793116e+00  -3.851683977854838958e-01  2.040929508209228516e+01
3.141592653589793116e+00  -4.562224143617081562e-02  1.952307266910150441e-01  -8.976477069257420283e-01  3.141592653589793116e+00  -3.960942925313324925e-01  2.045724797248840332e+01
3.141592653589793116e+00  1.804943227455529930e-01  -9.933809304512104810e-02  -1.118387229772053626e+00  3.141592653589793116e+00  -4.153007986050487044e-01  2.050166702270507812e+01
3.141592653589793116e+00  3.808645608460253795e-01  -2.796130832056333282e-01  -1.362494657999647529e+00  3.141592653589793116e+00  -4.653215134035459943e-01  2.056071805953979492e+01
3.141592653589793116e+00  6.038545841239774115e-01  -4.823191069338624293e-01  -1.394761232341078294e+00  3.141592653589793116e+00  -4.683899783981985698e-01  2.061694002151489258e+01
3.141592653589793116e+00  3.141592653589793116e+00  -3.141592653589793116e+00  -3.141592653589793116e+00  3.141592653589793116e+00  -5.190071615513085490e-01  2.066788792610168457e+01
3.141592653589793116e+00  3.141592653589793116e+00  -3.141592653589793116e+00  -3.141592653589793116e+00  3.141592653589793116e+00  -5.145131170815120392e-01  2.072110295295715332e+01
3.141592653589793116e+00  3.141592653589793116e+00  -3.141592653589793116e+00  -3.141592653589793116e+00  3.141592653589793116e+00  -4.970583364723913378e-01  2.077675008773803711e+01
3.141592653589793116e+00  3.141592653589793116e+00  -3.141592653589793116e+00  -3.141592643852173072e+00  3.141592653589793116e+00  -4.960362381633932061e-01  2.083212208747863770e+01
3.141592653589793116e+00  3.141592653589793116e+00  -3.141592653589793116e+00  -3.141592637474034166e+00  3.141592653589793116e+00  -4.837854485789490622e-01  2.089583992958068848e+01
3.141592653589793116e+00  3.141592653589793116e+00  -3.141592653589793116e+00  -3.141592645243870940e+00  3.141592653589793116e+00  -4.740248316105888371e-01  2.094038987159729004e+01
3.141592653589793116e+00  3.141592653589793116e+00  -3.141592653589793116e+00  -3.141592651242821166e+00  3.141592653589793116e+00  -4.629511926639116592e-01  2.098504805564880371e+01
3.048486143582736840e+00  3.141592653589793116e+00  -3.141592653589793116e+00  -3.141592653314424943e+00  3.141592653589793116e+00  -4.394856943521610604e-01  2.102461504936218262e+01
2.946198681300786326e+00  3.141592653589793116e+00  -3.141592653589793116e+00  -3.141592653589793116e+00  3.141592653589793116e+00  -4.175440546895418659e-01  2.107242298126220703e+01
2.420907939577427115e+00  3.141592651107555589e+00  -3.141592653589793116e+00  -3.141592579842950261e+00  3.141592608318512614e+00  -4.100434330929423332e-01  2.112793087959289551e+01
1.470040660165424340e+00  3.141592653589793116e+00  -3.141592653589793116e+00  -3.141592653589793116e+00  3.141592653589793116e+00  -4.062476447208747121e-01  2.117807507514953613e+01
2.133614285120632725e-01  3.141592653589793116e+00  -3.141592653589793116e+00  -3.141592653589793116e+00  3.141592653589793116e+00  -3.865083676248733946e-01  2.122080993652343750e+01
-2.933245295320725976e+00  3.141592653589793116e+00  -3.141592653589793116e+00  -3.141592653589793116e+00  9.763790878333558076e-01  -3.754042179863653628e-01  2.127291607856750488e+01
-3.141592653589793116e+00  2.624837141697622389e+00  -2.624781266493713350e+00  -1.170436997678749425e+00  -5.912720149008195980e-01  -3.642144119609594943e-01  2.133546996116638184e+01
-3.128774643853576620e+00  2.543284011980583514e+00  -2.546426649070061554e+00  -1.072609808765706108e+00  -1.054739187245252507e+00  -3.509245525989428405e-01  2.137808299064636230e+01
-3.141592653589793116e+00  2.367661797679689428e+00  -2.382664112050324245e+00  -3.976410191980868092e-01  -2.512769371374643512e+00  -3.311741822513024625e-01  2.141171002388000488e+01
-3.141592653589793116e+00  1.975149079481695713e+00  -2.020820992388377313e+00  1.442409665391825246e+00  -3.123258671246446738e+00  -3.245811133268650672e-01  2.145927596092224121e+01
-3.141592653589793116e+00  1.657731462416254242e+00  -1.799503072363833223e+00  2.432462636672749312e+00  -3.085758474561783871e+00  -3.111438153932645778e-01  2.151833200454711914e+01
-3.141592653589793116e+00  1.403138939927716766e+00  -1.636883550227444362e+00  2.909102404998634039e+00  -3.104883103304608927e+00  -2.770271195219137228e-01  2.156219005584716797e+01
-3.083870804945797683e+00  1.113582579621117619e+00  -1.371915636130132565e+00  3.058825133828876108e+00  -3.141592653589793116e+00  -2.527844279279636286e-01  2.161368298530578613e+01
-3.006465412375393331e+00  -1.243787267942454644e+00  6.458595598036472873e-01  3.066411202197306007e+00  -3.046775982563156404e+00  -1.279151203540988546e-01  2.166574406623840332e+01
-2.937764384976604859e+00  -2.106816936106409965e+00  1.582649703734737345e+00  3.107481702579282690e+00  -3.009608555571523958e+00  -3.504981762747032270e-02  2.170677590370178223e+01
-2.868855155302141746e+00  -2.172533130123373013e+00  1.651691071270725564e+00  3.108055463497826132e+00  -2.960648479512961284e+00  -2.370937642140319782e-02  2.174875187873840332e+01
-2.830283210033896601e+00  -2.192015395175233472e+00  1.740346467144248566e+00  3.116211058522815769e+00  -2.903654737958051957e+00  -1.333078878889434535e-02  2.178858995437622070e+01
-2.765006960054348539e+00  -2.264741282957607460e+00  1.816252074502783920e+00  3.097506553345761748e+00  -2.842822195100245697e+00  -1.672781620158203530e-02  2.183078694343566895e+01
-2.723160016206016110e+00  -2.333981153944487463e+00  1.908560317264783146e+00  3.105266334907698766e+00  -2.816494397913344994e+00  3.002102018782647902e-02  2.186842894554138184e+01
-2.687183876820230299e+00  -2.418935626204453460e+00  2.002454198250102291e+00  3.102984353829608910e+00  -2.789814142619921444e+00  3.705882571450570644e-03  2.190938997268676758e+01
-2.571163268667510771e+00  -2.637231773404804080e+00  2.367255207125162908e+00  3.110898117725486411e+00  -2.681644609050397587e+00  4.451634119330707962e-02  2.194965887069702148e+01
-2.501302200031665368e+00  -2.696748392510611936e+00  2.442726716427241485e+00  3.104915465505233119e+00  -2.636035037117419932e+00  1.126720033599295928e-01  2.199510908126831055e+01
-2.543281104976650386e+00  -2.729095545234330622e+00  2.501089774117545961e+00  3.121632188660035556e+00  -2.631880255748958231e+00  8.043606824642590691e-02  2.203227496147155762e+01
-2.560553460564952477e+00  -2.762187013217347165e+00  2.575621025559954091e+00  3.122136554893944371e+00  -2.621483020936471231e+00  2.361062129931741291e-02  2.207111597061157227e+01
0.000000000000000000e+00  0.000000000000000000e+00  0.000000000000000000e+00  0.000000000000000000e+00  0.000000000000000000e+00  0.000000000000000000e+00  2.212382388114929199e+01
0.000000000000000000e+00  0.000000000000000000e+00  0.000000000000000000e+00  0.000000000000000000e+00  0.000000000000000000e+00  0.000000000000000000e+00  2.217030501365661621e+01
0.000000000000000000e+00  0.000000000000000000e+00  0.000000000000000000e+00  0.000000000000000000e+00  0.000000000000000000e+00  0.000000000000000000e+00  2.220776295661926270e+01
-3.104446929520496279e-01  -2.466188244875821667e+00  3.125296766534205961e+00  -2.074458484485026954e-02  8.621035908675328758e-04  -3.016646723121010343e-01  2.302117800712585449e+01
3.572354520846144667e-03  -1.937067547505262333e-01  -3.773935275398326156e-02  5.493056689040461821e-02  -5.588123319443861516e-05  5.042198250105935781e-02  2.307767295837402344e+01
-3.125511597446754553e-01  -2.488528815052118315e+00  3.097371666695469816e+00  -4.938352794617083263e-02  -2.328012323855910976e-02  -3.242632200233628859e-01  2.310511088371276855e+01
-3.385075429383667678e-01  -2.705779326012311525e+00  2.949781951104411881e+00  -2.688769532114653957e-02  -5.119279429940730604e-03  -3.471517045162524906e-01  2.313917303085327148e+01
-3.927054977074062037e-01  -2.755933717830517882e+00  2.986137267022578534e+00  -3.369471957370446386e-02  -1.427906996684186539e-02  -4.000384905830262072e-01  2.317806005477905273e+01
-4.601596393156878739e-01  -2.818574194236430408e+00  3.036490904816596892e+00  -1.478632312909322274e-02  -1.019926185240381186e-02  -4.606351116788212630e-01  2.321599292755126953e+01
-5.106312584638766916e-01  -2.896299188022243065e+00  3.077401267198279111e+00  -3.652733750780683825e-02  -1.937667086897264593e-02  -5.099080918657691308e-01  2.326597905158996582e+01
-5.344580149412401227e-01  -2.937695595772568335e+00  3.073547095086969438e+00  -4.577621174132023851e-02  -1.606825469125250025e-03  -5.362981492686863527e-01  2.329521298408508301e+01
-5.602753602674704902e-01  -2.958686620806206147e+00  3.073837287133840412e+00  -5.034308163111714252e-02  -8.673088184955895022e-03  -5.637352669597297528e-01  2.332700204849243164e+01
-5.879685298109397218e-01  -2.990247493671148504e+00  3.097639461993476395e+00  -5.324865999930553789e-02  -4.382351416804183830e-02  -5.947139773339464863e-01  2.335738492012023926e+01
-6.065978764997366213e-01  -2.991960568492282757e+00  3.085090490467803814e+00  -5.777939926523664033e-02  -1.592645935854699116e-02  -6.097658157317271677e-01  2.339137005805969238e+01
-6.272576926097410688e-01  -3.018945995307407149e+00  3.099665545001811129e+00  -6.322236949295957642e-02  -1.576332969426822925e-02  -6.313084484668934904e-01  2.341917300224304199e+01
-6.458584674074140386e-01  -3.040405025337482137e+00  3.107984096687858244e+00  -6.351491555506241782e-02  2.356361624129616004e-03  -6.532883936243422118e-01  2.345441198348999023e+01
-8.237641620070124127e-01  -2.966365751778831772e+00  3.083636187328945955e+00  -1.478264973001231775e-01  6.659680338012943790e-02  -8.025407432296919330e-01  2.349133300781250000e+01
-8.366048732260559229e-01  -2.972634767693048463e+00  3.088647719608851538e+00  -2.065315953670888993e-01  -7.388011769064522886e-03  -8.138173023627849334e-01  2.353450703620910645e+01
-8.423570293178332946e-01  -2.985926973719889688e+00  3.096970460616590426e+00  -2.175018560736236006e-01  7.659449378043903939e-03  -8.116342085355477964e-01  2.356792593002319336e+01
-8.463495552832351887e-01  -2.985668160208224897e+00  3.073662658039823192e+00  -1.885312804282925914e-01  -2.274508933629369734e-02  -8.089201402233567872e-01  2.360480904579162598e+01
-8.589338121301995921e-01  -2.995968672534619515e+00  3.093623379814719243e+00  -1.891478324650483211e-01  1.618161083577818876e-02  -8.306286784567541437e-01  2.363706898689270020e+01
-9.523251054546426619e-01  -2.982612860324565407e+00  3.088778188008481251e+00  -2.864426762903937163e-01  2.679540118538106808e-01  -9.220621876538771522e-01  2.367364192008972168e+01
-9.694213319215556623e-01  -3.004275132996795161e+00  3.114992989215918939e+00  -3.951442555970018922e-01  9.003453188971306809e-02  -9.113031443422078270e-01  2.370638799667358398e+01
-9.847074086847265040e-01  -3.036976818029728520e+00  3.121885450236131287e+00  -3.525162286846829085e-01  2.040532407858444142e-01  -8.923916914430088942e-01  2.374450492858886719e+01
-9.934658602110310044e-01  -3.053277972829177678e+00  3.132267732257095982e+00  -4.238747749926379815e-01  -2.458861389507419892e-01  -9.096860710340153311e-01  2.378839302062988281e+01
-9.923250719662485286e-01  -3.011729035591742321e+00  3.105972158782670078e+00  -4.096722355703392715e-01  -1.786193249259581395e-01  -9.304333024441480138e-01  2.382102298736572266e+01
0.000000000000000000e+00  0.000000000000000000e+00  0.000000000000000000e+00  0.000000000000000000e+00  0.000000000000000000e+00  0.000000000000000000e+00  2.386088705062866211e+01
0.000000000000000000e+00  0.000000000000000000e+00  0.000000000000000000e+00  0.000000000000000000e+00  0.000000000000000000e+00  0.000000000000000000e+00  2.389523506164550781e+01
0.000000000000000000e+00  0.000000000000000000e+00  0.000000000000000000e+00  0.000000000000000000e+00  0.000000000000000000e+00  0.000000000000000000e+00  2.393220686912536621e+01
1.104976894859429530e-03  2.527219709043653784e-01  -4.285119920628159551e-02  2.865395405377479943e-02  3.789563611343040733e-02  -1.611431915876188753e-02  2.474051499366760254e+01
1.267734816873654184e-03  2.528961121161048542e-01  -4.352664431454811994e-02  6.920170017897957215e-02  -3.693955671233181692e-02  -1.490854904789764776e-02  2.478631401062011719e+01
1.685842265483075957e-03  2.533739345990785874e-01  -4.327453875764188107e-02  3.133757703107414166e-02  1.066297279652488397e-02  -1.492218949041927527e-02  2.481747007369995117e+01
3.578160836762797614e-02  3.383642829235268268e-01  -1.064472310195426208e-01  9.348465710696200748e-02  -4.386103427134053351e-02  2.272119254011601905e-02  2.484894394874572754e+01
1.474536850623040796e-01  1.023396761974200597e+00  -5.059284807625914482e-01  8.521703075049040510e-02  -1.676779518714174855e-02  5.320686795748794107e-02  2.488361001014709473e+01
2.672787705277032688e-01  1.583890211604727094e+00  -1.005352852171991884e+00  1.038504664710376696e-01  1.142468193221157953e-02  1.418676833454255715e-01  2.492506289482116699e+01
3.573739897119224684e-01  1.845865648583166818e+00  -1.196324771383836749e+00  7.420804608837582028e-02  3.062835824797437503e-02  2.235385887469789890e-01  2.496780490875244141e+01
4.330319925710918727e-01  2.062517602134028571e+00  -1.398552692849239110e+00  5.381284867834783964e-02  7.840073305112832056e-03  2.939719108110479540e-01  2.499934697151184082e+01
5.086696980242717547e-01  2.236640027777248463e+00  -1.591023279363393161e+00  6.070212181450831967e-02  -6.116438712795273236e-02  3.448946818369236222e-01  2.503370308876037598e+01
5.784442058097126749e-01  2.348558807218182665e+00  -1.702345484825837918e+00  7.223191932508350732e-02  1.012011262295020586e-02  4.204211702684003127e-01  2.507166004180908203e+01
6.450889649074801335e-01  2.456393530627517308e+00  -1.808284822169233585e+00  6.855718154274061116e-02  5.499502118918945387e-02  4.793915400184988185e-01  2.510796904563903809e+01
6.981650210152563485e-01  2.538917986783682412e+00  -1.899114013108017751e+00  5.044097361903410875e-02  2.992463352846010463e-02  5.286059500395857702e-01  2.514134407043457031e+01
7.420146860853318316e-01  2.612566885291462970e+00  -1.971019510898323723e+00  4.299569479002757905e-02  1.392711765671997412e-03  5.756256339096736951e-01  2.517370986938476562e+01
1.195069520023799958e+00  2.900430753279348295e+00  -2.706116154908924543e+00  -4.721789240863781545e-02  -2.553530782748299893e-02  9.607435260613969019e-01  2.520922708511352539e+01
1.221692694600916340e+00  2.920688363146768829e+00  -2.737558927391444907e+00  -4.803914210979982197e-02  -1.826855362635821170e-02  9.858937052352687580e-01  2.524056386947631836e+01
1.244063473880160142e+00  2.934495681166234160e+00  -2.762783230583932159e+00  -5.361364849059104681e-02  1.896921171358615515e-02  1.012980575994428589e+00  2.527355909347534180e+01
1.272675106460860350e+00  2.937376211268608373e+00  -2.782472318736189720e+00  -6.044883832712044658e-02  -2.113749802956509105e-02  1.044183818584577761e+00  2.531148099899291992e+01
1.297506015165443838e+00  2.935785561068354088e+00  -2.800076101710392340e+00  -6.954418637909755285e-02  1.823325567291246563e-02  1.080532657256486617e+00  2.534471392631530762e+01
1.327248582600704330e+00  2.941278046661455203e+00  -2.823229670118328372e+00  -7.753953232857599409e-02  -3.244910539613506811e-02  1.113693561538158239e+00  2.537999391555786133e+01
1.361297517265541490e+00  2.961226347361202382e+00  -2.856544808397184720e+00  -8.033833411890595189e-02  -4.559418461581619259e-02  1.151142406606293633e+00  2.542086100578308105e+01
1.378699314178985169e+00  2.980920995586104016e+00  -2.891000043900583183e+00  -8.719428946442089878e-02  -4.196101479345500790e-02  1.173276599781244212e+00  2.545572209358215332e+01
1.542752183877211136e+00  2.932682843258537009e+00  -2.872709601414387581e+00  -1.970993548961927078e-01  2.015766794833863049e-02  1.448394142725004885e+00  2.549201893806457520e+01
1.535125664594134465e+00  2.924462414092074969e+00  -2.870553449919378775e+00  -2.021427018775422135e-01  -5.231602339642773235e-03  1.462903468935511819e+00  2.552883291244506836e+01
1.549976918409133209e+00  2.943229950900080993e+00  -2.890551506669080783e+00  -2.213593512803609664e-01  -4.457478592492656461e-02  1.473434964291334914e+00  2.555724287033081055e+01
1.542728990318617877e+00  2.949289719503265239e+00  -2.902983420703329376e+00  -2.178030463433316410e-01  1.168595849548926743e-02  1.479361896418058375e+00  2.559831094741821289e+01
1.536695297183306774e+00  2.958340712880763945e+00  -2.905457989485435988e+00  -2.215972112096847302e-01  1.004321809975097443e-02  1.493753930595619117e+00  2.563386988639831543e+01
1.554097279194943892e+00  2.973058936830787147e+00  -2.945260310268470239e+00  -2.414921672056543067e-01  9.591555413978311573e-02  1.512084690606775084e+00  2.567370700836181641e+01
1.628203145309929045e+00  3.002954282269396202e+00  -2.973414821748438630e+00  -3.565614366205484553e-01  -8.148916734101001313e-02  1.798892314842214679e+00  2.571386504173278809e+01
1.628568252080331957e+00  3.035084995455631596e+00  -3.010612018025117465e+00  -3.566060219739596304e-01  -1.174365206447562232e-01  1.782762285658082480e+00  2.575150704383850098e+01
1.653939666914747253e+00  3.058699843485235270e+00  -3.016407065542228150e+00  -3.804914623166437693e-01  1.407404631268759088e-01  1.866930959260617806e+00  2.578844809532165527e+01
1.675744130390279363e+00  3.072220175852713453e+00  -3.047450538918806462e+00  -4.132385815956436947e-01  1.916268314878287193e-01  1.862420575128382882e+00  2.582078695297241211e+01
1.661455446556305615e+00  3.054141322171302964e+00  -3.031166876377480612e+00  -3.007452194183048433e-01  8.692331742501487046e-02  1.874435001510941001e+00  2.585926508903503418e+01
0.000000000000000000e+00  0.000000000000000000e+00  0.000000000000000000e+00  0.000000000000000000e+00  0.000000000000000000e+00  0.000000000000000000e+00  2.589614987373352051e+01
0.000000000000000000e+00  0.000000000000000000e+00  0.000000000000000000e+00  0.000000000000000000e+00  0.000000000000000000e+00  0.000000000000000000e+00  2.592861294746398926e+01
0.000000000000000000e+00  0.000000000000000000e+00  0.000000000000000000e+00  0.000000000000000000e+00  0.000000000000000000e+00  0.000000000000000000e+00  2.595995688438415527e+01
7.484989664410706123e-01  2.720767955899582091e+00  -3.141592653589793116e+00  4.801364830911352133e-01  9.199312886254753519e-01  -4.314233238420653871e-01  2.677985405921936035e+01
-1.752497957733891276e+00  2.496107123830685559e+00  -3.141592619144505161e+00  4.140076610957090231e-01  3.303531961908459658e-01  -1.173919532635223362e-01  2.685806107521057129e+01
-3.141592653589793116e+00  2.118974336501884270e+00  -2.719642126018344985e+00  1.558599070774335515e-01  -3.141592653589793116e+00  -4.371342261511422245e-01  2.693874096870422363e+01
3.141592653589793116e+00  1.952245178305166196e+00  -3.884338744368238672e-01  -3.513738032592436666e-01  3.141592653589793116e+00  -3.810039698255842100e-01  2.702797698974609375e+01
3.141545747189198323e+00  8.626103233345668864e-01  -4.691478538154692512e-01  1.329158229876014730e+00  -3.141501873052176208e+00  -3.913191554549621531e-01  2.710883998870849609e+01
8.844252092382571817e-01  2.646802025386902901e+00  -2.777706763168017456e+00  -9.639921623214907642e-01  -2.710812738120604304e-01  -4.647854771007883801e-01  2.720514488220214844e+01
1.728689829955275536e+00  3.141592653589793116e+00  -3.040845989011106365e+00  -1.152333976125063941e+00  1.982269558710048285e+00  -4.072393529717523442e-01  2.730290007591247559e+01
2.365067441202199028e+00  3.141592653589793116e+00  -3.141592653589793116e+00  -1.128513762867692227e+00  2.372796939695741791e+00  -3.326021316918992832e-01  2.735819101333618164e+01
2.408946358073393856e+00  3.104480527386453304e+00  -2.847713380738905453e+00  -1.263873877170462290e+00  2.504859713863958781e+00  -3.497691128219038159e-01  2.741143703460693359e+01
2.458369478649087725e+00  2.937686238224300528e+00  -2.514743224724533821e+00  -1.255904758719311731e+00  2.575884142439378799e+00  -3.351452910029517063e-01  2.746172308921813965e+01
2.722070184034770968e+00  2.625862813394499895e+00  -1.698607150892829765e+00  -1.174945736915348204e+00  2.640752986133181768e+00  -3.250493224100907130e-01  2.750190401077270508e+01
2.914355637328498894e+00  2.312398322391259420e+00  -1.257307694857128677e+00  -1.242305040737828881e+00  2.629981420382020207e+00  -2.944699723179880491e-01  2.754700994491577148e+01
2.932524475532297004e+00  2.123090103490289593e+00  -1.099891647489364521e+00  -1.278323747961663814e+00  2.631353900604366025e+00  -2.692785961994775268e-01  2.759126687049865723e+01
2.655735631827686127e+00  -2.937992790477476301e+00  3.141592653589793116e+00  -1.599255888295384009e+00  1.913180714539337135e+00  -1.133830094589474702e-01  2.763085508346557617e+01
2.562738982861274550e+00  -2.995042073248997738e+00  3.141592653589793116e+00  -1.424537419916820591e+00  1.796613443640373342e+00  -9.846869988336073853e-02  2.767571997642517090e+01
2.286472113216917457e+00  -3.015143398880399506e+00  3.141592653589793116e+00  -1.035199926378314039e+00  1.574687401066807491e+00  -5.990319973682030341e-02  2.771707391738891602e+01
2.239745335990025676e+00  -3.053185116921468545e+00  3.141592653589793116e+00  -9.468601217190298902e-01  1.465322524278908078e+00  -4.012846377830874001e-02  2.776376795768737793e+01
2.173517733309595190e+00  -3.073573422353768514e+00  3.141592406307589957e+00  -8.546427071846565138e-01  1.344415323282103447e+00  -1.418167816096206103e-02  2.780710792541503906e+01
2.066101798450810101e+00  -3.103564864952568669e+00  3.141592653589793116e+00  -7.781670387021910607e-01  1.175233797285408333e+00  1.661680615079882614e-02  2.785105299949645996e+01
1.962731679282104125e+00  -3.116724764682520465e+00  3.141592489086240114e+00  -6.859537223670612027e-01  9.899381381029463967e-01  3.029399758256825365e-02  2.789656090736389160e+01
1.820903830266354939e+00  -3.137750024258360249e+00  3.141592653589793116e+00  -5.933913031778902392e-01  8.134819679568469075e-01  6.466902800107138249e-02  2.793010187149047852e+01
1.657953569353773915e+00  -3.141592653589793116e+00  3.137383679378357382e+00  -5.186408210898841853e-01  6.440610553766422663e-01  9.223147448186307107e-02  2.797638106346130371e+01
1.455763259977673307e+00  -3.141592653589793116e+00  3.119865556777060345e+00  -4.300963305033886352e-01  4.625337778097872166e-01  1.053032520803461186e-01  2.802140188217163086e+01
1.223493746801158633e+00  -3.141592653589793116e+00  3.108098627742533537e+00  -2.957434585284656192e-01  1.244774157539817322e-01  1.389773721803699291e-01  2.806358194351196289e+01
9.685025042075238177e-01  -3.141592653589793116e+00  3.103347067902050949e+00  -1.734699423030576781e-01  -2.181538001297481932e-01  1.702729417246515442e-01  2.810739588737487793e+01
6.651512485028755473e-01  -3.141592653589793116e+00  3.090210612992349226e+00  -7.056380595755563923e-02  -4.787213392494188424e-01  1.939138103790367385e-01  2.817372608184814453e+01
-1.166391961008872658e+00  -3.141592653589793116e+00  3.074622364865632562e+00  6.269272566167789495e-01  -2.049531288807866503e+00  4.265911644599535979e-01  2.821248197555541992e+01
-1.399481220398017811e+00  -3.141592577343662374e+00  3.089651932653061817e+00  7.106507113473294890e-01  -2.174196143144223381e+00  4.517720999614876498e-01  2.825071191787719727e+01
-1.665425274234023867e+00  -3.141592653589793116e+00  3.075589524471551428e+00  8.595924417080221813e-01  -2.270066643636024395e+00  4.814593879648508268e-01  2.829632091522216797e+01
-1.916727676882379772e+00  -3.141592653589793116e+00  3.086258221029566151e+00  9.773126241787799540e-01  -2.392777082782462816e+00  5.029985903442233397e-01  2.834283900260925293e+01
-2.128958954787968594e+00  -3.141592653589793116e+00  3.085757588818053510e+00  1.118276360562186156e+00  -2.474911463381750387e+00  5.470482037485840943e-01  2.838344502449035645e+01
-2.876610608870594721e+00  -3.141592653589793116e+00  3.079676662896456474e+00  1.745510633950432045e+00  -2.736279600312582883e+00  8.450251295068288426e-01  2.841309785842895508e+01
-2.894912754297680912e+00  -3.141592653589793116e+00  3.063125882282526469e+00  1.832392347704346447e+00  -2.742088089146406116e+00  8.726461440359571942e-01  2.845019698143005371e+01
-2.911750367446067411e+00  -3.141592518572400294e+00  3.089684667368886473e+00  1.877253875443612774e+00  -2.739973244384731110e+00  9.015257086406283094e-01  2.848287200927734375e+01
-2.954394200226930778e+00  -3.141592653589793116e+00  3.092328587385554606e+00  1.933282802457318761e+00  -2.784223010547681731e+00  9.238454435163807599e-01  2.851406502723693848e+01
-2.940445686804874281e+00  -3.141592297320562110e+00  3.080405812532360343e+00  1.989065414614226812e+00  -2.765196729352993543e+00  9.345363322688247099e-01  2.854417490959167480e+01
-2.971515097222525714e+00  -3.141592630144639298e+00  3.097593489476423656e+00  2.072344126460510694e+00  -2.772834321754968911e+00  9.646293369504057580e-01  2.858042097091674805e+01
-2.949850319060467019e+00  -3.141592653589793116e+00  3.089733544201416660e+00  2.410058054488571244e+00  -2.743884178745471747e+00  1.344892423454085995e+00  2.861070799827575684e+01
-2.901999445570111913e+00  -3.141592275354608610e+00  3.114515022562298174e+00  2.415552631464134237e+00  -2.744313189153029686e+00  1.361724322891505023e+00  2.865643501281738281e+01
-2.890475295372910036e+00  -3.141592653589793116e+00  3.100422741783658065e+00  2.527668614245172751e+00  -2.755464185790416742e+00  1.362217498203845967e+00  2.869644188880920410e+01
-2.906741748555711879e+00  -3.141592653589793116e+00  3.103631121065757448e+00  2.536853509750724545e+00  -2.759696864232092484e+00  1.409157564123958206e+00  2.873535299301147461e+01
0.000000000000000000e+00  0.000000000000000000e+00  0.000000000000000000e+00  0.000000000000000000e+00  0.000000000000000000e+00  0.000000000000000000e+00  2.877088093757629395e+01
0.000000000000000000e+00  0.000000000000000000e+00  0.000000000000000000e+00  0.000000000000000000e+00  0.000000000000000000e+00  0.000000000000000000e+00  2.880783605575561523e+01
0.000000000000000000e+00  0.000000000000000000e+00  0.000000000000000000e+00  0.000000000000000000e+00  0.000000000000000000e+00  0.000000000000000000e+00  2.884204101562500000e+01
