   tau1     tau2   tau3   tau4  tau5   tau6   t1
1.487500000000000107e-02  2.262499999999999928e-02  -7.374999999999999611e-03  7.499999999999998855e-03  1.487500000000000107e-02  7.374999999999999611e-03  0.000000000000000000e+00
7.500000000000000590e-03  7.500000000000000590e-03  0.000000000000000000e+00  -7.750000000000001679e-03  1.512500000000000129e-02  1.487500000000000107e-02  7.902193069458007812e-02
-3.023375000000000146e+00  -1.818375000000000519e+00  -1.733750000000000790e+00  -2.463249999999999940e+00  -6.049624999999998920e+00  1.218250000000000499e+00  1.693830490112304688e-01
1.946250000000003533e-01  -2.373250000000000526e+00  1.934750000000000636e+00  2.366250000000007236e-01  1.166500000000000759e+00  2.825000000000001066e+00  2.330138683319091797e-01
2.146249999999998881e+00  -1.295625000000001581e+00  3.339250000000000274e+00  3.743749999999996803e-01  4.283249999999995339e+00  8.952500000000002123e-01  2.973999977111816406e-01
1.938749999999999751e+00  -4.961250000000000382e-01  1.787999999999997813e+00  1.317124999999998769e+00  -9.445000000000008944e-01  -1.029374999999999041e+00  3.494720458984375000e-01
2.157124999999999293e+00  -3.978749999999989240e-01  6.897499999999958664e-01  2.443374999999999631e+00  -3.767750000000000377e+00  -8.563749999999994422e-01  4.095110893249511719e-01
1.204625000000000723e+00  -4.423750000000017946e-01  9.113749999999989360e-01  1.658500000000000307e+00  -2.610749999999995019e+00  -1.613750000000017948e-01  4.888150691986083984e-01
1.438500000000002332e+00  -2.686249999999945626e-01  8.990000000000039071e-01  -6.812499999999527267e-02  -1.721249999999951985e-01  -2.397500000000003795e-01  5.555369853973388672e-01
-7.087499999999941069e-01  -1.086250000000010818e-01  3.878750000000028009e-01  6.317500000000003668e-01  7.238749999999988249e-01  -7.012500000000074230e-02  6.180958747863769531e-01
-4.411250000000005445e-01  6.799999999999861711e-02  1.738749999999969487e-01  1.238625000000000087e+00  7.248749999999998250e-01  -3.887500000000071454e-02  6.685419082641601562e-01
7.993750000000049427e-01  3.009999999999957154e-01  -1.924999999999843503e-02  9.445000000000008944e-01  9.416249999999876108e-01  -1.465000000000007963e-01  7.154860496520996094e-01
1.198749999999998428e+00  4.397500000000026388e-01  -1.659999999999994813e-01  4.883749999999992264e-01  1.032749999999992063e+00  -1.691249999999991371e-01  7.699968814849853516e-01
1.126500000000002499e+00  5.479999999999998206e-01  -2.538750000000006279e-01  1.457500000000000462e-01  1.166000000000000369e+00  -1.846250000000007607e-01  8.161509037017822266e-01
8.622500000000018483e-01  6.036249999999965254e-01  -4.387500000000016387e-01  -7.924999999999599032e-02  1.293874999999999886e+00  -1.951250000000008533e-01  8.751230239868164062e-01
4.393750000000057332e-01  7.166249999999985132e-01  -5.762500000000003730e-01  -1.101249999999956430e-01  1.374250000000000416e+00  -2.333750000000009428e-01  9.165868759155273438e-01
1.174999999999926104e-01  9.138750000000014362e-01  -6.508750000000020908e-01  -3.443750000000009304e-01  1.333624999999998062e+00  -2.487500000000024414e-01  9.651849269866943359e-01
-1.039999999999929869e-01  7.778750000000042020e-01  -8.500000000000035305e-01  -6.288750000000009610e-01  1.304375000000000062e+00  -2.147499999999996634e-01  1.012017011642456055e+00
-1.073750000000067706e-01  8.783750000000006830e-01  -7.925000000000015365e-01  -5.878750000000015907e-01  1.434124999999997874e+00  -2.222499999999984766e-01  1.057060003280639648e+00
1.662500000000066702e-01  9.620000000000010765e-01  -8.836249999999989946e-01  -7.873749999999998250e-01  1.465000000000000080e+00  -2.098749999999999782e-01  1.103947877883911133e+00
3.857499999999902673e-01  1.033624999999999794e+00  -1.050624999999999476e+00  -9.171250000000047420e-01  1.568124999999999769e+00  -2.553750000000004072e-01  1.150172948837280273e+00
6.526250000000038964e-01  1.155625000000000346e+00  -1.117375000000000229e+00  -9.981250000000024825e-01  1.724124999999999908e+00  -2.533750000000001279e-01  1.184025049209594727e+00
1.463624999999996179e+00  1.292750000000000510e+00  -1.203499999999999792e+00  -1.187000000000000499e+00  1.812625000000001707e+00  -2.470000000000006912e-01  1.225925922393798828e+00
1.329625000000000945e+00  1.329625000000000057e+00  -1.224500000000001698e+00  -1.154874999999999652e+00  1.642625000000001778e+00  -2.482500000000001927e-01  1.272119045257568359e+00
8.073749999999990656e-01  1.232124999999999693e+00  -1.308375000000000510e+00  -1.262499999999999734e+00  1.103124999999996358e+00  -2.174999999999998046e-01  1.315610885620117188e+00
2.573749999999902505e-01  1.103375000000000217e+00  -1.221749999999999892e+00  -1.265500000000000069e+00  7.280000000000064198e-01  -1.970000000000001195e-01  1.354346036911010742e+00
8.550000000000224087e-02  1.030750000000000499e+00  -1.145750000000000046e+00  -1.176125000000000087e+00  8.648750000000010596e-01  -1.860000000000003872e-01  1.396485090255737305e+00
-2.501250000000038165e-01  8.368750000000008127e-01  -1.019749999999999712e+00  -8.884999999999995124e-01  8.475000000000010303e-01  -1.366250000000000242e-01  1.440834999084472656e+00
-5.617499999999997495e-01  5.818749999999990319e-01  -6.624999999999998668e-01  -7.251250000000000195e-01  5.352500000000010028e-01  -2.161249999999997340e-01  1.484446048736572266e+00
-8.385000000000059073e-01  3.577500000000004010e-01  -6.033749999999997726e-01  -6.398749999999998606e-01  4.662500000000013856e-01  -3.307500000000003215e-01  1.521796941757202148e+00
-9.288749999999956763e-01  4.537499999999992650e-01  -5.578749999999993436e-01  -5.444999999999998730e-01  4.792500000000005089e-01  -2.907500000000000084e-01  1.568804979324340820e+00
-8.057500000000078488e-01  6.019999999999983142e-01  -5.733750000000009672e-01  -5.556250000000005906e-01  5.505000000000023208e-01  4.573749999999998650e-01  1.606255054473876953e+00
-1.025999999999999135e+00  4.002499999999978297e-01  -4.196249999999998592e-01  -3.786250000000004889e-01  5.887499999999989964e-02  1.238750000000000684e-01  1.646817922592163086e+00
-1.022250000000002323e+00  2.509999999999942832e-01  -3.386250000000021187e-01  -4.236250000000003624e-01  -2.483750000000020663e-01  -4.342500000000000804e-01  1.686042070388793945e+00
-1.129625000000002100e+00  3.925000000000455902e-02  -1.598750000000002947e-01  -2.173749999999988192e-01  -5.072500000000007558e-01  -6.028750000000000497e-01  1.725528955459594727e+00
-1.306374999999998510e+00  -1.972500000000029785e-01  1.102500000000027069e-01  4.849999999999993205e-02  -7.737500000000036016e-01  -3.763749999999999596e-01  1.762212991714477539e+00
-1.197375000000000522e+00  -2.966249999999948095e-01  2.907499999999993423e-01  1.272499999999988918e-01  -9.747499999999964526e-01  -6.283750000000000169e-01  1.799741983413696289e+00
-1.190250000000003805e+00  -3.542500000000003979e-01  2.757500000000016604e-01  1.643750000000013256e-01  -9.142499999999983418e-01  4.249999999999999334e-01  1.846200942993164062e+00
-9.663750000000054241e-01  -4.861249999999969762e-01  3.427499999999992775e-01  1.872499999999999165e-01  -9.166249999999972475e-01  -4.759999999999999787e-01  1.881919860839843750e+00
-1.018249999999998323e+00  -4.442500000000002003e-01  3.624999999999982125e-01  2.813750000000003748e-01  -8.963749999999978124e-01  -7.624999999999992895e-02  1.915360927581787109e+00
-8.422499999999957243e-01  -5.078750000000014087e-01  4.032500000000008300e-01  3.446250000000011804e-01  -9.248750000000055538e-01  -2.262500000000007561e-02  1.949508905410766602e+00
9.862499999999801981e-02  -3.162500000000040279e-02  -1.624999999998155698e-03  3.300000000000177791e-02  9.124999999998717470e-03  -4.350000000000013578e-02  1.989537954330444336e+00
1.487500000000002189e-02  2.662499999999999867e-01  3.674999999999998407e-02  5.255000000000000782e-01  4.846250000000000280e-01  -3.637500000000000455e-02  2.810937881469726562e+00
-1.762499999999999484e-02  -2.246249999999999913e-01  -7.499999999999992784e-03  -1.036249999999999949e-01  2.546249999999999902e-01  7.499999999999998855e-03  2.863455057144165039e+00
6.999999999999994074e-03  2.411249999999999782e-01  1.250000000000003279e-03  -2.538750000000000173e-01  -2.388749999999999762e-01  -2.212499999999999883e-02  2.889874935150146484e+00
8.733749999999997904e-01  -8.678749999999997300e-01  1.292250000000000121e+00  -5.431249999999999689e-01  -3.656249999999999778e-01  9.050000000000001377e-01  2.917383909225463867e+00
1.193249999999999922e+00  -1.592625000000000179e+00  1.571125000000000549e+00  -5.847499999999999920e-01  -1.250000000000165909e-04  1.083250000000000046e+00  2.943095922470092773e+00
1.379000000000000004e+00  -1.713374999999999648e+00  1.907000000000000695e+00  -5.991250000000002407e-01  -3.534999999999999809e-01  1.347374999999999545e+00  2.978528022766113281e+00
1.169375000000000275e+00  -1.565875000000001238e+00  1.736749999999998684e+00  -4.787499999999973721e-02  3.649999999999999772e-02  1.278875000000002204e+00  3.015297889709472656e+00
1.165249999999999675e+00  -1.421124999999998639e+00  1.759624999999997330e+00  -8.250000000000010103e-02  -4.218750000000000555e-01  1.153124999999997957e+00  3.046746969223022461e+00
8.382499999999987184e-01  -1.199375000000002522e+00  1.483750000000005898e+00  -1.381250000000002198e-01  6.516250000000000098e-01  8.813749999999966889e-01  3.082418918609619141e+00
7.847500000000007248e-01  -9.919999999999997708e-01  1.321624999999999828e+00  -1.884999999999994180e-01  2.413749999999999507e-01  7.707500000000006013e-01  3.111499071121215820e+00
5.783749999999989733e-01  -8.504999999999970361e-01  1.105374999999998664e+00  -2.106249999999998679e-01  -2.376249999999999751e-01  5.636250000000015969e-01  3.139885902404785156e+00
3.727499999999980829e-01  -5.196250000000026681e-01  8.806250000000028777e-01  -2.299999999999958328e-02  4.125000000000005398e-03  4.151250000000022977e-01  3.172669887542724609e+00
2.751250000000010631e-01  -3.889999999999935176e-01  6.243750000000033440e-01  -3.962500000000059724e-02  5.974999999999999201e-01  2.391249999999997544e-01  3.206456899642944336e+00
1.782500000000047935e-01  -2.375000000000015987e-01  3.711249999999999272e-01  -4.125000000000048767e-02  2.374999999999998501e-01  1.340000000000021729e-01  3.234834909439086914e+00
-2.350000000000268541e-02  -1.368750000000015787e-01  1.280000000000031113e-01  -1.449999999999975614e-02  3.429999999999999716e-01  4.275000000000112044e-02  3.269095897674560547e+00
-8.837500000000164668e-02  -5.799999999999555511e-02  -1.773750000000004490e-01  5.650000000000012651e-02  -3.711250000000000382e-01  -8.224999999999899059e-02  3.300579071044921875e+00
6.099999999999855538e-02  1.032499999999991758e-01  -8.437499999999764633e-02  -7.087500000000061806e-02  3.506250000000000200e-01  -1.561250000000000138e-01  3.328291893005371094e+00
-1.747500000000012932e-01  2.128749999999943188e-01  -4.042500000000018301e-01  -5.250000000000046296e-03  -1.709999999999999853e-01  -2.169999999999949747e-01  3.360190868377685547e+00
-2.913749999999964979e-01  2.370000000000010987e-01  -4.172500000000009535e-01  6.825000000000060185e-02  1.378750000000000253e-01  -2.807500000000032192e-01  3.395124912261962891e+00
-3.582500000000043983e-01  3.048750000000030602e-01  -5.331250000000022915e-01  3.300000000000004319e-02  4.518750000000000266e-01  -3.145000000000022777e-01  3.422307968139648438e+00
-4.088749999999994889e-01  4.876250000000054152e-01  -6.508749999999952074e-01  8.224999999999985101e-02  2.896250000000000213e-01  -4.359999999999988884e-01  3.458355903625488281e+00
-4.208750000000011093e-01  6.088749999999948370e-01  -7.930000000000020366e-01  3.624999999999982403e-02  5.696250000000000480e-01  -4.454999999999979532e-01  3.496800899505615234e+00
-5.172500000000003206e-01  6.627499999999966196e-01  -8.503750000000004361e-01  5.174999999999971290e-02  3.544999999999999818e-01  -4.868750000000011680e-01  3.525707006454467773e+00
-4.631249999999982325e-01  6.545000000000023022e-01  -8.423749999999993188e-01  1.190000000000001751e-01  5.248749999999999805e-01  -5.193750000000024736e-01  3.568168878555297852e+00
-4.504999999999995119e-01  6.738750000000008900e-01  -7.873749999999998250e-01  1.097500000000004722e-01  -4.066249999999999587e-01  -5.070000000000004503e-01  3.616561889648437500e+00
-4.363749999999992357e-01  5.748749999999990257e-01  -7.157500000000011076e-01  1.114999999999996133e-01  -2.783750000000000946e-01  -4.039999999999980829e-01  3.645324945449829102e+00
-3.493749999999989919e-01  6.092499999999986260e-01  -6.989999999999981783e-01  1.204999999999999405e-01  -4.337500000000001077e-02  -3.942499999999987681e-01  3.677160024642944336e+00
-1.075000000000034261e-02  -1.046250000000005509e-01  4.537499999999680678e-02  -7.200000000000000844e-02  4.499999999999946751e-03  3.237500000000115286e-02  3.716827869415283203e+00
-9.625000000000003345e-03  1.712499999999999439e-02  -4.125000000000005398e-03  -5.466250000000000275e-01  1.063749999999999973e-01  5.013750000000001261e-01  4.523720026016235352e+00
1.487500000000000974e-02  3.862499999999999267e-02  -2.937499999999999487e-02  2.416249999999999787e-01  1.792499999999999927e-01  3.804999999999999494e-01  4.565708875656127930e+00
-7.562499999999999778e-02  2.033750000000000002e-01  -2.044999999999999873e-01  -4.653749999999999831e-01  -4.711249999999999605e-01  -5.284999999999999698e-01  4.594652891159057617e+00
-6.958750000000001323e-01  1.197875000000000023e+00  -1.697000000000000064e+00  7.898749999999998828e-01  -3.617500000000000160e-01  -2.035000000000001252e-01  4.625746011734008789e+00
-1.027000000000000135e+00  1.931750000000001188e+00  -2.589124999999997456e+00  3.381249999999998979e-01  2.202500000000000013e-01  -7.926249999999999130e-01  4.663699865341186523e+00
-1.050374999999999170e+00  2.054125000000000423e+00  -2.761624999999999996e+00  6.063750000000001084e-01  1.493749999999999800e-01  -9.643749999999999822e-01  4.703629016876220703e+00
-9.838750000000003881e-01  1.791999999999998483e+00  -2.425625000000000586e+00  4.291249999999989240e-01  3.661249999999999782e-01  -8.271249999999996660e-01  4.741800069808959961e+00
-7.761249999999990656e-01  1.510749999999998261e+00  -2.173874999999998892e+00  4.173749999999993299e-01  5.773750000000000826e-01  -7.132499999999986073e-01  4.780440092086791992e+00
-5.908749999999975966e-01  1.382250000000001533e+00  -1.962500000000005906e+00  3.776249999999994889e-01  4.356249999999998179e-01  -5.775000000000015676e-01  4.816066980361938477e+00
-5.742499999999983729e-01  1.368125000000004698e+00  -2.000874999999999293e+00  3.267500000000006510e-01  9.949999999999997735e-02  -5.928749999999995968e-01  4.850135087966918945e+00
-4.774999999999987588e-01  1.121125000000000593e+00  -1.635625000000001661e+00  3.040000000000004365e-01  3.125000000000002776e-02  -3.592500000000019011e-01  4.877731084823608398e+00
-3.176249999999984364e-01  8.593750000000024425e-01  -1.402374999999997263e+00  1.851249999999977913e-01  -1.424999999999993980e-02  -2.950000000000000955e-01  4.909867048263549805e+00
-3.377499999999977742e-01  7.068749999999957012e-01  -1.222375000000011536e+00  2.037499999999990707e-01  -6.079999999999999849e-01  -2.456250000000027855e-01  4.944823980331420898e+00
-1.505000000000013272e-01  5.322499999999980025e-01  -6.867499999999998606e-01  2.088750000000007268e-01  1.429999999999999605e-01  -1.508750000000017022e-01  4.978772878646850586e+00
-3.787499999999971445e-02  2.401250000000076934e-01  -4.187499999999955147e-01  7.462500000000177325e-02  -1.128750000000000170e-01  -8.837500000000164668e-02  5.014220952987670898e+00
7.074999999999442846e-02  5.762500000000558842e-02  -3.162500000000734168e-02  7.387499999999755373e-02  -4.277499999999999636e-01  -5.874999999998936628e-03  5.052036046981811523e+00
1.289999999999971725e-01  -1.262500000000221778e-02  2.074999999999993516e-02  -8.487499999999814637e-02  1.003749999999999781e-01  4.487499999999977618e-02  5.084503889083862305e+00
1.401249999999978901e-01  9.699999999999986411e-02  4.125000000000655920e-02  4.887500000000030709e-02  5.503749999999999476e-01  6.012500000000114975e-02  5.114594936370849609e+00
2.737499999999962186e-02  2.151249999999965690e-01  1.750000000008689049e-03  2.302499999999978175e-01  -1.487500000000000211e-01  5.250000000001781020e-03  5.144602060317993164e+00
1.333750000000015479e-01  4.250000000011189272e-03  1.133749999999988933e-01  5.774999999999877454e-02  3.451250000000000151e-01  7.899999999999920974e-02  5.173516988754272461e+00
1.880000000000006666e-01  -2.649999999999874678e-02  2.592500000000025340e-01  1.262500000000013611e-01  -6.178750000000000631e-01  1.236250000000022053e-01  5.204143047332763672e+00
2.346249999999987235e-01  -1.712500000000116707e-01  5.636249999999981553e-01  2.437500000000009104e-02  2.671250000000000013e-01  1.539999999999978886e-01  5.233721017837524414e+00
3.237500000000010925e-01  -5.847499999999949960e-01  9.175000000000016476e-01  -1.351249999999998286e-01  4.707500000000000018e-01  2.636249999999999427e-01  5.269397020339965820e+00
3.582500000000009011e-01  -6.152499999999977431e-01  1.033749999999999947e+00  -9.600000000000233347e-02  -7.499999999999998335e-02  2.771249999999995661e-01  5.306896924972534180e+00
2.737499999999996603e-01  -6.498750000000010907e-01  9.891249999999934817e-01  -1.559999999999998888e-01  4.026249999999999551e-01  2.563749999999996310e-01  5.338876008987426758e+00
2.866249999999986864e-01  -4.559999999999980735e-01  8.332500000000075957e-01  -6.924999999999986722e-02  -2.243749999999999634e-01  2.211249999999991001e-01  5.373419046401977539e+00
2.819999999999975304e-01  -6.411249999999992788e-01  1.009250000000003089e+00  -1.182500000000002993e-01  3.058750000000000635e-01  2.803749999999993747e-01  5.411499977111816406e+00
3.016249999999998099e-01  -6.374999999999991784e-01  9.699999999999986411e-01  -1.032499999999991758e-01  -4.461249999999999938e-01  2.850000000000005307e-01  5.444936037063598633e+00
3.284999999999989040e-01  -6.776250000000011431e-01  9.936249999999979821e-01  -1.287499999999899836e-02  5.262500000000001898e-02  2.367500000000008487e-01  5.477957963943481445e+00
3.222499999999995923e-01  -6.578750000000022080e-01  1.106374999999999664e+00  -1.611249999999997962e-01  -3.913750000000000284e-01  2.788749999999978746e-01  5.516217947006225586e+00
3.953749999999998654e-01  -7.402499999999978542e-01  1.082249999999999934e+00  -1.967499999999990090e-01  3.202499999999999791e-01  3.616250000000008069e-01  5.550591945648193359e+00
3.032500000000014073e-01  -7.593749999999995781e-01  1.143999999999999240e+00  -2.451250000000005369e-01  2.321249999999999980e-01  2.881250000000001865e-01  5.584038019180297852e+00
3.299999999999986833e-01  -7.693750000000026956e-01  9.836249999999948646e-01  -2.638750000000001927e-01  -3.757500000000000284e-01  2.891249999999994658e-01  5.630918025970458984e+00
3.137499999999998068e-01  -6.996250000000022728e-01  9.656249999999977351e-01  -1.963750000000003548e-01  5.461250000000000826e-01  3.357499999999992157e-01  5.666065931320190430e+00
2.923749999999992188e-01  -6.827500000000027436e-01  8.708750000000000657e-01  -2.482500000000001927e-01  -6.250000000000015959e-03  2.851250000000006279e-01  5.701416969299316406e+00
2.595000000000010631e-01  -6.458750000000006430e-01  7.732500000000031015e-01  -1.608749999999995461e-01  3.018750000000000044e-01  2.281249999999991618e-01  5.735372066497802734e+00
-2.875000000001140532e-03  -9.999999999999592548e-03  -8.737499999999717715e-02  1.112499999999898292e-02  4.677499999999999436e-01  2.499999999999030775e-03  5.773721933364868164e+00
0.000000000000000000e+00  3.749999999999955626e-04  7.500000000000019672e-03  4.887500000000000178e-01  -2.077499999999999902e-01  -2.302499999999999825e-01  6.593098878860473633e+00
-2.199999999999999872e-02  -1.587500000000000022e-02  -3.975000000000000061e-02  3.073750000000000093e-01  5.462500000000000133e-01  -2.318749999999999978e-01  6.668596982955932617e+00
2.382374999999999243e+00  -3.669125000000001968e+00  4.090625000000000178e+00  2.338750000000000551e+00  6.608000000000002316e+00  -3.005999999999999783e+00  6.757531881332397461e+00
-4.802624999999999034e+00  -2.981999999999998430e+00  3.172874999999998558e+00  1.834624999999999506e+00  -3.300749999999998074e+00  -1.645500000000001073e+00  6.834317922592163086e+00
-3.746374999999999567e+00  -1.676874999999994342e+00  1.761625000000002661e+00  7.245000000000029194e-01  -6.130250000000000199e+00  -5.071249999999971614e-01  6.890542984008789062e+00
-2.797999999999994714e+00  -1.095125000000002347e+00  1.132624999999998217e+00  6.499999999999561684e-03  -4.268250000000000988e+00  -3.836249999999985505e-01  6.941297054290771484e+00
-3.521999999999997133e+00  -9.424999999999988942e-01  9.492499999999987059e-01  6.833749999999999547e-01  -2.285499999999995868e+00  -5.157499999999953788e-01  7.018620014190673828e+00
-2.094874999999996046e+00  -3.486249999999913030e-01  5.071250000000110392e-01  8.576250000000007478e-01  -8.867499999999985949e-01  -2.176249999999990692e-01  7.099143028259277344e+00
-2.634499999999997844e+00  1.376250000000023288e-01  -2.150000000000068523e-01  -1.103750000000000453e+00  -8.118750000000035660e-01  -1.374999999997905675e-03  7.156111955642700195e+00
-8.612499999999800870e-01  7.579999999999947891e-01  -9.571250000000031122e-01  -1.159374999999997158e+00  -7.891249999999877529e-01  -3.552499999999944591e-01  7.222568035125732422e+00
-1.211500000000004240e+00  7.966249999999952536e-01  -5.886249999999954019e-01  -2.096249999999980074e-01  -1.343999999999997863e+00  -3.410000000000010245e-01  7.286006927490234375e+00
-7.521249999999923830e-01  9.465000000000028946e-01  -6.747500000000017373e-01  -3.224999999999964007e-01  -6.907500000000038609e-01  -2.264999999999905977e-01  7.343364953994750977e+00
1.346249999999993285e-01  1.036750000000002947e+00  -8.758749999999981828e-01  -7.706250000000004485e-01  3.478750000000113696e-01  -7.949999999999624034e-02  7.391653060913085938e+00
2.418750000000025047e-01  8.867500000000055893e-01  -7.635000000000002895e-01  -7.763749999999992601e-01  1.152125000000003840e+00  -1.338750000000055174e-01  7.444519996643066406e+00
6.593750000000175859e-01  8.184999999999997833e-01  -7.631249999999895062e-01  -8.020000000000006013e-01  1.730499999999995930e+00  -2.483749999999951275e-01  7.491293907165527344e+00
1.074500000000006006e+00  8.488749999999989360e-01  -9.178749999999985532e-01  -8.479999999999997540e-01  1.791749999999994625e+00  -7.450000000000511768e-02  7.544475078582763672e+00
1.592750000000003885e+00  8.374999999999979128e-01  -8.025000000000045430e-01  -5.811250000000000027e-01  1.665624999999997025e+00  1.280000000000031113e-01  7.603641033172607422e+00
1.590999999999995085e+00  8.161250000000008775e-01  -8.198749999999976890e-01  -7.127499999999999947e-01  1.362500000000002487e+00  3.306250000000010569e-01  7.661771059036254883e+00
1.806374999999998954e+00  7.778750000000042020e-01  -8.639999999999966596e-01  -8.047499999999998543e-01  1.261750000000002370e+00  3.470000000000000862e-01  7.714372873306274414e+00
2.287375000000007930e+00  9.462499999999991473e-01  -9.408750000000006830e-01  -6.464999999999995195e-01  1.326500000000001345e+00  4.066250000000007359e-01  7.794990062713623047e+00
2.196375000000000188e+00  1.069624999999997605e+00  -1.135499999999997511e+00  -7.557500000000011431e-01  1.517374999999999696e+00  4.976250000000015383e-01  7.842686891555786133e+00
2.374625000000005315e+00  1.740499999999999714e+00  -1.855874999999999941e+00  -1.431374999999998510e+00  2.086749999999999883e+00  4.661249999999977911e-01  7.931737899780273438e+00
2.300374999999996728e+00  3.362375000000000558e+00  -3.491375000000000117e+00  1.164499999999998758e+00  2.141000000000000458e+00  7.212499999999996136e-01  7.999727964401245117e+00
1.969249999999998835e+00  2.335749999999997328e+00  -2.459249999999995939e+00  1.327749999999999098e+00  1.402500000000000968e+00  7.308749999999988312e-01  8.068136930465698242e+00
1.308750000000000080e+00  -7.262499999999977307e-02  -7.200000000000261746e-02  -9.081249999999991829e-01  4.488750000000013562e-01  4.324999999999953881e-01  8.133347988128662109e+00
9.746249999999989644e-01  -8.503750000000004361e-01  6.856250000000021494e-01  -1.359124999999999250e+00  1.358750000000005786e-01  2.144999999999994134e-01  8.175504922866821289e+00
8.675000000000001599e-01  -9.804999999999952642e-01  7.448749999999989546e-01  -1.423999999999998156e+00  6.574999999999636691e-02  2.933749999999984981e-01  8.226530075073242188e+00
7.276250000000025198e-01  -6.390000000000006786e-01  4.489999999999980118e-01  -9.375000000000007772e-01  1.251249999999967666e-01  2.233749999999978808e-01  8.262482881546020508e+00
5.693750000000004086e-01  -3.879999999999994564e-01  2.457499999999959717e-01  -5.995000000000028084e-01  -2.699999999999924682e-02  2.850000000000005307e-01  8.301264047622680664e+00
3.911250000000025540e-01  -4.459999999999950115e-01  3.462499999999993361e-01  -4.515000000000005120e-01  -2.144999999999994134e-01  2.757499999999982188e-01  8.340942859649658203e+00
1.527500000000001079e-01  -5.177499999999973790e-01  4.650000000000001354e-01  -1.288750000000005169e-01  -4.945000000000018825e-01  3.212500000000020894e-01  8.384788990020751953e+00
1.268749999999985167e-01  -4.270000000000002682e-01  3.628749999999986153e-01  -2.721249999999980629e-01  -4.283750000000016711e-01  3.567499999999994009e-01  8.418210029602050781e+00
1.021249999999980507e-01  -2.995000000000011542e-01  2.789999999999979718e-01  -3.347500000000017129e-01  -2.941250000000061871e-01  2.109999999999993825e-01  8.469543933868408203e+00
1.002499999999996450e-01  -3.148750000000026250e-01  2.616250000000014397e-01  -2.629999999999993454e-01  -4.285000000000052656e-01  2.290000000000000369e-01  8.514740943908691406e+00
-2.962499999999840261e-02  -2.618750000000016898e-01  2.627500000000025371e-01  -4.175000000000012035e-02  -4.790000000000002589e-01  2.508749999999976277e-01  8.548660039901733398e+00
-3.850000000000033951e-02  -2.517499999999984750e-01  2.787499999999977218e-01  -2.500000000002500222e-04  -4.348750000000012328e-01  2.520000000000022222e-01  8.590317010879516602e+00
-2.153750000000002884e-01  -3.397499999999997744e-01  3.486249999999982419e-01  3.692500000000015214e-01  -5.508750000000062208e-01  2.659999999999988485e-01  8.630486011505126953e+00
-1.810000000000006048e-01  -3.486249999999982419e-01  3.291249999999995568e-01  4.587500000000008238e-01  -5.692500000000002558e-01  3.527499999999988978e-01  8.664985895156860352e+00
-2.721250000000015046e-01  -3.680000000000002713e-01  3.381250000000016187e-01  6.028749999999957199e-01  -6.525000000000003020e-01  2.813750000000003748e-01  8.704216003417968750e+00
-3.267499999999971538e-01  -3.448749999999979332e-01  3.086249999999998717e-01  7.235000000000019194e-01  -6.315000000000000613e-01  3.011250000000010307e-01  8.749749898910522461e+00
-3.378750000000013687e-01  -4.023749999999999272e-01  2.867500000000005600e-01  5.517500000000036264e-01  -6.092499999999986260e-01  2.737499999999996603e-01  8.794216871261596680e+00
-2.958750000000009983e-01  -3.977500000000005476e-01  2.567500000000000338e-01  6.981250000000007727e-01  -5.502499999999986846e-01  2.727500000000004365e-01  8.830726861953735352e+00
-3.975000000000020184e-01  -3.353750000000005893e-01  2.546249999999996572e-01  6.322500000000008669e-01  -5.517500000000001847e-01  2.628750000000009690e-01  8.868555068969726562e+00
-3.675000000000205880e-02  -1.237500000000023304e-02  1.137499999999923295e-02  -1.500000000001500133e-03  -2.987500000000212208e-02  -1.937500000000029476e-02  8.916476011276245117e+00
-7.500000000000005794e-03  -1.625000000000000056e-02  -1.412500000000000387e-02  -4.608749999999999791e-01  -3.999999999999995746e-03  6.750000000000001658e-03  9.723456859588623047e+00
1.475000000000000616e-02  1.424999999999999704e-02  -3.725000000000000533e-02  3.775000000000000022e-01  -1.537499999999999457e-02  3.762500000000000566e-02  9.807714939117431641e+00
1.243124999999999813e+00  1.405499999999999527e+00  -2.545000000000000373e+00  -2.185875000000000234e+00  -5.343125000000000568e+00  4.493250000000000632e+00  9.887028932571411133e+00
1.024624999999999453e+00  1.154374999999999041e+00  -1.728374999999997330e+00  -1.965125000000001565e+00  -3.158500000000008523e+00  4.175249999999998352e+00  9.950021982192993164e+00
1.749999999999980738e-01  -6.531249999999974021e-01  3.881250000000030509e-01  -8.024999999999976596e-01  1.179250000000006571e+00  1.314124999999999321e+00  1.004485702514648438e+01
7.552499999999989777e-01  -2.057874999999998789e+00  2.339249999999997609e+00  1.141625000000000334e+00  1.684249999999998249e+00  3.331250000000035572e-01  1.009760594367980957e+01
2.442500000000000338e+00  -5.397499999999993969e-01  8.023749999999992832e-01  1.555125000000000979e+00  1.843999999999998307e+00  6.709999999999910480e-01  1.017594289779663086e+01
-8.366250000000005071e-01  3.759874999999999190e+00  -3.452874999999997474e+00  -2.227625000000000188e+00  -3.381499999999995509e+00  4.380000000000078275e-01  1.027368688583374023e+01
-2.203999999999997517e+00  3.516249999999943032e-01  1.518749999999957634e-01  1.390250000000002650e+00  9.456250000000002487e+00  -6.020000000000053086e-01  1.037131094932556152e+01
8.587499999999914646e-02  -4.480125000000001023e+00  4.699374999999998970e+00  4.390125000000000277e+00  -2.589500000000001467e+00  -5.343750000000035971e-01  1.044374704360961914e+01
1.388125000000000497e+00  -1.712999999999999190e+00  1.881499999999999506e+00  1.154499999999999194e+00  -4.101125000000000576e+00  -3.917499999999962679e-01  1.052453494071960449e+01
3.031249999999943712e-01  -3.997499999999973297e-01  4.628749999999979825e-01  3.555000000000016480e-01  -2.021750000000002601e+00  -4.200000000000037037e-01  1.058335804939270020e+01
5.887499999999989964e-01  -5.163750000000029150e-01  6.052500000000016200e-01  7.746250000000010072e-01  -3.584999999999977094e-01  -5.643750000000058442e-01  1.064609503746032715e+01
9.524999999999950173e-01  -7.671250000000003899e-01  9.125000000000000888e-01  1.105124999999998359e+00  2.467500000000039106e-01  -4.821249999999999147e-01  1.069538187980651855e+01
7.616250000000018838e-01  -8.166250000000013776e-01  9.315000000000017710e-01  1.008749999999995817e+00  4.396249999999990443e-01  -3.397499999999997744e-01  1.073952698707580566e+01
2.876249999999996865e-01  -5.082499999999947615e-01  7.348749999999959481e-01  7.552499999999989777e-01  5.797499999999968789e-01  -3.341250000000045572e-01  1.079499888420104980e+01
2.566249999999964393e-01  -2.182500000000031637e-01  3.511250000000007421e-01  4.242500000000010152e-01  4.795000000000007589e-01  -4.228750000000031095e-01  1.084607291221618652e+01
3.118749999999961831e-01  3.925000000000455902e-02  7.737500000000452349e-02  -3.374999999999905853e-03  3.888749999999968621e-01  -1.093749999999948930e-01  1.089772605895996094e+01
9.499999999999786393e-02  1.317499999999999227e-01  -8.749999999999730216e-02  -2.018750000000041345e-01  5.031250000000000444e-01  -5.312499999999970024e-01  1.093909096717834473e+01
-1.421249999999998903e-01  2.597499999999960951e-01  -2.398750000000005045e-01  -1.863749999999955720e-01  6.665000000000004254e-01  -6.447499999999994902e-01  1.098573899269104004e+01
-6.725000000000480593e-02  3.886250000000035509e-01  -3.828749999999978004e-01  -4.031250000000041744e-01  8.571250000000002478e-01  -7.177499999999961133e-01  1.103569602966308594e+01
-2.662499999999540234e-02  4.518749999999974176e-01  -3.785000000000038334e-01  -5.272499999999998854e-01  1.004749999999998700e+00  -6.774999999999975486e-01  1.108380699157714844e+01
-1.061249999999985816e-01  5.609999999999989440e-01  -5.490000000000008207e-01  -5.916249999999984022e-01  1.094249999999999723e+00  -6.195000000000019380e-01  1.112520599365234375e+01
9.762500000000395861e-02  6.176250000000000906e-01  -6.341249999999992726e-01  -7.441249999999982601e-01  1.161874999999999769e+00  -6.582499999999991136e-01  1.116949200630187988e+01
7.524999999999892886e-02  6.831249999999996492e-01  -6.543749999999987077e-01  -7.322499999999967368e-01  1.121874999999999956e+00  -6.187499999999942490e-01  1.122491908073425293e+01
6.162499999999571099e-02  7.330000000000009841e-01  -7.725000000000022959e-01  -8.625000000000021538e-01  1.105250000000000288e+00  -6.173749999999963434e-01  1.128705000877380371e+01
1.033499999999999641e+00  9.038750000000000950e-01  -9.768750000000020473e-01  -1.063874999999998794e+00  1.430374999999999286e+00  -6.792499999999992433e-01  1.134194207191467285e+01
1.461000000000003851e+00  1.278624999999999456e+00  -1.299124999999999863e+00  -1.409124999999997074e+00  1.586625000000001284e+00  -6.293749999999944666e-01  1.139073204994201660e+01
1.096125000000003347e+00  1.322250000000000592e+00  -1.318375000000000075e+00  -1.376000000000000556e+00  1.356250000000003286e+00  -5.208750000000005320e-01  1.144928097724914551e+01
5.970000000000003082e-01  1.143875000000000863e+00  -1.225750000000000339e+00  -1.294374999999999831e+00  1.023249999999996440e+00  -5.058749999999994085e-01  1.149039387702941895e+01
2.512500000000084110e-02  8.408750000000013713e-01  -9.282500000000002416e-01  -1.119624999999999870e+00  7.546250000000017666e-01  -4.957499999999996354e-01  1.154058599472045898e+01
-4.050000000000025802e-01  6.529999999999973603e-01  -6.932499999999993667e-01  -8.412499999999999423e-01  7.421250000000031433e-01  -4.446250000000005476e-01  1.158176708221435547e+01
-5.216249999999977849e-01  5.328749999999986553e-01  -5.012499999999981970e-01  -6.965000000000008962e-01  6.971249999999997726e-01  -3.882499999999997065e-01  1.163001608848571777e+01
-5.982500000000084972e-01  4.532499999999987650e-01  -5.557500000000006324e-01  -6.112499999999971845e-01  6.678749999999983311e-01  -3.508750000000004921e-01  1.167397689819335938e+01
-7.439999999999946656e-01  4.664999999999981384e-01  -5.578749999999993436e-01  -5.408749999999996616e-01  2.628750000000026898e-01  -2.806249999999996247e-01  1.172115802764892578e+01
-7.742500000000041016e-01  4.592500000000013238e-01  -4.253750000000021125e-01  -4.458749999999983560e-01  7.749999999999424016e-02  -2.686249999999997806e-01  1.175706005096435547e+01
-8.786249999999939941e-01  2.762499999999987188e-01  -2.892500000000012839e-01  -3.258749999999997482e-01  -1.457500000000000462e-01  -2.581249999999996603e-01  1.179090690612792969e+01
-1.048124999999996865e+00  9.712500000000345857e-02  -1.437500000000049849e-01  -2.060000000000013209e-01  -4.279999999999978266e-01  -2.393750000000000044e-01  1.182710886001586914e+01
-1.138374999999997028e+00  -7.337500000000052314e-02  8.500000000000174083e-02  -1.775000000000040434e-02  -6.512499999999989964e-01  -2.094999999999996032e-01  1.186051988601684570e+01
-1.175374999999999392e+00  -2.223749999999968807e-01  2.172500000000021636e-01  7.537499999999905387e-02  -8.153750000000000719e-01  -2.144999999999994134e-01  1.189194488525390625e+01
0.000000000000000000e+00  0.000000000000000000e+00  0.000000000000000000e+00  0.000000000000000000e+00  0.000000000000000000e+00  0.000000000000000000e+00  1.192764687538146973e+01
-1.203375000000006523e+00  -4.136250000000007976e-01  3.088750000000001217e-01  2.833750000000023750e-01  -9.530000000000024007e-01  -1.806250000000002298e-01  1.196869087219238281e+01
-8.803749999999956888e-01  -4.458750000000017977e-01  3.507500000000003393e-01  2.187500000000001943e-01  -9.346250000000013713e-01  -1.342499999999998139e-01  1.200525307655334473e+01
-8.437499999999972244e-01  -3.893750000000008038e-01  3.926249999999971152e-01  2.264999999999975366e-01  -9.886249999999998650e-01  -1.514999999999997182e-01  1.204089593887329102e+01
-8.461249999999961302e-01  -4.141249999999978004e-01  3.678750000000001186e-01  2.724999999999984102e-01  -8.617500000000013483e-01  -1.321250000000002978e-01  1.207693600654602051e+01
-8.250000000000028422e-01  -4.699999999999981970e-01  4.757500000000004503e-01  3.741249999999994302e-01  -7.961249999999981952e-01  -1.407499999999993756e-01  1.210980200767517090e+01
9.512500000000145839e-02  -7.750000000000811795e-03  2.700000000000271627e-02  1.887499999999806000e-02  -3.324999999999855849e-02  2.837499999999975459e-02  1.214242601394653320e+01
1.500000000000001159e-02  5.874999999999993942e-03  1.337499999999998586e-02  1.066249999999999976e-01  -4.296249999999999791e-01  -3.389999999999999680e-01  1.295419597625732422e+01
2.087500000000000466e-02  -8.750000000000077161e-04  -3.749999999999999861e-02  2.714999999999999636e-01  1.420000000000000151e-01  2.252500000000000058e-01  1.301288890838623047e+01
1.539999999999999980e-01  -1.275000000000000022e-01  1.908749999999999891e-01  -2.712499999999999911e-01  8.349999999999999090e-02  6.239999999999999991e-01  1.304193186759948730e+01
9.831249999999998046e-01  -1.063875000000000126e+00  1.311874999999999680e+00  -3.440000000000000280e-01  4.332499999999999685e-01  4.481249999999997180e-01  1.307304406166076660e+01
1.223375000000000545e+00  -1.406250000000001110e+00  1.699125000000000885e+00  -6.148749999999999494e-01  4.633749999999999813e-01  1.368124999999999591e+00  1.311288595199584961e+01
1.064499999999999558e+00  -1.307375000000001286e+00  1.578124999999999556e+00  -1.259999999999998066e-01  3.726249999999999840e-01  1.164124999999998522e+00  1.315202498435974121e+01
8.277500000000020952e-01  -1.005000000000002336e+00  1.292749999999998733e+00  -2.015000000000002900e-01  -3.376249999999999529e-01  8.263749999999971951e-01  1.319227600097656250e+01
7.045000000000002371e-01  -9.798750000000016058e-01  1.096875000000004041e+00  -2.244999999999998663e-01  5.937500000000001804e-02  6.849999999999980549e-01  1.322800087928771973e+01
5.820000000000026263e-01  -8.254999999999997895e-01  1.031249999999997335e+00  -1.799999999999996048e-01  5.583750000000000657e-01  5.251249999999978435e-01  1.325291204452514648e+01
3.709999999999997744e-01  -5.822499999999993792e-01  7.407499999999983542e-01  -1.213749999999999551e-01  1.532499999999999696e-01  3.436250000000001803e-01  1.328693509101867676e+01
3.117499999999995275e-01  -4.241250000000043596e-01  5.636249999999981553e-01  -6.287499999999955624e-02  2.988750000000000018e-01  2.986249999999968097e-01  1.332348108291625977e+01
1.221250000000007052e-01  -2.729999999999954685e-01  3.527499999999988978e-01  -3.362500000000066824e-02  -5.197500000000000453e-01  1.282499999999998919e-01  1.335579705238342285e+01
1.331250000000012979e-01  -1.937499999999994782e-01  3.568749999999995537e-01  -2.874999999999405809e-03  -8.162499999999998923e-02  1.297500000000013920e-01  1.338562107086181641e+01
4.625000000000115130e-02  -1.105000000000064264e-01  1.878750000000040110e-01  1.125000000000084266e-02  -3.817500000000000338e-01  -3.124999999999655831e-03  1.341203403472900391e+01
3.200000000000077782e-02  -3.000000000003000267e-03  2.475000000000393552e-02  5.324999999999947831e-02  -3.174999999999987554e-02  -8.874999999999855227e-02  1.344452786445617676e+01
5.325000000000121303e-02  6.187500000000289990e-02  -9.562500000000195843e-02  5.412500000000035338e-02  5.658750000000000169e-01  -1.002499999999996450e-01  1.347954607009887695e+01
-2.190000000000004443e-01  1.320000000000001728e-01  -2.563750000000031282e-01  4.924999999999981476e-02  5.490000000000000435e-01  -2.441250000000012854e-01  1.351999902725219727e+01
-2.786250000000010663e-01  1.983750000000006342e-01  -2.746250000000005631e-01  6.399999999999982092e-02  -3.975000000000000755e-01  -2.863749999999984364e-01  1.355759406089782715e+01
-2.303749999999979425e-01  2.507500000000009721e-01  -3.963749999999974238e-01  5.337500000000047068e-02  4.228749999999999454e-01  -2.706250000000000044e-01  1.358870196342468262e+01
-3.241249999999979980e-01  3.620000000000012097e-01  -4.053749999999994857e-01  5.849999999999952460e-02  -4.084999999999999742e-01  -3.341250000000010600e-01  1.362180995941162109e+01
-4.511250000000001092e-01  5.632499999999978080e-01  -6.302499999999988667e-01  1.275000000000000022e-01  4.054999999999999716e-01  -4.527500000000017621e-01  1.370398306846618652e+01
-3.552500000000013980e-01  5.175000000000006262e-01  -7.076249999999963958e-01  4.374999999999951844e-02  -5.244999999999999662e-01  -4.298749999999996740e-01  1.373572707176208496e+01
-4.886249999999994764e-01  5.439999999999993729e-01  -7.041249999999998899e-01  8.837499999999991196e-02  -9.575000000000001565e-02  -3.981250000000026157e-01  1.377328991889953613e+01
-3.726249999999979301e-01  5.221249999999982849e-01  -4.713749999999995444e-01  1.079999999999995824e-01  -1.436249999999999749e-01  -4.112499999999983946e-01  1.380472087860107422e+01
-3.595000000000004303e-01  4.575000000000030154e-01  -6.114999999999974900e-01  4.525000000000015121e-02  6.302500000000000879e-01  -3.560000000000004272e-01  1.383584904670715332e+01
4.212500000000049538e-02  4.224999999999715095e-02  4.399999999999890110e-02  6.475000000000014078e-02  -2.951249999999999707e-01  1.050000000000009259e-02  1.386976599693298340e+01
0.000000000000000000e+00  2.613749999999999685e-01  -1.150000000000000848e-02  2.526249999999999885e-01  3.192499999999999782e-01  -5.398749999999999938e-01  1.469377088546752930e+01
-2.325000000000001024e-02  -2.701249999999999485e-01  -3.449999999999999595e-02  -1.081249999999999850e-01  -5.037499999999999617e-02  -4.578749999999999765e-01  1.473576903343200684e+01
2.987499999999999531e-02  1.987499999999999822e-01  2.150000000000000869e-02  -1.492499999999999938e-01  -3.925000000000000155e-01  3.861249999999999960e-01  1.476000595092773438e+01
-2.558749999999999636e-01  1.377000000000000002e+00  -1.554999999999999938e+00  -7.999999999999998779e-02  -4.174999999999999545e-02  -7.412499999999999645e-01  1.479038286209106445e+01
-3.799999999999998934e-01  1.858624999999999972e+00  -2.422500000000001208e+00  2.462499999999999412e-01  4.424999999999999489e-01  -4.811249999999997473e-01  1.481897902488708496e+01
-4.204999999999998739e-01  1.879624999999999213e+00  -2.686500000000001442e+00  8.144999999999992246e-01  -2.912500000000001546e-02  -5.189999999999999059e-01  1.485978889465332031e+01
-4.347500000000002474e-01  1.911499999999999977e+00  -2.635375000000002466e+00  6.496250000000008962e-01  2.813749999999999307e-01  -3.903750000000000830e-01  1.489800190925598145e+01
-3.272499999999994302e-01  1.581499999999999462e+00  -2.338125000000003340e+00  5.402499999999990088e-01  4.141249999999999654e-01  -3.684999999999998832e-01  1.494009590148925781e+01
-2.532499999999999751e-01  1.371125000000000815e+00  -2.085250000000003823e+00  3.746249999999999303e-01  -3.311250000000000582e-01  -2.123749999999990090e-01  1.497593688964843750e+01
-2.120000000000003826e-01  1.160000000000001252e+00  -1.721750000000007885e+00  2.949999999999983746e-01  4.011250000000000093e-01  -2.005000000000010107e-01  1.500949406623840332e+01
-2.232499999999994766e-01  9.587500000000012124e-01  -1.600249999999997508e+00  3.310000000000014042e-01  3.647500000000000742e-01  -1.841250000000002607e-01  1.504323792457580566e+01
-1.708749999999991387e-01  7.751250000000015072e-01  -1.372375000000009004e+00  2.137500000000021327e-01  1.579999999999999460e-01  -1.283750000000000169e-01  1.507385706901550293e+01
-1.045000000000004259e-01  5.773750000000049676e-01  -9.183749999999990532e-01  1.786250000000016991e-01  2.351249999999998619e-01  -1.762500000000027933e-02  1.510318398475646973e+01
-6.387500000000143063e-02  4.897499999999971321e-01  -7.891250000000016307e-01  1.378749999999991094e-01  2.396249999999998104e-01  -7.012499999999900757e-02  1.513670492172241211e+01
-4.037499999999874523e-02  3.491249999999987419e-01  -5.938749999999937135e-01  4.712500000000202638e-02  1.901249999999999607e-01  -2.862499999999913725e-02  1.516724395751953125e+01
-2.649999999999874678e-02  5.424999999999180478e-02  -1.441249999999949516e-01  2.424999999999996603e-02  -1.296250000000001845e-01  -3.875000000000058953e-02  1.519909906387329102e+01
7.212499999999927303e-02  1.722500000000126708e-01  -6.737500000000840039e-02  9.775000000000061418e-02  -1.363749999999999962e-01  -1.887499999999979472e-02  1.522981786727905273e+01
2.299999999999871592e-02  2.326250000000001927e-01  -9.800000000000086420e-02  2.024999999999943512e-02  -2.372500000000000442e-01  -1.750000000000015432e-03  1.526283502578735352e+01
7.500000000000041356e-02  -2.237500000000502975e-02  8.287499999999614619e-02  5.137499999999933786e-02  -3.422500000000001097e-01  1.274999999999887335e-02  1.529117798805236816e+01
1.800000000000065437e-02  1.950000000000562395e-02  1.553749999999992637e-01  8.387500000000061573e-02  1.737499999999999600e-01  6.524999999999933631e-02  1.532514500617980957e+01
1.158749999999996588e-01  -2.003749999999887565e-01  3.693749999999912381e-01  -3.099999999999977773e-02  7.572499999999999787e-01  7.024999999999913258e-02  1.535739898681640625e+01
1.393750000000006095e-01  -4.143750000000084865e-01  7.944999999999896589e-01  -6.549999999999958633e-02  6.126249999999998641e-01  1.402499999999997360e-01  1.539647507667541504e+01
8.362499999999863098e-02  -5.562500000000011324e-01  8.533750000000034364e-01  -1.601250000000005447e-01  -7.962500000000005684e-02  9.575000000000034872e-02  1.543836903572082520e+01
2.339999999999998193e-01  -1.270250000000000545e+00  2.130750000000000810e+00  -3.158750000000001834e-01  -9.525000000000005684e-02  2.478749999999998177e-01  1.547397494316101074e+01
1.308750000000007685e-01  -5.192499999999988791e-01  8.783750000000006830e-01  -8.662499999999989653e-02  -9.175000000000002598e-02  1.151250000000006435e-01  1.550859093666076660e+01
1.407500000000002360e-01  -5.607500000000056328e-01  8.802500000000129665e-01  -1.729999999999995430e-01  4.689999999999999725e-01  1.034999999999994258e-01  1.554345107078552246e+01
1.047500000000006759e-01  -4.953749999999992881e-01  8.783750000000006830e-01  -1.277499999999993918e-01  1.297500000000000320e-01  1.183750000000004243e-01  1.557553887367248535e+01
1.089999999999997221e-01  -6.461250000000042792e-01  9.527500000000022062e-01  -1.652499999999987312e-01  -4.932499999999999662e-01  8.299999999999974065e-02  1.560940289497375488e+01
1.233749999999993463e-01  -5.308750000000000968e-01  9.237500000000009592e-01  -1.239999999999991109e-01  -3.957499999999999907e-01  8.974999999999955236e-02  1.564314389228820801e+01
1.638749999999999651e-01  -6.068749999999997202e-01  1.026375000000002924e+00  -1.252500000000003610e-01  4.558749999999999747e-01  1.337500000000001743e-01  1.568150997161865234e+01
1.081249999999997075e-01  -7.541249999999943832e-01  1.149249999999997440e+00  -2.267500000000012561e-01  -4.427499999999999769e-01  1.086249999999993471e-01  1.570994901657104492e+01
1.454999999999997962e-01  -6.942500000000003668e-01  1.040750000000000064e+00  -1.959999999999999798e-01  -3.995000000000000218e-01  1.453749999999996712e-01  1.574875903129577637e+01
1.292500000000000315e-01  -6.382499999999998730e-01  9.433750000000031832e-01  -1.256250000000007361e-01  -5.337499999999998496e-02  8.387499999999974143e-02  1.579038190841674805e+01
1.087500000000003325e-01  -6.448749999999960902e-01  8.881249999999965006e-01  -2.766249999999990661e-01  -4.496250000000000524e-01  1.196249999999999397e-01  1.582444000244140625e+01
1.289999999999997815e-01  -6.013750000000012141e-01  9.093749999999969358e-01  -2.252499999999997560e-01  -2.838750000000000440e-01  9.125000000000017819e-02  1.586174106597900391e+01
1.153750000000000192e-01  -6.031249999999994671e-01  7.387499999999963540e-01  -2.753749999999995923e-01  1.839999999999999136e-01  8.262499999999936562e-02  1.589883804321289062e+01
2.725000000000036421e-02  6.937499999999999223e-02  -3.599999999999783928e-02  1.849999999999941969e-02  4.716250000000000164e-01  -6.487499999999982170e-02  1.592929196357727051e+01
0.000000000000000000e+00  5.012499999999999595e-02  2.537499999999998090e-02  -5.316250000000000142e-01  -2.806249999999999578e-01  -4.298750000000000071e-01  1.674592208862304688e+01
-1.499999999999999771e-02  2.387499999999999692e-02  7.124999999999996787e-03  3.647500000000000187e-01  -1.886249999999999871e-01  -4.226250000000000284e-01  1.683787703514099121e+01
1.227874999999999384e+00  -3.160374999999999712e+00  3.380375000000001240e+00  9.234999999999999876e-01  5.113124999999997478e+00  -3.204999999999999627e+00  1.691299295425415039e+01
-1.402874999999999650e+00  -3.648249999999998661e+00  3.986375000000000224e+00  2.119125000000001258e+00  -1.630500000000000060e+00  -2.661624999999993690e+00  1.698011302947998047e+01
-2.346249999999999947e+00  -2.593749999999992006e+00  2.850000000000005418e+00  2.122499999999999165e+00  -4.966000000000001968e+00  -1.699624999999996167e+00  1.703328704833984375e+01
-2.184750000000002412e+00  -1.563750000000002638e+00  1.819500000000001672e+00  1.539500000000006086e+00  -4.298124999999999751e+00  -1.039250000000005336e+00  1.708430409431457520e+01
-1.946625000000000494e+00  -1.411000000000009358e+00  1.514500000000001956e+00  7.600000000000036726e-01  -2.822874999999998913e+00  -7.793749999999988187e-01  1.713550496101379395e+01
-1.775249999999999106e+00  -1.210249999999996051e+00  1.271875000000005640e+00  -3.632500000000024598e-01  -1.925375000000000059e+00  -5.765000000000075620e-01  1.718629097938537598e+01
-1.742874999999997954e+00  -1.000249999999994088e+00  1.170500000000004759e+00  -9.185000000000026477e-01  -1.325500000000000345e+00  -4.132499999999900142e-01  1.723635792732238770e+01
-1.711624999999994401e+00  -6.196249999999986491e-01  7.417499999999993543e-01  -9.110000000000020304e-01  -6.442499999999989901e-01  -1.047499999999867981e-01  1.728925108909606934e+01
-2.057374999999999954e+00  -4.027500000000072689e-01  4.382499999999872609e-01  -4.500000000000024536e-01  1.312500000000271783e-02  -1.104999999999994875e-01  1.734682297706604004e+01
-2.121999999999998998e+00  -3.072499999999950271e-01  3.764999999999879554e-01  -5.136250000000002203e-01  4.625000000000045741e-01  6.050000000000499423e-02  1.740786695480346680e+01
-1.338749999999999662e+00  -1.555000000000028582e-01  1.732500000000136708e-01  3.506250000000002420e-01  1.999999999999918510e-02  1.685000000000019815e-01  1.746192407608032227e+01
-1.424999999999343459e-02  2.675000000000593570e-02  -3.133749999999768665e-01  1.013624999999997112e+00  -1.082374999999996534e+00  2.203750000000087583e-01  1.752012896537780762e+01
1.823875000000002577e+00  1.142500000000004512e+00  -3.141250000000123110e-01  5.729999999999970672e-01  -1.547000000000006592e+00  6.372500000000058673e-01  1.761791706085205078e+01
-2.783000000000007468e+00  2.474250000000011163e+00  -2.042374999999998941e+00  -7.922500000000012310e-01  -1.190874999999993911e+00  7.382500000000097318e-01  1.769335007667541504e+01
-5.522500000000041265e-01  1.678999999999999826e+00  -2.297624999999997364e+00  -1.228250000000000064e+00  1.208000000000000629e+00  5.712499999999814948e-02  1.776885986328125000e+01
-2.000000000000057288e-01  1.161624999999999464e+00  -1.826500000000008672e+00  -1.015999999999999570e+00  2.224000000000003752e+00  -2.375000000000015987e-01  1.781405997276306152e+01
-5.750000000000060618e-01  1.124625000000003983e+00  -1.401499999999999968e+00  -8.398750000000003713e-01  2.576500000000009116e+00  -1.737500000000002931e-02  1.785921597480773926e+01
-6.432500000000118678e-01  1.129375000000001794e+00  -1.325874999999990145e+00  -8.470000000000005302e-01  2.402874999999998540e+00  -4.762500000000252642e-02  1.790618896484375000e+01
-1.926250000000018225e-01  1.201874999999998028e+00  -1.331999999999999851e+00  -1.099750000000000005e+00  2.309249999999998693e+00  -2.238749999999983809e-01  1.795616602897644043e+01
1.252499999999934222e-01  1.191999999999998616e+00  -1.411000000000002474e+00  -1.134749999999999481e+00  2.145375000000001364e+00  -1.947500000000074172e-01  1.799146890640258789e+01
2.619999999999844675e-01  1.427875000000002004e+00  -1.494874999999999732e+00  -1.394625000000000226e+00  2.301249999999997797e+00  -1.156249999999942046e-01  1.802651095390319824e+01
6.882500000000013607e-01  1.548375000000001167e+00  -1.652374999999997485e+00  -1.522625000000001450e+00  2.341250000000000497e+00  -1.137500000000096767e-01  1.807070899009704590e+01
1.023750000000003713e+00  1.526499999999998414e+00  -1.707000000000000073e+00  -1.420125000000001192e+00  2.024000000000000021e+00  6.325000000000080558e-02  1.812020087242126465e+01
1.962374999999988434e+00  1.216999999999999638e+00  -1.491624999999999757e+00  -1.030625000000000346e+00  1.468999999999998085e+00  3.884999999999999565e-01  1.822655892372131348e+01
2.961500000000005794e+00  -2.006249999999994149e-01  1.863749999999999019e-01  -1.091500000000002135e+00  1.718625000000001402e+00  3.666250000000023657e-01  1.831268095970153809e+01
2.270000000000001350e+00  2.725000000000123157e-02  -1.088750000000000273e-01  -8.311250000000020011e-01  1.225749999999997675e+00  4.714999999999996971e-01  1.835909986495971680e+01
1.803374999999995953e+00  1.046000000000000041e+00  -1.071499999999999897e+00  -5.446249999999999147e-01  9.160000000000001474e-01  3.508750000000004921e-01  1.840347194671630859e+01
1.265874999999999639e+00  1.503875000000001627e+00  -1.554124999999999979e+00  -2.018749999999971956e-01  5.687499999999997558e-01  3.136249999999979332e-01  1.844782900810241699e+01
1.092499999999999805e+00  1.127875000000000405e+00  -1.238374999999999782e+00  8.062500000000083489e-02  3.286249999999990568e-01  3.758749999999977387e-01  1.850460290908813477e+01
1.043499999999999206e+00  8.688749999999980655e-01  -9.163750000000004947e-01  3.025000000000249711e-02  9.075000000000055245e-02  3.915000000000029567e-01  1.854582595825195312e+01
9.897499999999975762e-01  5.027500000000031388e-01  -6.397499999999944897e-01  2.741250000000000631e-01  -1.407500000000089235e-01  4.640000000000060743e-01  1.858554196357727051e+01
8.334999999999991305e-01  4.143749999999946088e-01  -4.988750000000027884e-01  2.534999999999967835e-01  -2.557499999999990337e-01  4.082499999999988916e-01  1.862347698211669922e+01
7.222500000000006137e-01  1.950000000000007283e-01  -3.634999999999957709e-01  3.230000000000038396e-01  -4.600000000000020739e-01  4.347499999999976383e-01  1.866729807853698730e+01
6.083749999999999991e-01  1.366249999999943898e-01  -1.641250000000010756e-01  4.732500000000014473e-01  -5.332499999999990026e-01  4.421250000000015445e-01  1.871132588386535645e+01
5.037500000000000311e-01  1.686249999999986371e-01  -2.076250000000029461e-01  2.925000000000010925e-01  -6.223750000000013438e-01  4.590000000000010738e-01  1.875198602676391602e+01
3.101249999999998730e-01  1.911250000000003224e-01  -1.728750000000028875e-01  3.169999999999978391e-01  -2.547500000000049725e-01  4.158750000000030478e-01  1.879743409156799316e+01
2.663750000000001394e-01  7.450000000000511768e-02  -5.449999999999899369e-02  2.213750000000028195e-01  -6.007499999999971196e-01  3.687500000000010214e-01  1.884265708923339844e+01
2.178750000000001796e-01  -1.223749999999940163e-01  5.375000000001906031e-03  3.881250000000030509e-01  -6.649999999999989253e-01  4.186250000000023008e-01  1.888150906562805176e+01
8.725000000000052158e-02  -3.195000000000003393e-01  2.209999999999989750e-01  4.072499999999978915e-01  -7.137499999999991074e-01  4.597499999999983267e-01  1.892826104164123535e+01
9.799999999999998990e-02  -4.877500000000020708e-01  5.246250000000007851e-01  6.417499999999964899e-01  -8.587499999999983480e-01  4.847499999999990705e-01  1.897915291786193848e+01
1.762499999999941197e-02  -5.415000000000003144e-01  4.993750000000032885e-01  5.756250000000031619e-01  -8.481249999999981304e-01  4.387499999999981415e-01  1.901874804496765137e+01
-5.099999999999983019e-02  -6.001249999999999085e-01  5.101250000000001616e-01  5.534999999999984377e-01  -7.741250000000005071e-01  4.093749999999999889e-01  1.907278394699096680e+01
-8.525000000000025613e-02  -5.655000000000000027e-01  4.887499999999995737e-01  5.450000000000003730e-01  -7.161249999999980131e-01  4.101250000000007390e-01  1.911962985992431641e+01
2.075000000000080252e-02  -4.350000000000187050e-02  7.625000000000686784e-03  -2.637499999999862177e-02  6.487500000000243072e-02  -8.750000000000077161e-03  1.915637302398681641e+01
-1.587500000000026390e-02  -9.887499999999826983e-02  6.162499999999918043e-02  4.625000000000115130e-02  -6.650000000000058642e-02  1.549999999999988887e-02  1.921196007728576660e+01
2.237500000000000253e-02  2.849999999999998715e-02  1.524999999999999099e-02  2.896250000000000213e-01  -7.375000000000003081e-03  -4.174999999999999822e-01  2.000826287269592285e+01
-1.512499999999999782e-02  -1.487500000000000974e-02  -2.262499999999999234e-02  5.529999999999999361e-01  6.749999999999994720e-03  4.223750000000000004e-01  2.007652592658996582e+01
2.879750000000000476e+00  1.738874999999999948e+00  -3.720875000000001709e+00  -5.502499999999999059e-01  -5.860499999999997378e+00  5.617500000000000604e+00  2.017078590393066406e+01
3.539250000000000451e+00  -2.828125000000000000e+00  3.716375000000000650e+00  3.928374999999999506e+00  1.097500000000056763e-01  3.017124999999995616e+00  2.026704907417297363e+01
-1.744124999999999037e+00  -2.027000000000001023e+00  2.920499999999999652e+00  2.141500000000004622e+00  6.705000000000044258e-01  4.792500000000005089e-01  2.034170889854431152e+01
8.716250000000008713e-01  -4.637500000000127631e-02  8.774999999999755218e-02  3.752500000000005831e-01  1.768625000000002778e+00  6.977499999999969837e-01  2.040929508209228516e+01
1.896250000000001990e+00  4.497499999999987619e-01  -6.442500000000007665e-01  -8.999999999999980238e-02  7.297499999999942366e-01  8.988750000000073070e-01  2.045724797248840332e+01
9.066249999999942411e-01  1.869999999999996665e-01  -1.118749999999991279e-01  2.503749999999971276e-01  -8.649999999999976596e-01  8.447499999999913411e-01  2.050166702270507812e+01
2.459999999999962217e-01  5.237500000000033795e-02  4.362500000000026079e-02  2.713749999999973128e-01  -5.435000000000023146e-01  2.632500000000065343e-01  2.056071805953979492e+01
-3.208749999999982450e-01  1.277499999999993918e-01  -7.500000000007500667e-04  2.749999999999974687e-02  -4.149999999999987033e-02  -1.681250000000050759e-01  2.061694002151489258e+01
-1.049999999999939870e-01  3.180000000000022808e-01  -1.966249999999988840e-01  -2.347499999999988485e-01  6.326249999999977724e-01  -2.609999999999973452e-01  2.066788792610168457e+01
-5.624999999995217159e-03  3.346250000000015601e-01  -2.947499999999998455e-01  -2.909999999999995923e-01  1.010500000000004395e+00  -3.417500000000017746e-01  2.072110295295715332e+01
2.449999999999674660e-02  2.807499999999997220e-01  -1.971249999999993840e-01  -8.362499999999689626e-02  9.400000000000032774e-01  -2.023750000000046345e-01  2.077675008773803711e+01
-5.012500000001196554e-02  2.769999999999994689e-01  -2.822500000000003895e-01  -2.055000000000042903e-01  8.556249999999987477e-01  -4.063750000000004858e-01  2.083212208747863770e+01
-3.669999999999923324e-01  3.758749999999994595e-01  -2.809999999999999720e-01  -3.603749999999961151e-01  8.561249999999992477e-01  -6.063750000000062146e-01  2.089583992958068848e+01
-4.831250000000009148e-01  4.241250000000008624e-01  -3.421249999999999569e-01  -4.672499999999954468e-01  7.229999999999979776e-01  -7.066250000000023901e-01  2.094038987159729004e+01
-4.215000000000052038e-01  5.367499999999998384e-01  -5.461249999999999716e-01  -6.815000000000015490e-01  5.898750000000001492e-01  -8.879999999999999005e-01  2.098504805564880371e+01
-4.917499999999991322e-01  5.078750000000000764e-01  -4.769999999999999796e-01  -6.653750000000027143e-01  5.643749999999988498e-01  -9.325000000000027711e-01  2.102461504936218262e+01
-5.353749999999907194e-01  4.699999999999999178e-01  -4.809999999999996501e-01  -6.782499999999982432e-01  5.528750000000012266e-01  -8.913749999999998064e-01  2.107242298126220703e+01
-6.272499999999958664e-01  5.127500000000001501e-01  -4.456249999999998268e-01  -6.987499999999979838e-01  6.516250000000011200e-01  -9.404999999999968940e-01  2.112793087959289551e+01
-5.282499999999940021e-01  3.932499999999994889e-01  -3.991250000000001741e-01  -6.858750000000024549e-01  6.523750000000001492e-01  -9.756249999999938582e-01  2.117807507514953613e+01
5.124999999999990674e-01  4.122500000000011711e-01  -3.554999999999999272e-01  -7.027500000000019842e-01  1.414125000000000520e+00  -9.834999999999982645e-01  2.122080993652343750e+01
1.537874999999994108e+00  4.754999999999984794e-01  -4.096250000000002389e-01  -7.251250000000000195e-01  2.039749999999999730e+00  -9.393749999999922995e-01  2.127291607856750488e+01
1.425375000000006498e+00  7.698749999999997540e-01  -5.748749999999990257e-01  -8.173749999999986304e-01  1.868000000000001659e+00  -9.098750000000044302e-01  2.133546996116638184e+01
9.825000000000111422e-01  7.602500000000005365e-01  -7.922500000000012310e-01  -1.069874999999999687e+00  1.564249999999999696e+00  -8.724999999999982769e-01  2.137808299064636230e+01
7.291250000000110143e-01  1.010875000000001300e+00  -9.237500000000009592e-01  -1.290874999999999995e+00  1.204249999999996934e+00  -1.005375000000002794e+00  2.141171002388000488e+01
3.502499999999963975e-01  9.287499999999989653e-01  -9.746249999999997415e-01  -1.323874999999999469e+00  1.065499999999997005e+00  -8.668750000000030598e-01  2.145927596092224121e+01
-1.260000000000011111e-01  6.796249999999961489e-01  -6.263750000000053442e-01  -1.100374999999998993e+00  5.837500000000008793e-01  -8.190000000000002833e-01  2.151833200454711914e+01
-5.166249999999927844e-01  6.429999999999976845e-01  -5.650000000000029443e-01  -9.746249999999997415e-01  3.763749999999982387e-01  -7.724999999999954126e-01  2.156219005584716797e+01
-7.058749999999947011e-01  4.988750000000027884e-01  -3.737499999999990830e-01  -7.792499999999986660e-01  4.320000000000018270e-01  -6.626250000000000195e-01  2.161368298530578613e+01
-8.915000000000034008e-01  2.756250000000015632e-01  -2.930000000000015925e-01  -6.488750000000000906e-01  2.908750000000029368e-01  -5.836249999999972848e-01  2.166574406623840332e+01
-1.017000000000003901e+00  6.637500000000046141e-02  -1.999999999999918510e-02  -3.286249999999990568e-01  -2.250000000002250200e-03  -5.413750000000001616e-01  2.170677590370178223e+01
-9.630000000000055183e-01  9.712500000000345857e-02  -1.774999999999693490e-02  -3.074999999999952771e-01  -1.181250000000036438e-01  -4.616249999999967324e-01  2.174875187873840332e+01
-1.000749999999994699e+00  1.261249999999977667e-01  -1.322500000000004228e-01  -3.394999999999995244e-01  -2.484999999999987219e-01  -4.679999999999996385e-01  2.178858995437622070e+01
-1.044375000000000053e+00  8.812500000000139666e-02  -8.125000000000492939e-02  -2.846250000000036251e-01  -2.888750000000009366e-01  -3.942499999999987681e-01  2.183078694343566895e+01
-8.478749999999979359e-01  -8.687500000000014655e-02  1.336249999999983284e-01  -1.986250000000008842e-01  -4.352500000000050773e-01  -3.450000000000015277e-01  2.186842894554138184e+01
-9.352499999999985825e-01  -1.806250000000036993e-01  1.899999999999957279e-01  5.125000000001656009e-03  -5.568749999999983435e-01  -3.367500000000002158e-01  2.190938997268676758e+01
-9.995000000000003881e-01  -4.463749999999988560e-01  4.901250000000009766e-01  2.423750000000030047e-01  -7.732500000000031015e-01  -3.208749999999999658e-01  2.194965887069702148e+01
-9.168749999999975531e-01  -5.497500000000016263e-01  6.086249999999945315e-01  3.992499999999968296e-01  -8.212499999999955946e-01  -3.034999999999999365e-01  2.199510908126831055e+01
-9.088750000000034301e-01  -7.001250000000027729e-01  7.187500000000041078e-01  5.763750000000039675e-01  -8.563749999999994422e-01  -2.686249999999997806e-01  2.203227496147155762e+01
-7.999999999999951594e-01  -7.346249999999956426e-01  7.166250000000053966e-01  5.012500000000016387e-01  -8.426249999999996243e-01  -3.027500000000009073e-01  2.207111597061157227e+01
-7.538749999999976303e-01  -7.162500000000016076e-01  7.059999999999982956e-01  5.834999999999972431e-01  -8.016249999999968123e-01  -2.488750000000008178e-01  2.212382388114929199e+01
-7.547499999999984777e-01  -6.453750000000001430e-01  7.428750000000005071e-01  5.448750000000002203e-01  -7.689999999999987956e-01  -2.325000000000000677e-01  2.217030501365661621e+01
1.003749999999997700e-01  5.737499999999839950e-02  -3.624999999999808931e-02  -1.249999999966555642e-04  1.042499999999967064e-01  -2.012500000000017747e-02  2.220776295661926270e+01
1.637499999999999789e-01  9.999999999999972019e-04  1.862500000000000613e-02  -9.499999999999999764e-03  9.599999999999998812e-02  1.352500000000000091e-01  2.302117800712585449e+01
-9.487500000000001488e-02  -1.724999999999999797e-02  4.500000000000000527e-02  -5.638750000000000151e-01  6.624999999999998078e-03  1.895000000000000018e-01  2.307767295837402344e+01
1.321249999999999925e-01  6.999999999999994074e-03  1.124999999999999611e-02  3.768750000000000155e-01  7.000000000000007085e-03  1.498749999999999805e-01  2.310511088371276855e+01
3.752500000000000280e-01  -1.048374999999999835e+00  1.328124999999999778e+00  -4.890000000000000457e-01  6.874999999999990494e-03  7.236249999999999627e-01  2.313917303085327148e+01
3.648749999999997273e-01  -1.552625000000000144e+00  2.007624999999999105e+00  -1.476249999999997564e-01  1.599999999999999686e-02  5.912499999999997202e-01  2.317806005477905273e+01
4.508749999999998592e-01  -1.590749999999998332e+00  2.043375000000000163e+00  -6.211250000000001492e-01  -5.750000000000000770e-03  2.548749999999999072e-01  2.321599292755126953e+01
3.226249999999999951e-01  -1.355875000000002828e+00  1.735000000000000320e+00  -3.641249999999998654e-01  3.774999999999999190e-02  3.172500000000006981e-01  2.326597905158996582e+01
2.268749999999996325e-01  -1.081124999999998781e+00  1.510375000000001355e+00  -2.893749999999997158e-01  -1.400000000000000029e-02  2.888749999999992157e-01  2.329521298408508301e+01
2.067499999999986016e-01  -8.821249999999974944e-01  1.356124999999999581e+00  -3.057500000000004658e-01  -2.837499999999999745e-02  2.199999999999996958e-01  2.332700204849243164e+01
1.452499999999995461e-01  -6.128749999999988374e-01  1.059000000000004382e+00  -1.714999999999997637e-01  2.412500000000000061e-02  1.124999999999997530e-01  2.335738492012023926e+01
1.211249999999997051e-01  -5.006249999999975442e-01  8.336249999999975069e-01  -2.026249999999996665e-01  -5.500000000000001416e-03  1.361250000000008287e-01  2.339137005805969238e+01
4.375000000000038580e-02  -2.818750000000008749e-01  5.423750000000046034e-01  -7.912499999999933475e-02  -1.325000000000000309e-02  7.624999999999992895e-02  2.341917300224304199e+01
-2.250000000000515477e-03  -2.583750000000051283e-01  2.338749999999945040e-01  -8.137499999999985023e-02  -5.875000000000000014e-03  3.650000000000007405e-02  2.345441198348999023e+01
-4.387500000000051081e-02  -3.512499999999696421e-02  3.637500000000515321e-02  -6.950000000000011724e-02  -2.912499999999999464e-02  -4.250000000000780931e-03  2.349133300781250000e+01
-1.262500000000048306e-02  1.119999999999940488e-01  -2.102499999999951630e-01  -1.062500000000021760e-02  2.225000000000000241e-02  -1.825000000000090439e-02  2.353450703620910645e+01
-6.587499999999996136e-02  2.061250000000014460e-01  -2.693750000000022515e-01  2.550000000000121614e-02  -3.749999999999955626e-04  -3.237499999999941813e-02  2.356792593002319336e+01
-1.067500000000009414e-01  2.428749999999965659e-01  -3.478749999999974918e-01  2.924999999999976230e-02  7.125000000000000257e-03  -8.500000000000000611e-02  2.360480904579162598e+01
-1.331249999999995492e-01  2.877500000000032809e-01  -5.393750000000016032e-01  1.089999999999997221e-01  -1.562500000000000000e-02  -7.825000000000019440e-02  2.363706898689270020e+01
-1.011250000000005200e-01  4.073749999999945470e-01  -6.794999999999995488e-01  9.275000000000081790e-02  -8.124999999999998543e-03  -1.293749999999992684e-01  2.367364192008972168e+01
-9.474999999999934863e-02  3.791250000000009890e-01  -6.549999999999958078e-01  3.087499999999965272e-02  2.112499999999999795e-02  -1.483749999999992020e-01  2.370638799667358398e+01
-1.305000000000003935e-01  4.630000000000050742e-01  -6.833749999999999547e-01  1.392500000000004845e-01  -1.562500000000000000e-02  -1.209999999999995801e-01  2.374450492858886719e+01
-1.596250000000000446e-01  5.684999999999995612e-01  -7.835000000000064135e-01  2.396250000000002545e-01  1.499999999999999944e-02  -1.181249999999993000e-01  2.378839302062988281e+01
-1.833749999999995106e-01  5.621250000000000968e-01  -7.773749999999968185e-01  2.552500000000002545e-01  2.262499999999999928e-02  -1.659999999999994813e-01  2.382102298736572266e+01
-1.232500000000000956e-01  5.415000000000003144e-01  -7.410000000000055431e-01  1.852499999999996372e-01  -1.507499999999999951e-01  -1.510000000000000786e-01  2.386088705062866211e+01
-1.296250000000004066e-01  5.320000000000012497e-01  -7.515000000000021663e-01  1.248749999999999860e-01  9.749999999999999986e-03  -1.598750000000002947e-01  2.389523506164550781e+01
1.912499999999917738e-02  -2.649999999999874678e-02  4.824999999999968203e-02  -2.287500000000032563e-02  -2.933749999999999969e-01  2.674999999999986416e-02  2.393220686912536621e+01
7.499999999999998855e-03  -1.487499999999999586e-02  2.837500000000002520e-02  -6.750000000000001658e-03  5.085000000000000631e-01  -4.241250000000000298e-01  2.474051499366760254e+01
-3.062499999999999944e-02  -1.487499999999999586e-02  -1.737500000000000155e-02  7.749999999999998210e-03  3.736250000000000404e-01  -4.477499999999999813e-01  2.478631401062011719e+01
1.375000000000000007e-02  2.264999999999999791e-01  -2.607500000000000373e-01  8.399999999999997746e-02  -1.125000000000000132e-03  3.552499999999999547e-01  2.481747007369995117e+01
9.112499999999999767e-02  1.292374999999999607e+00  -1.978625000000000300e+00  4.452500000000000902e-01  -4.002499999999999947e-01  1.321249999999999925e-01  2.484894394874572754e+01
1.023750000000000354e-01  1.827999999999999625e+00  -2.683124999999997762e+00  5.368749999999999911e-01  -4.333749999999999547e-01  -1.146250000000001434e-01  2.488361001014709473e+01
1.148750000000001714e-01  1.743374999999998343e+00  -2.596624999999998185e+00  7.278750000000010489e-01  -5.601250000000000950e-01  4.042500000000001092e-01  2.492506289482116699e+01
7.175000000000020250e-02  1.594625000000002180e+00  -2.350499999999998479e+00  5.549999999999999378e-01  -2.081249999999999767e-01  -7.625000000000253103e-03  2.496780490875244141e+01
9.562500000000022371e-02  1.390999999999996461e+00  -2.139500000000002622e+00  5.254999999999999671e-01  -4.841249999999999720e-01  1.610000000000001152e-01  2.499934697151184082e+01
1.027499999999999802e-01  1.243125000000004698e+00  -1.896374999999998812e+00  4.673749999999990412e-01  1.413749999999999729e-01  1.028750000000001052e-01  2.503370308876037598e+01
4.674999999999991662e-02  1.013875000000004301e+00  -1.770500000000008178e+00  3.476250000000006835e-01  -4.874999999999996524e-03  3.437500000000055095e-02  2.507166004180908203e+01
3.987499999999997990e-02  7.545000000000051665e-01  -1.462749999999998662e+00  3.321249999999990599e-01  -3.877500000000000391e-01  2.825000000000049694e-02  2.510796904563903809e+01
6.237499999999993050e-02  6.173750000000033378e-01  -1.022124999999998618e+00  2.707500000000001572e-01  -4.399999999999998357e-02  4.312499999999976075e-02  2.514134407043457031e+01
-1.750000000000015432e-03  5.309999999999966969e-01  -8.847499999999897113e-01  1.720000000000020124e-01  -1.071249999999999980e-01  3.287499999999991818e-02  2.517370986938476562e+01
3.500000000000030864e-02  4.266249999999999210e-01  -6.285000000000040554e-01  1.518749999999992328e-01  -6.071250000000000258e-01  -1.799999999999978700e-02  2.520922708511352539e+01
9.624999999999651196e-03  2.438750000000045048e-01  -3.200000000000008393e-01  1.387499999999999845e-01  -2.865000000000000879e-01  -2.249999999999995060e-02  2.524056386947631836e+01
-1.400000000000012346e-02  3.399999999999930855e-02  -1.926249999999879448e-01  -1.125000000001125100e-03  5.684999999999998943e-01  -7.624999999999819422e-03  2.527355909347534180e+01
-2.449999999999978237e-02  2.250000000000029754e-01  -1.747500000000012932e-01  1.010000000000003950e-01  -2.849999999999999756e-01  -1.737500000000002931e-02  2.531148099899291992e+01
-1.000000000000002623e-02  2.162500000000011635e-01  -1.591249999999960751e-01  1.183750000000004243e-01  5.150000000000000411e-02  -3.949999999999960487e-02  2.534471392631530762e+01
-7.987500000000008482e-02  -1.112500000000071765e-02  1.288750000000005169e-01  -5.700000000000149392e-02  -1.750000000000000167e-01  -1.325000000000024075e-02  2.537999391555786133e+01
-1.562500000000001388e-02  -1.323749999999970783e-01  3.186250000000029337e-01  -2.112500000000031020e-02  1.635000000000000064e-01  -5.225000000000021294e-02  2.542086100578308105e+01
-4.199999999999993322e-02  -3.355000000000024629e-01  5.640000000000089386e-01  -2.500000000002500222e-04  -6.177500000000000213e-01  -4.600000000000003392e-02  2.545572209358215332e+01
-3.762500000000033179e-02  -3.272500000000011511e-01  8.907500000000095897e-01  -7.712499999999733458e-02  -1.635000000000000064e-01  -3.899999999999997219e-02  2.549201893806457520e+01
-3.750000000000020678e-02  -7.169999999999954188e-01  9.389999999999953939e-01  -2.242499999999987559e-01  -2.178750000000000131e-01  -7.600000000000010913e-02  2.552883291244506836e+01
-4.899999999999999495e-02  -6.521250000000033964e-01  1.065625000000000488e+00  -1.925000000000016975e-01  4.947499999999999676e-01  -1.637499999999989658e-02  2.555724287033081055e+01
-4.425000000000001849e-02  -6.662500000000001199e-01  1.213749999999999440e+00  -2.281250000000026312e-01  2.665000000000000147e-01  -6.449999999999989075e-02  2.559831094741821289e+01
-3.012499999999977002e-02  -4.866249999999974762e-01  1.089375000000003535e+00  -1.347499999999994535e-01  3.359999999999999654e-01  7.100000000000031286e-02  2.563386988639831543e+01
-5.137500000000020522e-02  -5.183749999999944791e-01  9.180000000000021476e-01  -1.500000000000008271e-01  3.107500000000000262e-01  -1.918749999999997680e-01  2.567370700836181641e+01
-5.300000000000009565e-02  -4.426250000000020446e-01  9.036249999999981242e-01  -1.861250000000022609e-01  -1.607499999999999762e-01  1.100000000000000699e-01  2.571386504173278809e+01
-1.424999999999993980e-02  -5.986250000000054028e-01  9.051249999999996243e-01  -2.331250000000006928e-01  -3.803750000000000187e-01  1.531249999999998168e-01  2.575150704383850098e+01
-9.787500000000008693e-02  -6.596250000000039027e-01  9.730000000000016414e-01  -2.647500000000010956e-01  -5.178749999999999742e-01  -2.266250000000000486e-01  2.578844809532165527e+01
-5.000000000000012768e-02  -6.665000000000004254e-01  9.703750000000024301e-01  -3.533749999999994951e-01  3.168749999999999623e-01  -2.594999999999999529e-01  2.582078695297241211e+01
-3.825000000000008948e-02  -6.368750000000019673e-01  9.166249999999972475e-01  -2.828750000000001541e-01  -2.070000000000000451e-01  -2.000000000000005246e-02  2.585926508903503418e+01
-5.237499999999990080e-02  -6.038750000000002727e-01  8.980000000000029070e-01  -2.723750000000000338e-01  1.147499999999999909e-01  -1.230000000000000537e-01  2.589614987373352051e+01
-4.212500000000005823e-02  -5.401249999999989670e-01  7.872500000000032250e-01  -1.863749999999990414e-01  5.443749999999999423e-01  -1.108750000000000707e-01  2.592861294746398926e+01
-1.624999999999890421e-03  2.499999999999030775e-03  -9.762499999999701972e-02  -2.212500000000131029e-02  9.200000000000006783e-02  8.675000000000002154e-02  2.595995688438415527e+01
2.262499999999999928e-02  9.875000000000008771e-03  -6.412500000000000144e-02  7.375000000000003081e-03  3.777499999999999747e-01  2.045000000000000151e-01  2.677985405921936035e+01
0.000000000000000000e+00  -5.250000000000005530e-03  2.449999999999998360e-02  3.687499999999999806e-02  5.852500000000000480e-01  4.075000000000001538e-02  2.685806107521057129e+01
5.403750000000000497e-01  -3.759999999999999343e+00  4.195375000000001187e+00  -2.774624999999999453e+00  -2.792374999999999829e+00  -3.781375000000000153e+00  2.693874096870422363e+01
1.161750000000001393e+00  -3.323374999999996415e+00  3.693500000000002448e+00  3.259374999999998135e+00  7.507249999999999979e+00  -2.877625000000008537e+00  2.702797698974609375e+01
1.075249999999999817e+00  -1.376124999999991827e+00  1.424375000000005498e+00  3.686874999999999236e+00  3.869749999999991363e+00  -5.674999999999985612e-01  2.710883998870849609e+01
-5.628124999999998934e+00  -1.279000000000002357e+00  1.601375000000001991e+00  6.378750000000029674e-01  -7.816374999999993634e+00  -5.701249999999907780e-01  2.720514488220214844e+01
-3.186249999999959948e-01  -3.728749999999947384e-01  4.991249999999891607e-01  -2.446125000000000327e+00  -4.815500000000000114e+00  -3.007500000000024043e-01  2.730290007591247559e+01
1.363875000000000393e+00  3.367499999999967741e-01  -4.258750000000199876e-01  -6.285000000000006137e-01  -3.424999999999955858e-02  6.149999999999211653e-02  2.735819101333618164e+01
2.386249999999992544e-01  5.578749999999993436e-01  -5.991250000000059028e-01  8.233749999999977476e-01  3.249750000000002359e+00  -1.603750000000042641e-01  2.741143703460693359e+01
-1.706125000000002778e+00  5.907500000000009965e-01  -5.430000000000018145e-01  5.175000000000006262e-01  2.854499999999999371e+00  -3.393750000000028688e-01  2.746172308921813965e+01
-2.771875000000000089e+00  7.618750000000090727e-01  -5.587499999999967493e-01  -1.170000000000025187e-01  1.886250000000000648e+00  -5.339999999999928137e-01  2.750190401077270508e+01
-2.535874999999992774e+00  7.799999999999890354e-01  -8.148749999999926885e-01  -4.637499999999988853e-01  1.328249999999999931e+00  -2.500000000000002220e-01  2.754700994491577148e+01
-2.302625000000002586e+00  8.034999999999986597e-01  -8.719999999999977769e-01  -8.456249999999991829e-01  1.088000000000000078e+00  -2.894999999999980922e-01  2.759126687049865723e+01
-1.994749999999989587e+00  1.114375000000000782e+00  -1.170750000000011948e+00  -9.996250000000005409e-01  7.526249999999997664e-01  1.049999999999662315e-02  2.763085508346557617e+01
-1.896624999999998895e+00  1.436499999999993227e+00  -1.497250000000005521e+00  -1.048749999999999405e+00  3.868750000000000799e-01  1.581249999999950751e-01  2.767571997642517090e+01
-2.367375000000004892e+00  1.363249999999996298e+00  -1.385874999999994639e+00  -1.143124999999999059e+00  1.447500000000007669e-01  8.049999999999724043e-02  2.771707391738891602e+01
-2.344374999999995879e+00  1.257125000000011594e+00  -1.397500000000009734e+00  -1.172874999999999890e+00  3.475000000000005862e-02  -1.074999999998993427e-02  2.776376795768737793e+01
-2.106874999999980069e+00  1.292874999999998886e+00  -1.381625000000011205e+00  -1.166250000000000675e+00  -1.481250000000006728e-01  -3.604999999999997096e-01  2.780710792541503906e+01
-1.768124999999981517e+00  1.431249999999995026e+00  -1.441499999999998227e+00  -1.062375000000000735e+00  -2.498750000000000970e-01  1.953749999999976339e-01  2.785105299949645996e+01
-1.020500000000007512e+00  1.369374999999999121e+00  -1.494624999999999426e+00  -9.378750000000012355e-01  -1.790000000000003255e-01  2.825000000000049694e-01  2.789656090736389160e+01
-6.521250000000033964e-01  1.376874999999999627e+00  -1.390124999999998945e+00  -7.677500000000010427e-01  -3.017499999999999072e-01  4.231249999999964206e-01  2.793010187149047852e+01
-3.950000000002562572e-02  1.271000000000001240e+00  -1.357250000000004286e+00  -7.530000000000002247e-01  -2.071249999999998370e-01  4.992500000000066329e-01  2.797638106346130371e+01
4.492500000000121396e-01  1.164250000000002006e+00  -1.197625000000000828e+00  -6.503750000000015907e-01  -2.458749999999999825e-01  5.751249999999957785e-01  2.802140188217163086e+01
9.053749999999860520e-01  1.164375000000002158e+00  -1.088749999999999440e+00  -3.382500000000052132e-01  -1.718750000000001388e-01  6.758750000000063318e-01  2.806358194351196289e+01
1.091625000000012724e+00  1.027499999999998970e+00  -9.806250000000023004e-01  -3.101250000000013718e-01  -3.322500000000001008e-01  6.585000000000063025e-01  2.810739588737487793e+01
1.761124999999974516e+00  8.521250000000004654e-01  -8.391249999999995657e-01  -1.079999999999969873e-01  -7.088749999999999218e-01  7.873750000000068194e-01  2.817372608184814453e+01
1.564499999999996449e+00  7.997499999999998499e-01  -7.722499999999986597e-01  -8.000000000000367928e-02  -6.238749999999999574e-01  7.888749999999944418e-01  2.821248197555541992e+01
1.607999999999998320e+00  7.012500000000000400e-01  -6.483749999999995905e-01  -7.637500000000352340e-02  2.988750000000001128e-01  7.603749999999936948e-01  2.825071191787719727e+01
1.800249999999989248e+00  6.591250000000008491e-01  -6.094999999999998197e-01  -1.925000000000537392e-02  -2.864999999999998659e-01  7.066250000000023901e-01  2.829632091522216797e+01
1.263625000000004217e+00  6.056250000000003020e-01  -5.328749999999998765e-01  -1.066249999999990816e-01  -2.444999999999999118e-01  5.603750000000018439e-01  2.834283900260925293e+01
1.446625000000006933e+00  4.916250000000007558e-01  -4.772499999999999520e-01  -1.150000000000456213e-02  1.536250000000001226e-01  6.354999999999971783e-01  2.838344502449035645e+01
1.400250000000005546e+00  4.217500000000002358e-01  -4.650000000000001354e-01  1.297500000000048614e-01  1.493750000000002021e-01  6.196249999999986491e-01  2.841309785842895508e+01
1.508624999999999439e+00  3.947499999999992681e-01  -3.491250000000000187e-01  1.008750000000002700e-01  -9.012499999999992739e-02  6.471249999999983959e-01  2.845019698143005371e+01
1.545124999999994309e+00  2.507500000000009721e-01  -2.916250000000001896e-01  3.044999999999992157e-01  -3.012500000000020370e-02  6.403749999999985842e-01  2.848287200927734375e+01
1.585500000000003462e+00  1.712500000000012623e-01  -2.303749999999996634e-01  2.790000000000014690e-01  -9.837499999999993472e-02  6.826249999999991491e-01  2.851406502723693848e+01
1.327250000000002039e+00  1.105000000000029570e-01  -1.557499999999996387e-01  2.748750000000008131e-01  -4.825000000000011224e-02  6.709999999999979314e-01  2.854417490959167480e+01
1.345125000000002569e+00  -1.262500000000221778e-02  -1.317499999999999227e-01  3.282499999999952123e-01  -5.912500000000014966e-02  7.087500000000009903e-01  2.858042097091674805e+01
1.322625000000000828e+00  -1.712499999999977929e-02  -9.012499999999992739e-02  4.650000000000001354e-01  1.374999999999987343e-02  7.006249999999963896e-01  2.861070799827575684e+01
1.063999999999995394e+00  -7.724999999999745959e-02  -2.212499999999957556e-02  4.297499999999995768e-01  4.212499999999962802e-02  6.926250000000022666e-01  2.865643501281738281e+01
1.144749999999999934e+00  -1.293749999999975475e-01  2.112499999999944283e-02  3.979999999999990212e-01  -2.499999999998163414e-04  5.686249999999997140e-01  2.869644188880920410e+01
9.904999999999982707e-01  -1.662499999999997313e-01  5.449999999999986106e-02  4.446250000000005476e-01  3.574999999999975420e-02  6.306249999999992140e-01  2.873535299301147461e+01
8.975000000000024070e-01  -1.818749999999997313e-01  8.162499999999922595e-02  4.258749999999991709e-01  -3.412499999999986378e-02  5.821249999999993374e-01  2.877088093757629395e+01
8.372499999999977183e-01  -2.030000000000000415e-01  7.650000000000017897e-02  4.216250000000018594e-01  -4.937499999999993977e-02  5.148750000000014149e-01  2.880783605575561523e+01
-1.170000000000025187e-01  -2.375000000000640488e-03  5.287499999999997063e-02  3.374999999999905853e-02  1.035000000000002862e-01  -3.087499999999965272e-02  2.884204101562500000e+01
