v1     v2   v3   v4  v5   v6   t1
0.000000000000000000e+00  0.000000000000000000e+00  -0.000000000000000000e+00  0.000000000000000000e+00  -2.641323208808898926e-02  0.000000000000000000e+00  0.000000000000000000e+00
0.000000000000000000e+00  0.000000000000000000e+00  -0.000000000000000000e+00  0.000000000000000000e+00  -4.307130724191665649e-02  0.000000000000000000e+00  7.902193069458007812e-02
-4.724660888314247131e-02  -1.016517952084541321e-01  1.032880395650863647e-01  -5.519934371113777161e-02  -2.337643057107925415e-01  1.622664183378219604e-01  1.693830490112304688e-01
-1.334563270211219788e-02  -3.016573190689086914e-01  2.979118525981903076e-01  -1.048380061984062195e-01  -5.916132926940917969e-01  5.026423931121826172e-01  2.330138683319091797e-01
3.339859843254089355e-01  -3.894905149936676025e-01  3.826387226581573486e-01  1.253310292959213257e-01  -5.568590164184570312e-01  7.540714144706726074e-01  2.973999977111816406e-01
3.858345150947570801e-01  -3.855021595954895020e-01  3.800053894519805908e-01  2.925828695297241211e-01  -5.968623757362365723e-01  7.901200056076049805e-01  3.494720458984375000e-01
3.455163836479187012e-01  -3.994997441768646240e-01  3.874835669994354248e-01  3.660941123962402344e-01  -5.847582817077636719e-01  7.764819264411926270e-01  4.095110893249511719e-01
3.378337025642395020e-01  -4.103270769119262695e-01  4.040249884128570557e-01  4.064330160617828369e-01  -5.646247863769531250e-01  8.262643814086914062e-01  4.888150691986083984e-01
3.124463260173797607e-01  -4.245803356170654297e-01  4.082050919532775879e-01  4.855049252510070801e-01  -5.591120719909667969e-01  8.542835116386413574e-01  5.555369853973388672e-01
3.045079708099365234e-01  -4.210138320922851562e-01  4.109278917312622070e-01  5.150101184844970703e-01  -5.424060225486755371e-01  8.701985478401184082e-01  6.180958747863769531e-01
2.690602242946624756e-01  -4.075659215450286865e-01  3.919193148612976074e-01  5.240702033042907715e-01  -5.061657428741455078e-01  8.667950630187988281e-01  6.685419082641601562e-01
2.743013501167297363e-01  -3.900785446166992188e-01  3.794301450252532959e-01  5.278332233428955078e-01  -4.661144614219665527e-01  8.646379113197326660e-01  7.154860496520996094e-01
3.028717339038848877e-01  -3.662762641906738281e-01  3.509364724159240723e-01  5.317400693893432617e-01  -4.108432233333587646e-01  8.538520932197570801e-01  7.699968814849853516e-01
3.370283842086791992e-01  -3.415024876594543457e-01  3.288599252700805664e-01  5.234949588775634766e-01  -3.557397425174713135e-01  8.456788659095764160e-01  8.161509037017822266e-01
3.740740120410919189e-01  -3.011076450347900391e-01  2.889380753040313721e-01  4.943732619285583496e-01  -2.780819535255432129e-01  8.205359578132629395e-01  8.751230239868164062e-01
4.073869585990905762e-01  -2.689324021339416504e-01  2.567500472068786621e-01  4.722503721714019775e-01  -2.097718864679336548e-01  7.884421944618225098e-01  9.165868759155273438e-01
4.946065545082092285e-01  -2.370256036520004272e-01  2.198322415351867676e-01  4.374482035636901855e-01  -1.577123999595642090e-01  7.521060109138488770e-01  9.651849269866943359e-01
5.863897204399108887e-01  -1.967969536781311035e-01  1.831189543008804321e-01  4.033410847187042236e-01  -8.125305175781250000e-02  7.041451334953308105e-01  1.012017011642456055e+00
6.579243540763854980e-01  -1.663218736648559570e-01  1.552005112171173096e-01  3.752261102199554443e-01  -4.194478970021009445e-03  6.778277754783630371e-01  1.057060003280639648e+00
7.220447659492492676e-01  -1.241118311882019043e-01  1.099736392498016357e-01  3.235501050949096680e-01  1.112855151295661926e-01  6.351879239082336426e-01  1.103947877883911133e+00
7.702501416206359863e-01  -8.013771474361419678e-02  6.511748582124710083e-02  2.813177108764648438e-01  2.149970084428787231e-01  5.918769240379333496e-01  1.150172948837280273e+00
7.910866737365722656e-01  -4.302816092967987061e-02  2.828916348516941071e-02  2.390613257884979248e-01  2.627900838851928711e-01  5.648644566535949707e-01  1.184025049209594727e+00
7.965323328971862793e-01  9.523464366793632507e-03  -2.013349905610084534e-02  1.998010128736495972e-01  3.119493722915649414e-01  5.192764997482299805e-01  1.225925922393798828e+00
7.957909107208251953e-01  6.511748582124710083e-02  -7.439807057380676270e-02  1.248516589403152466e-01  3.677958846092224121e-01  4.729454815387725830e-01  1.272119045257568359e+00
7.702501416206359863e-01  1.257864236831665039e-01  -1.341977566480636597e-01  6.193447858095169067e-02  4.103638529777526855e-01  4.327983260154724121e-01  1.315610885620117188e+00
7.452206611633300781e-01  1.600964665412902832e-01  -1.745670139789581299e-01  1.903094910085201263e-02  4.267103374004364014e-01  4.023583829402923584e-01  1.354346036911010742e+00
6.989583373069763184e-01  2.076243013143539429e-01  -2.208037525415420532e-01  -3.938016295433044434e-02  4.425534605979919434e-01  3.606772422790527344e-01  1.396485090255737305e+00
6.519674062728881836e-01  2.342260926961898804e-01  -2.490801364183425903e-01  -8.173241466283798218e-02  4.626390337944030762e-01  3.295662105083465576e-01  1.440834999084472656e+00
5.914774537086486816e-01  2.581306099891662598e-01  -2.710672020912170410e-01  -1.279675513505935669e-01  4.663062095642089844e-01  2.957706749439239502e-01  1.484446048736572266e+00
5.488327741622924805e-01  2.698783576488494873e-01  -2.762443721294403076e-01  -1.366201639175415039e-01  4.677682816982269287e-01  2.771232426166534424e-01  1.521796941757202148e+00
4.924078583717346191e-01  2.856272161006927490e-01  -2.945498824119567871e-01  -1.729084104299545288e-01  4.715073704719543457e-01  2.456286847591400146e-01  1.568804979324340820e+00
4.548253118991851807e-01  3.055817484855651855e-01  -3.138780295848846436e-01  -2.010473608970642090e-01  4.654912948608398438e-01  2.243447005748748779e-01  1.606255054473876953e+00
4.184443950653076172e-01  3.239895403385162354e-01  -3.326693177223205566e-01  -2.235058099031448364e-01  4.543219804763793945e-01  2.033722996711730957e-01  1.646817922592163086e+00
3.878798484802246094e-01  3.325158953666687012e-01  -3.391887247562408447e-01  -2.314873039722442627e-01  4.390780627727508545e-01  1.924187242984771729e-01  1.686042070388793945e+00
3.513071835041046143e-01  3.304578065872192383e-01  -3.389458358287811279e-01  -2.351784408092498779e-01  4.233068227767944336e-01  1.730042845010757446e-01  1.725528955459594727e+00
3.261882364749908447e-01  3.250505328178405762e-01  -3.314421176910400391e-01  -2.420813590288162231e-01  3.934660851955413818e-01  1.586232036352157593e-01  1.762212991714477539e+00
2.915586233139038086e-01  3.103115260601043701e-01  -3.142998814582824707e-01  -2.339320778846740723e-01  3.605094552040100098e-01  1.426362544298171997e-01  1.799741983413696289e+00
2.517134547233581543e-01  2.862919569015502930e-01  -2.887079715728759766e-01  -2.261423319578170776e-01  3.105831742286682129e-01  1.316107660531997681e-01  1.846200942993164062e+00
2.277450263500213623e-01  2.714379131793975830e-01  -2.717830538749694824e-01  -2.167227268218994141e-01  2.845774292945861816e-01  1.120285391807556152e-01  1.881919860839843750e+00
2.013221979141235352e-01  2.464468032121658325e-01  -2.485688030719757080e-01  -2.034921497106552124e-01  2.599857747554779053e-01  9.942113608121871948e-02  1.915360927581787109e+00
1.772131323814392090e-01  2.273743003606796265e-01  -2.322063446044921875e-01  -1.875051856040954590e-01  2.372157573699951172e-01  8.662197738885879517e-02  1.949508905410766602e+00
1.757686287164688110e-01  2.240123301744461060e-01  -2.253801375627517700e-01  -1.765516102313995361e-01  2.278920263051986694e-01  8.285893499851226807e-02  1.989537954330444336e+00
-1.265534199774265289e-03  -1.303883735090494156e-03  2.134789945557713509e-03  3.307646140456199646e-03  -1.342233270406723022e-03  -4.201669245958328247e-02  2.810937881469726562e+00
-1.124919275753200054e-03  -3.796602599322795868e-03  8.309062686748802662e-04  4.304733872413635254e-02  -2.300971187651157379e-03  -3.206978738307952881e-02  2.863455057144165039e+00
0.000000000000000000e+00  -1.265534199774265289e-03  1.981391804292798042e-03  -1.363804843276739120e-02  -1.222391030751168728e-03  3.238137811422348022e-02  2.889874935150146484e+00
-1.302605401724576950e-02  1.548042334616184235e-02  -1.590226776897907257e-02  2.631735987961292267e-02  0.000000000000000000e+00  7.262440398335456848e-03  2.917383909225463867e+00
-3.294223919510841370e-02  3.638091310858726501e-02  -4.571262747049331665e-02  -1.831189729273319244e-02  -1.557949348352849483e-03  -3.607251867651939392e-02  2.943095922470092773e+00
-5.942897498607635498e-02  8.456069231033325195e-02  -9.825146943330764771e-02  8.556736633181571960e-03  -1.557949348352849483e-03  -6.145510822534561157e-02  2.978528022766113281e+00
-9.596328437328338623e-02  1.386718600988388062e-01  -1.589204072952270508e-01  4.012318700551986694e-02  -7.909588748589158058e-04  -9.146361052989959717e-02  3.015297889709472656e+00
-1.196760684251785278e-01  1.758453398942947388e-01  -2.032013237476348877e-01  3.784618526697158813e-02  -5.752427969127893448e-04  -1.183801814913749695e-01  3.046746969223022461e+00
-1.397967785596847534e-01  2.036103904247283936e-01  -2.365270555019378662e-01  3.501790761947631836e-02  -4.314321267884224653e-04  -1.449611932039260864e-01  3.082418918609619141e+00
-1.607228368520736694e-01  2.282435595989227295e-01  -2.698783576488494873e-01  2.629339136183261871e-02  -4.074636672157794237e-04  -1.582157462835311890e-01  3.111499071121215820e+00
-1.726623177528381348e-01  2.468686401844024658e-01  -2.930926084518432617e-01  4.009921848773956299e-02  -4.074636672157794237e-04  -1.701759994029998779e-01  3.139885902404785156e+00
-1.811887025833129883e-01  2.622084617614746094e-01  -3.157316148281097412e-01  3.741475194692611694e-02  -4.074636672157794237e-04  -1.830470561981201172e-01  3.172669887542724609e+00
-1.857778578996658325e-01  2.764105498790740967e-01  -3.255363106727600098e-01  3.748665750026702881e-02  -4.074636672157794237e-04  -1.772466897964477539e-01  3.206456899642944336e+00
-1.879765689373016357e-01  2.818434238433837891e-01  -3.360312879085540771e-01  3.973969072103500366e-02  -4.074636672157794237e-04  -1.936650872230529785e-01  3.234834909439086914e+00
-1.932815760374069214e-01  2.853587865829467773e-01  -3.418092727661132812e-01  3.844539448618888855e-02  -3.355583176016807556e-04  -1.847727894783020020e-01  3.269095897674560547e+00
-1.928341686725616455e-01  2.870973050594329834e-01  -3.399173617362976074e-01  3.763046860694885254e-02  -2.876213984563946724e-04  -1.907409280538558960e-01  3.300579071044921875e+00
-1.868772208690643311e-01  2.869438827037811279e-01  -3.360312879085540771e-01  4.340686276555061340e-02  -2.636529679875820875e-04  -1.869059801101684570e-01  3.328291893005371094e+00
-1.810225248336791992e-01  2.818434238433837891e-01  -3.334490954875946045e-01  4.098604992032051086e-02  -2.157160633942112327e-04  -1.851562857627868652e-01  3.360190868377685547e+00
-1.750144213438034058e-01  2.738411426544189453e-01  -3.248843550682067871e-01  4.110589250922203064e-02  -1.917476038215681911e-04  -1.810576766729354858e-01  3.395124912261962891e+00
-1.689807772636413574e-01  2.707220613956451416e-01  -3.197327256202697754e-01  3.063168004155158997e-02  -1.917476038215681911e-04  -1.651666015386581421e-01  3.422307968139648438e+00
-1.633433848619461060e-01  2.598691284656524658e-01  -3.079850077629089355e-01  3.741475194692611694e-02  -1.677791588008403778e-04  -1.576405018568038940e-01  3.458355903625488281e+00
-1.512121558189392090e-01  2.472777068614959717e-01  -2.897945344448089600e-01  3.185407072305679321e-02  2.396845047769602388e-05  -1.517682373523712158e-01  3.496800899505615234e+00
-1.409089267253875732e-01  2.335741519927978516e-01  -2.710672020912170410e-01  3.082342818379402161e-02  2.396845047769602388e-05  -1.414857655763626099e-01  3.525707006454467773e+00
-1.272948384284973145e-01  2.142971158027648926e-01  -2.473288476467132568e-01  3.269296512007713318e-02  2.396845047769602388e-05  -1.310834586620330811e-01  3.568168878555297852e+00
-1.101781725883483887e-01  1.942914575338363647e-01  -2.184644341468811035e-01  2.567020989954471588e-02  2.396845047769602388e-05  -1.114532947540283203e-01  3.616561889648437500e+00
-1.012555137276649475e-01  1.787215471267700195e-01  -2.035209089517593384e-01  1.438107062131166458e-02  2.396845047769602388e-05  -1.032081469893455505e-01  3.645324945449829102e+00
-9.381570667028427124e-02  1.676768809556961060e-01  -1.838603913784027100e-01  1.704156771302223206e-02  2.396845047769602388e-05  -9.596967697143554688e-02  3.677160024642944336e+00
-8.929046988487243652e-02  1.607867628335952759e-01  -1.807029396295547485e-01  3.470631688833236694e-02  2.396845047769602388e-05  -9.143964201211929321e-02  3.716827869415283203e+00
9.076053393073379993e-04  -2.211489016190171242e-03  3.131877398118376732e-03  4.314321267884224653e-04  -1.677791588008403778e-04  1.390170189552009106e-03  4.523720026016235352e+00
2.147573046386241913e-03  -1.508414512500166893e-03  3.425890579819679260e-03  3.355583176016807556e-04  -1.438106992281973362e-04  7.430219557136297226e-04  4.565708875656127930e+00
9.076053393073379993e-04  -1.393365906551480293e-03  -0.000000000000000000e+00  -7.190534961409866810e-05  -1.438106992281973362e-04  7.981494069099426270e-03  4.594652891159057617e+00
2.050421014428138733e-02  -2.064482495188713074e-02  2.352103963494300842e-02  -7.190534961409866810e-05  -1.198422542074695230e-04  3.238137811422348022e-02  4.625746011734008789e+00
7.540793716907501221e-02  -7.373334467411041260e-02  7.044807076454162598e-02  -2.324939705431461334e-03  -1.198422542074695230e-04  7.494934648275375366e-02  4.663699865341186523e+00
1.377514749765396118e-01  -1.403208971023559570e-01  1.314110308885574341e-01  -1.438107062131166458e-02  -9.587380191078409553e-05  1.397600322961807251e-01  4.703629016876220703e+00
1.988806128501892090e-01  -2.016162127256393433e-01  1.890759170055389404e-01  -9.251821786165237427e-03  -7.190534961409866810e-05  2.011672109365463257e-01  4.741800069808959961e+00
2.428930848836898804e-01  -2.523398399353027344e-01  2.377414554357528687e-01  -8.628642186522483826e-03  1.222391030751168728e-03  2.572294175624847412e-01  4.780440092086791992e+00
2.744419574737548828e-01  -2.845662236213684082e-01  2.710672020912170410e-01  -1.078580319881439209e-02  -9.131980128586292267e-03  2.886520624160766602e-01  4.816066980361938477e+00
3.037665486335754395e-01  -3.142232000827789307e-01  3.045079708099365234e-01  -1.078580319881439209e-02  4.120176658034324646e-02  3.136271834373474121e-01  4.850135087966918945e+00
3.267123401165008545e-01  -3.436372578144073486e-01  3.332062065601348877e-01  -9.946906939148902893e-03  2.590989507734775543e-02  3.358459174633026123e-01  4.877731084823608398e+00
3.447877466678619385e-01  -3.669921159744262695e-01  3.557940721511840820e-01  -1.287105772644281387e-02  -5.153216887265443802e-03  3.559554517269134521e-01  4.909867048263549805e+00
3.595267534255981445e-01  -3.819228708744049072e-01  3.751733601093292236e-01  -1.438107062131166458e-02  -1.615473628044128418e-02  3.724457621574401855e-01  4.944823980331420898e+00
3.695743381977081299e-01  -3.945910036563873291e-01  3.898867964744567871e-01  -1.342233270406723022e-02  -1.325455307960510254e-02  3.738838732242584229e-01  4.978772878646850586e+00
3.744575083255767822e-01  -4.059807956218719482e-01  4.049965143203735352e-01  -2.981675229966640472e-02  -2.806705608963966370e-02  3.822488486766815186e-01  5.014220952987670898e+00
3.789188265800476074e-01  -4.125002324581146240e-01  4.146094620227813721e-01  -2.090048976242542267e-02  1.323058456182479858e-02  3.819133043289184570e-01  5.052036046981811523e+00
3.770269155502319336e-01  -4.173066914081573486e-01  4.193519949913024902e-01  -2.159557491540908813e-02  -2.598180063068866730e-02  3.796602487564086914e-01  5.084503889083862305e+00
3.744575083255767822e-01  -4.154531359672546387e-01  4.199144542217254639e-01  -6.807039957493543625e-03  2.159557491540908813e-02  3.699769973754882812e-01  5.114594936370849609e+00
3.707248270511627197e-01  -4.204130172729492188e-01  4.247720837593078613e-01  -8.077368140220642090e-03  1.545965112745761871e-02  3.742913305759429932e-01  5.144602060317993164e+00
3.660973012447357178e-01  -4.264977872371673584e-01  4.277249872684478760e-01  -1.234375219792127609e-02  -3.238137811422348022e-02  3.662618994712829590e-01  5.173516988754272461e+00
3.590665459632873535e-01  -4.240689873695373535e-01  4.263060390949249268e-01  -1.617870479822158813e-02  -1.176850963383913040e-02  3.597664535045623779e-01  5.204143047332763672e+00
3.508214056491851807e-01  -4.193519949913024902e-01  4.243885874748229980e-01  -2.507099881768226624e-02  3.132676333189010620e-02  3.514973223209381104e-01  5.233721017837524414e+00
3.326693177223205566e-01  -4.066199660301208496e-01  4.103270769119262695e-01  -2.214684896171092987e-02  3.911651298403739929e-02  3.363013267517089844e-01  5.269397020339965820e+00
3.136607408523559570e-01  -3.878798484802246094e-01  3.945782184600830078e-01  -3.238137811422348022e-02  1.148088835179805756e-02  3.133395612239837646e-01  5.306896924972534180e+00
3.001361191272735596e-01  -3.769246637821197510e-01  3.845817744731903076e-01  -1.409344933927059174e-02  -3.858920652419328690e-03  2.987906932830810547e-01  5.338876008987426758e+00
2.805650830268859863e-01  -3.573664128780364990e-01  3.678869605064392090e-01  -2.346511371433734894e-02  2.159557491540908813e-02  2.763562500476837158e-01  5.373419046401977539e+00
2.649056911468505859e-01  -3.419243395328521729e-01  3.529050648212432861e-01  -1.083373930305242538e-02  3.077549114823341370e-02  2.559351027011871338e-01  5.411499977111816406e+00
2.489650845527648926e-01  -3.284125030040740967e-01  3.387924432754516602e-01  -2.159557491540908813e-02  1.162469852715730667e-02  2.471626698970794678e-01  5.444936037063598633e+00
2.336891889572143555e-01  -3.103115260601043701e-01  3.291794955730438232e-01  -2.730006538331508636e-02  1.486043911427259445e-02  2.308641225099563599e-01  5.477957963943481445e+00
2.159077972173690796e-01  -2.897945344448089600e-01  3.121906518936157227e-01  -2.046905644237995148e-02  3.427488496527075768e-03  2.053856551647186279e-01  5.516217947006225586e+00
1.992641091346740723e-01  -2.710672020912170410e-01  2.919932603836059570e-01  -3.238137811422348022e-02  4.491687566041946411e-02  1.893747299909591675e-01  5.550591945648193359e+00
1.812781840562820435e-01  -2.515089511871337891e-01  2.769857943058013916e-01  -3.238137811422348022e-02  2.159557491540908813e-02  1.814411729574203491e-01  5.584038019180297852e+00
1.599047183990478516e-01  -2.266456633806228638e-01  2.504862844944000244e-01  -1.617870479822158813e-02  -4.050668329000473022e-02  1.476456522941589355e-01  5.630918025970458984e+00
1.465718746185302734e-01  -2.067933976650238037e-01  2.311581224203109741e-01  -2.936135232448577881e-02  -2.684466540813446045e-02  1.381301879882812500e-01  5.666065931320190430e+00
1.301582753658294678e-01  -1.839370876550674438e-01  2.118555307388305664e-01  -1.850364357233047485e-02  -3.307646140456199646e-02  1.201298758387565613e-01  5.701416969299316406e+00
1.189474314451217651e-01  -1.696071475744247437e-01  1.951862722635269165e-01  -2.380067110061645508e-02  4.721784964203834534e-03  1.072108820080757141e-01  5.735372066497802734e+00
1.106767132878303528e-01  -1.611063331365585327e-01  1.833746284246444702e-01  3.499393817037343979e-03  -3.516171872615814209e-02  1.089126393198966980e-01  5.773721933364868164e+00
-1.342233270406723022e-03  0.000000000000000000e+00  -1.291100517846643925e-03  3.810983616858720779e-03  -2.533465251326560974e-02  4.213653504848480225e-02  6.593098878860473633e+00
0.000000000000000000e+00  6.263754912652075291e-04  -7.286408799700438976e-04  -3.000850044190883636e-02  3.470631688833236694e-02  -3.746268898248672485e-02  6.668596982955932617e+00
4.139191657304763794e-02  5.995308514684438705e-03  -4.245292022824287415e-02  -8.760468661785125732e-02  2.604651451110839844e-01  -1.667964458465576172e-01  6.757531881332397461e+00
1.426602154970169067e-01  -7.721036672592163086e-03  -1.023037359118461609e-01  -9.199091047048568726e-02  4.399169385433197021e-01  -4.598347246646881104e-01  6.834317922592163086e+00
2.316822409629821777e-01  -2.651230245828628540e-02  -9.891619533300399780e-02  1.308917105197906494e-01  1.297891587018966675e-01  -5.773760080337524414e-01  6.890542984008789062e+00
1.407555192708969116e-01  -4.647962003946304321e-02  -1.016517952084541321e-01  2.134390473365783691e-01  -1.616671979427337646e-01  -6.160610914230346680e-01  6.941297054290771484e+00
-6.601230800151824951e-02  -5.538948997855186462e-02  -1.061642542481422424e-01  2.596022784709930420e-01  -3.623550534248352051e-01  -6.597795486450195312e-01  7.018620014190673828e+00
-3.715685009956359863e-01  -3.939774259924888611e-02  -1.296597272157669067e-01  3.669090569019317627e-01  -4.180577099323272705e-01  -7.041451334953308105e-01  7.099143028259277344e+00
-5.898156166076660156e-01  -1.876569911837577820e-02  -1.822369247674942017e-01  3.835910856723785400e-01  -4.282682836055755615e-01  -6.990877985954284668e-01  7.156111955642700195e+00
-6.631143689155578613e-01  4.728495702147483826e-02  -2.995736598968505859e-01  3.691620826721191406e-01  -3.364691138267517090e-01  -6.949892044067382812e-01  7.222568035125732422e+00
-6.003617644309997559e-01  1.521069854497909546e-01  -3.938240110874176025e-01  4.001293182373046875e-01  -9.450760483741760254e-02  -7.243025898933410645e-01  7.286006927490234375e+00
-5.350397229194641113e-01  2.187712341547012329e-01  -4.254751503467559814e-01  4.485455751419067383e-01  9.199091047048568726e-02  -7.246142029762268066e-01  7.343364953994750977e+00
-5.238416790962219238e-01  2.831473052501678467e-01  -4.798419773578643799e-01  4.502713084220886230e-01  1.624341905117034912e-01  -7.126299738883972168e-01  7.391653060913085938e+00
-5.536392331123352051e-01  3.603321015834808350e-01  -5.547641515731811523e-01  4.383589923381805420e-01  2.083577364683151245e-01  -7.144036293029785156e-01  7.444519996643066406e+00
-6.261837482452392578e-01  4.465034604072570801e-01  -6.404753327369689941e-01  4.393656849861145020e-01  1.166065111756324768e-01  -7.237513661384582520e-01  7.491293907165527344e+00
-7.018729448318481445e-01  5.300287008285522461e-01  -7.140680551528930664e-01  4.391020238399505615e-01  9.973272681236267090e-02  -7.264598011970520020e-01  7.544475078582763672e+00
-7.686522006988525391e-01  6.036598086357116699e-01  -7.820873260498046875e-01  4.189685285091400146e-01  1.451529413461685181e-01  -7.170401811599731445e-01  7.603641033172607422e+00
-7.775493264198303223e-01  6.327926516532897949e-01  -7.992807030677795410e-01  4.002971053123474121e-01  8.482434600591659546e-02  -7.020598649978637695e-01  7.661771059036254883e+00
-7.702245712280273438e-01  6.372795701026916504e-01  -7.854748964309692383e-01  3.829439282417297363e-01  5.632585845887660980e-03  -6.787865161895751953e-01  7.714372873306274414e+00
-8.594766855239868164e-01  6.273342370986938477e-01  -7.520468831062316895e-01  3.377633988857269287e-01  -7.430219650268554688e-02  -6.334382295608520508e-01  7.794990062713623047e+00
-9.180875420570373535e-01  6.226428151130676270e-01  -7.366175651550292969e-01  2.901860475540161133e-01  -9.769540280103683472e-02  -6.013923883438110352e-01  7.842686891555786133e+00
-9.231752157211303711e-01  6.415107846260070801e-01  -7.219680547714233398e-01  1.631772071123123169e-01  -1.104226559400558472e-01  -5.349518656730651855e-01  7.931737899780273438e+00
-9.332355856895446777e-01  6.192297339439392090e-01  -6.783007383346557617e-01  1.092242300510406494e-01  -1.106863021850585938e-01  -4.870868623256683350e-01  7.999727964401245117e+00
-9.949655532836914062e-01  4.253728687763214111e-01  -4.762754738330841064e-01  1.996811628341674805e-01  -2.132472991943359375e-01  -4.137434065341949463e-01  8.068136930465698242e+00
-9.457119703292846680e-01  3.702390491962432861e-01  -4.053416550159454346e-01  1.726687252521514893e-01  -2.310079336166381836e-01  -3.757534027099609375e-01  8.133347988128662109e+00
-8.736404180526733398e-01  4.005223810672760010e-01  -4.214100837707519531e-01  1.070910394191741943e-01  -1.995852887630462646e-01  -3.492682576179504395e-01  8.175504922866821289e+00
-7.580932974815368652e-01  4.409300088882446289e-01  -4.648473262786865234e-01  -1.941444468684494495e-03  -1.230540275573730469e-01  -3.224954903125762939e-01  8.226530075073242188e+00
-6.704646944999694824e-01  4.710471630096435547e-01  -4.855177104473114014e-01  -5.639776587486267090e-02  -7.121026515960693359e-02  -3.067002892494201660e-01  8.262482881546020508e+00
-6.013588309288024902e-01  4.846101105213165283e-01  -4.910528361797332764e-01  -1.085770800709724426e-01  -3.118295408785343170e-02  -2.939490675926208496e-01  8.301264047622680664e+00
-5.305272936820983887e-01  4.877803325653076172e-01  -4.924078583717346191e-01  -1.490837633609771729e-01  1.270327833481132984e-03  -2.831153273582458496e-01  8.340942859649658203e+00
-4.669948816299438477e-01  4.794329106807708740e-01  -4.827821254730224609e-01  -1.779657453298568726e-01  1.689775846898555756e-02  -2.524597048759460449e-01  8.384788990020751953e+00
-4.214100837707519531e-01  4.769274294376373291e-01  -4.738466739654541016e-01  -1.976678073406219482e-01  4.707403853535652161e-02  -2.474263161420822144e-01  8.418210029602050781e+00
-3.473827540874481201e-01  4.710471630096435547e-01  -4.658444225788116455e-01  -2.117852270603179932e-01  7.756190747022628784e-02  -2.184005230665206909e-01  8.469543933868408203e+00
-2.986149191856384277e-01  4.627892374992370605e-01  -4.582384228706359863e-01  -2.130555659532546997e-01  9.213472157716751099e-02  -2.008316516876220703e-01  8.514740943908691406e+00
-2.645605504512786865e-01  4.527927935123443604e-01  -4.432054162025451660e-01  -2.200303822755813599e-01  1.055570542812347412e-01  -1.973562240600585938e-01  8.548660039901733398e+00
-2.239100635051727295e-01  4.326337277889251709e-01  -4.266895353794097900e-01  -2.416019886732101440e-01  1.054611802101135254e-01  -1.732439547777175903e-01  8.590317010879516602e+00
-1.895361095666885376e-01  4.106466770172119141e-01  -4.069139659404754639e-01  -2.466593235731124878e-01  1.116929799318313599e-01  -1.636326164007186890e-01  8.630486011505126953e+00
-1.640592515468597412e-01  3.889536261558532715e-01  -3.833418190479278564e-01  -2.501347661018371582e-01  1.100631281733512878e-01  -1.495151966810226440e-01  8.664985895156860352e+00
-1.387230008840560913e-01  3.575325906276702881e-01  -3.532374203205108643e-01  -2.472585439682006836e-01  1.066835746169090271e-01  -1.373152583837509155e-01  8.704216003417968750e+00
-1.093856170773506165e-01  3.192341923713684082e-01  -3.142232000827789307e-01  -2.261423319578170776e-01  1.020097285509109497e-01  -1.222630664706230164e-01  8.749749898910522461e+00
-9.047929942607879639e-02  2.880176901817321777e-01  -2.822268903255462646e-01  -2.192154526710510254e-01  1.077861264348030090e-01  -1.090324819087982178e-01  8.794216871261596680e+00
-7.315810024738311768e-02  2.564176917076110840e-01  -2.531707584857940674e-01  -2.071832865476608276e-01  9.551427513360977173e-02  -9.421998262405395508e-02  8.830726861953735352e+00
-6.097573786973953247e-02  2.297775447368621826e-01  -2.274893522262573242e-01  -1.849645376205444336e-01  8.391354978084564209e-02  -8.305068314075469971e-02  8.868555068969726562e+00
-5.726861581206321716e-02  2.167003601789474487e-01  -2.174673527479171753e-01  -1.833107173442840576e-01  7.923969626426696777e-02  -7.557252794504165649e-02  8.916476011276245117e+00
2.173139509977772832e-04  -4.231230355799198151e-03  2.684466540813446045e-03  -4.026699811220169067e-03  2.602973766624927521e-02  1.078580273315310478e-03  9.723456859588623047e+00
2.173139509977772832e-04  -3.374757710844278336e-03  1.853560213930904865e-03  1.617870479822158813e-02  -1.687378995120525360e-02  6.950850947760045528e-04  9.807714939117431641e+00
-4.846101254224777222e-02  -1.331878900527954102e-01  1.430564969778060913e-01  5.865079909563064575e-02  -1.577843129634857178e-01  9.129583090543746948e-02  9.887028932571411133e+00
-1.261571347713470459e-01  -4.568194746971130371e-01  4.855177104473114014e-01  1.582876443862915039e-01  -5.054227113723754883e-01  3.322027325630187988e-01  9.950021982192993164e+00
5.538948997855186462e-02  -7.049409151077270508e-01  7.837747335433959961e-01  2.396365702152252197e-01  -5.410158634185791016e-01  5.102882981300354004e-01  1.004485702514648438e+01
1.461628079414367676e-01  -7.686266303062438965e-01  8.551559448242187500e-01  2.794002294540405273e-01  -4.762291610240936279e-01  5.377082228660583496e-01  1.009760594367980957e+01
2.512660622596740723e-01  -7.990378141403198242e-01  8.966501355171203613e-01  2.761405110359191895e-01  -3.393453359603881836e-01  5.299424529075622559e-01  1.017594289779663086e+01
1.995709091424942017e-01  -5.760737061500549316e-01  7.089164257049560547e-01  -4.304733872413635254e-02  -3.752261102199554443e-01  5.655356049537658691e-01  1.027368688583374023e+01
4.720826074481010437e-02  -5.662946105003356934e-01  7.211244106292724609e-01  -3.914048150181770325e-02  -5.215294957160949707e-01  5.527364611625671387e-01  1.037131094932556152e+01
1.730330437421798706e-01  -8.433315157890319824e-01  9.858894944190979004e-01  2.405953109264373779e-01  -4.246490299701690674e-01  5.085865855216979980e-01  1.044374704360961914e+01
1.899835318326950073e-01  -8.304588794708251953e-01  9.653596878051757812e-01  2.270291596651077271e-01  -5.100725889205932617e-01  4.821972846984863281e-01  1.052453494071960449e+01
6.885017454624176025e-02  -7.406187057495117188e-01  8.757240772247314453e-01  1.283750236034393311e-01  -5.128769278526306152e-01  4.740240573883056641e-01  1.058335804939270020e+01
-1.432993728667497635e-02  -7.298297286033630371e-01  8.708664774894714355e-01  1.202497184276580811e-01  -4.394136071205139160e-01  4.464842975139617920e-01  1.064609503746032715e+01
-1.977556943893432617e-02  -7.363747358322143555e-01  8.700611591339111328e-01  1.336241066455841064e-01  -3.409751951694488525e-01  4.345719814300537109e-01  1.069538187980651855e+01
-2.147573046386241913e-03  -7.378703355789184570e-01  8.705468773841857910e-01  1.197224110364913940e-01  -2.621908783912658691e-01  4.161642193794250488e-01  1.073952698707580566e+01
2.578366175293922424e-02  -7.297274470329284668e-01  8.568816781044006348e-01  1.084093004465103149e-01  -1.990819573402404785e-01  4.048750698566436768e-01  1.079499888420104980e+01
6.396699696779251099e-02  -7.131604552268981934e-01  8.461054563522338867e-01  9.259012341499328613e-02  -1.594621092081069946e-01  3.915725946426391602e-01  1.084607291221618652e+01
1.117121502757072449e-01  -6.867504119873046875e-01  8.120894432067871094e-01  7.770571857690811157e-02  -1.293337643146514893e-01  3.783180415630340576e-01  1.089772605895996094e+01
1.592399924993515015e-01  -6.487588286399841309e-01  7.848101258277893066e-01  4.448544606566429138e-02  -1.088167652487754822e-01  3.573935627937316895e-01  1.093909096717834473e+01
1.909422576427459717e-01  -6.179641485214233398e-01  7.436355352401733398e-01  2.490322105586528778e-02  -7.379885762929916382e-02  3.349351286888122559e-01  1.098573899269104004e+01
2.269780337810516357e-01  -5.683782696723937988e-01  6.884250044822692871e-01  -8.412926457822322845e-03  -4.424576088786125183e-02  3.086896836757659912e-01  1.103569602966308594e+01
2.594345211982727051e-01  -5.209143161773681641e-01  6.366915106773376465e-01  -3.724697232246398926e-02  -1.404551230370998383e-02  2.882925271987915039e-01  1.108380699157714844e+01
2.853587865829467773e-01  -4.809796810150146484e-01  5.953890681266784668e-01  -4.618720337748527527e-02  4.393417015671730042e-02  2.671523392200469971e-01  1.112520599365234375e+01
3.081128299236297607e-01  -4.380537867546081543e-01  5.524376034736633301e-01  -8.024637401103973389e-02  5.107676982879638672e-02  2.523877918720245361e-01  1.116949200630187988e+01
3.427424430847167969e-01  -3.789188265800476074e-01  4.910528361797332764e-01  -1.160072982311248779e-01  1.080497726798057556e-01  2.302649021148681641e-01  1.122491908073425293e+01
3.739078342914581299e-01  -3.061953485012054443e-01  4.126152694225311279e-01  -1.496350318193435669e-01  1.644715070724487305e-01  2.027970552444458008e-01  1.128705000877380371e+01
4.088570177555084229e-01  -2.414741516113281250e-01  3.394955098628997803e-01  -1.740349233150482178e-01  2.266456633806228638e-01  1.789724230766296387e-01  1.134194207191467285e+01
4.864125251770019531e-01  -1.742729991674423218e-01  2.649056911468505859e-01  -2.261423319578170776e-01  2.989584803581237793e-01  1.557709574699401855e-01  1.139073204994201660e+01
5.647861957550048828e-01  -8.622250705957412720e-02  1.736210584640502930e-01  -2.832112014293670654e-01  3.895592391490936279e-01  1.309636086225509644e-01  1.144928097724914551e+01
6.026371717453002930e-01  -2.363608777523040771e-02  1.045919284224510193e-01  -3.214888274669647217e-01  4.272136688232421875e-01  1.210886165499687195e-01  1.149039387702941895e+01
6.345183849334716797e-01  4.690146446228027344e-02  2.770113758742809296e-02  -3.543495833873748779e-01  4.819576144218444824e-01  1.068992912769317627e-01  1.154058599472045898e+01
6.449622511863708496e-01  8.659321814775466919e-02  -1.723171770572662354e-02  -3.685868382453918457e-01  5.042243003845214844e-01  9.050486981868743896e-02  1.158176708221435547e+01
6.395677328109741211e-01  1.275632828474044800e-01  -6.396699696779251099e-02  -3.753699064254760742e-01  5.247173309326171875e-01  7.274425029754638672e-02  1.163001608848571777e+01
6.342115998268127441e-01  1.572202444076538086e-01  -9.900567680597305298e-02  -3.741475045680999756e-01  5.543183684349060059e-01  6.814230233430862427e-02  1.167397689819335938e+01
6.130937933921813965e-01  1.846018135547637939e-01  -1.325998604297637939e-01  -3.810264766216278076e-01  5.488535761833190918e-01  5.886651575565338135e-02  1.172115802764892578e+01
5.835390686988830566e-01  2.066783457994461060e-01  -1.549192816019058228e-01  -3.942810297012329102e-01  5.515859723091125488e-01  5.131645128130912781e-02  1.175706005096435547e+01
5.598390698432922363e-01  2.186178267002105713e-01  -1.721637845039367676e-01  -3.974448442459106445e-01  5.446590781211853027e-01  4.803277552127838135e-02  1.179090690612792969e+01
5.224355459213256836e-01  2.269013226032257080e-01  -1.851898282766342163e-01  -3.926032185554504395e-01  5.184615850448608398e-01  4.086620733141899109e-02  1.182710886001586914e+01
4.862079918384552002e-01  2.380226850509643555e-01  -1.886668652296066284e-01  -3.706481158733367920e-01  4.794888496398925781e-01  3.482615947723388672e-02  1.186051988601684570e+01
4.470659196376800537e-01  2.337914556264877319e-01  -1.915686428546905518e-01  -3.647518754005432129e-01  4.620398283004760742e-01  2.933738380670547485e-02  1.189194488525390625e+01
4.127942323684692383e-01  2.286398410797119141e-01  -1.880660504102706909e-01  -3.510179519653320312e-01  4.219645857810974121e-01  3.276487067341804504e-02  1.192764687538146973e+01
3.656243383884429932e-01  2.146678268909454346e-01  -1.824670135974884033e-01  -3.119493722915649414e-01  3.764245212078094482e-01  3.242931514978408813e-02  1.196869087219238281e+01
3.220976293087005615e-01  2.019230127334594727e-01  -1.751039177179336548e-01  -2.831153273582458496e-01  3.288950920104980469e-01  1.454884931445121765e-02  1.200525307655334473e+01
2.891681790351867676e-01  1.915686428546905518e-01  -1.653120070695877075e-01  -2.627900838851928711e-01  3.022421598434448242e-01  1.176850963383913040e-02  1.204089593887329102e+01
2.504862844944000244e-01  1.770597398281097412e-01  -1.572202444076538086e-01  -2.416019886732101440e-01  2.675598263740539551e-01  2.420813543722033501e-03  1.207693600654602051e+01
2.254951745271682739e-01  1.652480810880661011e-01  -1.483742892742156982e-01  -2.216842025518417358e-01  2.393968850374221802e-01  2.780340379104018211e-03  1.210980200767517090e+01
2.146678268909454346e-01  1.579488962888717651e-01  -1.407555192708969116e-01  -2.134390473365783691e-01  2.197427600622177124e-01  1.294296327978372574e-02  1.214242601394653320e+01
-9.970875689759850502e-04  -1.232297904789447784e-02  -0.000000000000000000e+00  2.876213984563946724e-04  -2.157160633942112327e-04  -5.033374764025211334e-04  1.295419597625732422e+01
-9.587380336597561836e-04  -1.463673356920480728e-02  6.902913446538150311e-04  1.198422512970864773e-03  -1.078580273315310478e-03  -3.595267480704933405e-04  1.301288890838623047e+01
-1.789644244126975536e-03  2.003123238682746887e-02  1.751294825226068497e-03  8.149273344315588474e-04  -7.669904152862727642e-04  -3.115898580290377140e-04  1.304193186759948730e+01
-1.183721888810396194e-02  3.772314637899398804e-02  -3.315955027937889099e-02  5.105279851704835892e-03  -4.146541934460401535e-03  -8.077368140220642090e-03  1.307304406166076660e+01
-2.470987476408481598e-02  1.107917651534080505e-01  -1.177841573953628540e-01  5.632585845887660980e-03  -1.222391030751168728e-03  -5.107676982879638672e-02  1.311288595199584961e+01
-4.704207926988601685e-02  1.949433982372283936e-01  -2.010921090841293335e-01  8.317052386701107025e-03  -6.950850947760045528e-04  -4.515656083822250366e-02  1.315202498435974121e+01
-6.299547851085662842e-02  2.661584615707397461e-01  -2.735982537269592285e-01  1.617870479822158813e-02  -4.793690168298780918e-04  -6.313289701938629150e-02  1.319227600097656250e+01
-7.543350756168365479e-02  3.219953477382659912e-01  -3.345740139484405518e-01  8.628642186522483826e-03  -3.595267480704933405e-04  -7.154582440853118896e-02  1.322800087928771973e+01
-8.118593692779541016e-02  3.541194796562194824e-01  -3.713895380496978760e-01  3.878095373511314392e-02  -3.115898580290377140e-04  -8.015049993991851807e-02  1.325291204452514648e+01
-8.669548481702804565e-02  3.900785446166992188e-01  -4.144943952560424805e-01  2.559830620884895325e-02  -2.636529679875820875e-04  -9.088836610317230225e-02  1.328693509101867676e+01
-9.050486981868743896e-02  4.263060390949249268e-01  -4.506835639476776123e-01  2.159557491540908813e-02  -2.396845084149390459e-04  -9.431585669517517090e-02  1.332348108291625977e+01
-9.279305487871170044e-02  4.439724087715148926e-01  -4.774003922939300537e-01  2.332130260765552521e-02  -2.157160633942112327e-04  -9.112805128097534180e-02  1.335579705238342285e+01
-9.412250667810440063e-02  4.517829120159149170e-01  -4.841115772724151611e-01  8.868326433002948761e-03  -1.917476038215681911e-04  -9.886986017227172852e-02  1.338562107086181641e+01
-9.352169930934906006e-02  4.605394005775451660e-01  -4.906309843063354492e-01  1.704156771302223206e-02  -1.677791588008403778e-04  -9.419601410627365112e-02  1.341203403472900391e+01
-9.177040308713912964e-02  4.607822597026824951e-01  -4.965240359306335449e-01  1.514806132763624191e-02  -1.438106992281973362e-04  -9.009740501642227173e-02  1.344452786445617676e+01
-9.295924007892608643e-02  4.524220824241638184e-01  -4.861952066421508789e-01  8.628642186522483826e-03  -1.438106992281973362e-04  -9.541840106248855591e-02  1.347954607009887695e+01
-9.099062532186508179e-02  4.421060681343078613e-01  -4.735143184661865234e-01  3.669569641351699829e-02  -1.198422542074695230e-04  -9.007343649864196777e-02  1.351999902725219727e+01
-8.522541821002960205e-02  4.329660832881927490e-01  -4.551960229873657227e-01  1.176850963383913040e-02  2.396845047769602388e-05  -8.619055151939392090e-02  1.355759406089782715e+01
-8.342298865318298340e-02  4.139447212219238281e-01  -4.390764534473419189e-01  1.438107062131166458e-02  2.396845047769602388e-05  -7.950334995985031128e-02  1.358870196342468262e+01
-7.963917404413223267e-02  3.893754780292510986e-01  -4.199144542217254639e-01  1.756887510418891907e-02  2.396845047769602388e-05  -7.686682045459747314e-02  1.362180995941162109e+01
-6.691991537809371948e-02  3.332062065601348877e-01  -3.551804721355438232e-01  2.590989507734775543e-02  -1.294296351261436939e-03  -6.378004699945449829e-02  1.370398306846618652e+01
-5.890486389398574829e-02  3.111296594142913818e-01  -3.283486068248748779e-01  2.955310046672821045e-02  -1.294296351261436939e-03  -5.901032686233520508e-02  1.373572707176208496e+01
-5.331861600279808044e-02  2.796702682971954346e-01  -2.938979566097259521e-01  1.438107062131166458e-02  -8.868326549418270588e-04  -5.630189180374145508e-02  1.377328991889953613e+01
-4.949644953012466431e-02  2.524293363094329834e-01  -2.659794986248016357e-01  1.294296327978372574e-02  0.000000000000000000e+00  -5.035771429538726807e-02  1.380472087860107422e+01
-4.434482753276824951e-02  2.286654114723205566e-01  -2.406176775693893433e-01  8.269115351140499115e-03  0.000000000000000000e+00  -4.196875914931297302e-02  1.383584904670715332e+01
-4.324547573924064636e-02  2.203307747840881348e-01  -2.281540781259536743e-01  1.438107062131166458e-02  -8.868326549418270588e-04  -4.012318700551986694e-02  1.386976599693298340e+01
7.797735743224620819e-04  -8.181231096386909485e-04  4.461327567696571350e-03  -1.140898279845714569e-02  -4.381432756781578064e-02  2.157160633942112327e-04  1.469377088546752930e+01
5.496764788404107094e-04  -1.073786523193120956e-03  2.799514913931488991e-03  -3.966778516769409180e-02  1.368598546832799911e-02  2.157160633942112327e-04  1.473576903343200684e+01
5.496764788404107094e-04  -1.073786523193120956e-03  -0.000000000000000000e+00  1.850364357233047485e-02  3.839745745062828064e-02  2.157160633942112327e-04  1.476000595092773438e+01
5.496764788404107094e-04  -3.218803182244300842e-02  2.992540970444679260e-02  -3.355583176016807556e-03  1.526790298521518707e-02  4.554005572572350502e-04  1.479038286209106445e+01
4.090615548193454742e-04  -1.022014692425727844e-01  8.706619590520858765e-02  -2.159557491540908813e-02  -2.339320816099643707e-02  4.554005572572350502e-04  1.481897902488708496e+01
1.712945289909839630e-03  -2.019230127334594727e-01  1.756919324398040771e-01  3.238137811422348022e-02  1.215200498700141907e-02  4.793690051883459091e-03  1.485978889465332031e+01
7.030745618976652622e-04  -2.849752902984619141e-01  2.486710697412490845e-01  2.919357270002365112e-02  -5.440838169306516647e-03  1.869539148174226284e-03  1.489800190925598145e+01
3.975566942244768143e-03  -3.772058784961700439e-01  3.278883993625640869e-01  3.554521128535270691e-02  4.319114983081817627e-02  9.635317139327526093e-03  1.494009590148925781e+01
0.000000000000000000e+00  -4.574075043201446533e-01  3.928652703762054443e-01  3.777427971363067627e-02  -1.294296327978372574e-02  1.869539148174226284e-03  1.497593688964843750e+01
1.470064977183938026e-03  -5.107133388519287109e-01  4.427707791328430176e-01  4.048271477222442627e-02  3.525759279727935791e-02  4.194478970021009445e-03  1.500949406623840332e+01
1.738511607982218266e-03  -5.662946105003356934e-01  4.866937696933746338e-01  4.990231618285179138e-02  3.130279853940010071e-02  1.984587684273719788e-02  1.504323792457580566e+01
2.096440410241484642e-03  -5.909533500671386719e-01  5.128864645957946777e-01  5.340170860290527344e-02  -2.159557491540908813e-02  2.181128971278667450e-02  1.507385706901550293e+01
9.587380336597561836e-04  -6.215690374374389648e-01  5.341960191726684570e-01  5.313805490732192993e-02  -1.445297617465257645e-02  4.199272394180297852e-02  1.510318398475646973e+01
3.131877398118376732e-03  -6.435944437980651855e-01  5.543550848960876465e-01  5.771603062748908997e-02  4.515656083822250366e-02  7.693872787058353424e-03  1.513670492172241211e+01
0.000000000000000000e+00  -6.553165912628173828e-01  5.691452622413635254e-01  5.872270464897155762e-02  5.936985090374946594e-02  1.047421339899301529e-02  1.516724395751953125e+01
1.214401447214186192e-03  -6.659010648727416992e-01  5.776715874671936035e-01  5.745237693190574646e-02  1.850364357233047485e-02  1.989381387829780579e-02  1.519909906387329102e+01
1.150485593825578690e-03  -6.676906943321228027e-01  5.751533508300781250e-01  6.188654154539108276e-02  9.155948646366596222e-03  0.000000000000000000e+00  1.522981786727905273e+01
3.004045691341161728e-03  -6.659010648727416992e-01  5.847535133361816406e-01  5.984922125935554504e-02  -3.091930178925395012e-03  7.621967233717441559e-03  1.526283502578735352e+01
3.425890579819679260e-03  -6.746319532394409180e-01  5.851880908012390137e-01  6.974819302558898926e-02  -1.567536592483520508e-02  9.946906939148902893e-03  1.529117798805236816e+01
9.203884983435273170e-04  -6.752711534500122070e-01  5.892787575721740723e-01  6.512228399515151978e-02  -1.155279297381639481e-02  2.159557491540908813e-02  1.532514500617980957e+01
9.203884983435273170e-04  -6.674733757972717285e-01  5.866581797599792480e-01  6.771087646484375000e-02  -1.533980853855609894e-02  4.625910893082618713e-03  1.535739898681640625e+01
0.000000000000000000e+00  -6.455886363983154297e-01  5.731847286224365234e-01  6.948453933000564575e-02  -3.211772302165627480e-03  1.167263556271791458e-02  1.539647507667541504e+01
1.495631295256316662e-03  -6.186544895172119141e-01  5.519774556159973145e-01  6.416354328393936157e-02  -3.132676333189010620e-02  4.026699811220169067e-03  1.543836903572082520e+01
7.286408799700438976e-04  -6.018190383911132812e-01  5.364714264869689941e-01  5.917810648679733276e-02  5.273059010505676270e-03  7.526093628257513046e-03  1.547397494316101074e+01
1.150485593825578690e-03  -5.742456912994384766e-01  5.092688202857971191e-01  5.589442700147628784e-02  -2.159557491540908813e-02  1.557949348352849483e-03  1.550859093666076660e+01
5.752427969127893448e-04  -5.459693670272827148e-01  4.873201549053192139e-01  6.505037844181060791e-02  -1.260740496218204498e-02  8.628642535768449306e-04  1.554345107078552246e+01
3.962783666793256998e-04  -5.191246867179870605e-01  4.687078297138214111e-01  5.606220662593841553e-02  2.159557491540908813e-02  6.711166352033615112e-04  1.557553887367248535e+01
1.712945289909839630e-03  -4.943508803844451904e-01  4.439724087715148926e-01  5.764412507414817810e-02  -4.170510452240705490e-03  6.711166352033615112e-04  1.560940289497375488e+01
0.000000000000000000e+00  -4.627892374992370605e-01  4.205919802188873291e-01  4.947088286280632019e-02  3.017628006637096405e-02  6.711166352033615112e-04  1.564314389228820801e+01
1.073786523193120956e-03  -4.340910017490386963e-01  3.921877741813659668e-01  4.767324775457382202e-02  2.159557491540908813e-02  5.033374764025211334e-04  1.568150997161865234e+01
6.008091731928288937e-04  -3.996659219264984131e-01  3.687306344509124756e-01  5.205947533249855042e-02  -3.475425299257040024e-03  -2.013349905610084534e-03  1.570994901657104492e+01
3.579288604669272900e-04  -3.739078342914581299e-01  3.450434207916259766e-01  4.839230328798294067e-02  1.823999173939228058e-02  -1.164866704493761063e-02  1.574875903129577637e+01
2.556634717620909214e-04  -3.219953477382659912e-01  3.015422821044921875e-01  4.467719048261642456e-02  2.590989507734775543e-02  -1.236772071570158005e-02  1.579038190841674805e+01
2.173139509977772832e-04  -2.983976304531097412e-01  2.740840315818786621e-01  4.041080921888351440e-02  -3.739078296348452568e-03  -2.300971187651157379e-03  1.582444000244140625e+01
2.173139509977772832e-04  -2.660433948040008545e-01  2.463828921318054199e-01  3.312439844012260437e-02  2.590989507734775543e-02  1.445297617465257645e-02  1.586174106597900391e+01
2.173139509977772832e-04  -2.377414554357528687e-01  2.216857969760894775e-01  2.773149684071540833e-02  4.074636474251747131e-02  4.338289611041545868e-03  1.589883804321289062e+01
3.323625132907181978e-04  -2.291383892297744751e-01  2.152302861213684082e-01  3.451456874608993530e-02  -3.238137811422348022e-02  -3.238137811422348022e-02  1.592929196357727051e+01
-1.022653887048363686e-04  1.654142700135707855e-02  -0.000000000000000000e+00  -1.248756330460309982e-02  3.595267608761787415e-02  4.721784964203834534e-03  1.674592208862304688e+01
0.000000000000000000e+00  1.946877315640449524e-02  -1.073786523193120956e-03  3.683950752019882202e-02  -3.238137811422348022e-02  -5.704491399228572845e-03  1.683787703514099121e+01
1.294296383857727051e-01  3.051343560218811035e-02  -5.536392331123352051e-02  6.253369152545928955e-02  1.893267929553985596e-01  -6.179066747426986694e-02  1.691299295425415039e+01
4.052521586418151855e-01  1.145628020167350769e-01  -1.914791613817214966e-01  2.608486413955688477e-01  4.918326139450073242e-01  -2.070634514093399048e-01  1.698011302947998047e+01
4.619583189487457275e-01  1.162501797080039978e-01  -2.246642708778381348e-01  3.922916352748870850e-01  2.832112014293670654e-01  -2.655464708805084229e-01  1.703328704833984375e+01
3.923283815383911133e-01  1.031346470117568970e-01  -2.696482539176940918e-01  5.027862191200256348e-01  -6.207828596234321594e-02  -2.881966531276702881e-01  1.708430409431457520e+01
2.764105498790740967e-01  1.016006618738174438e-01  -3.071029484272003174e-01  5.715277194976806641e-01  -2.394687980413436890e-01  -3.039199411869049072e-01  1.713550496101379395e+01
1.577060073614120483e-01  1.173111796379089355e-01  -3.612141311168670654e-01  5.921165943145751953e-01  -3.586638867855072021e-01  -3.195713460445404053e-01  1.718629097938537598e+01
4.871667549014091492e-02  1.301582753658294678e-01  -4.219725430011749268e-01  5.869634151458740234e-01  -4.504630565643310547e-01  -3.322027325630187988e-01  1.723635792732238770e+01
-1.687378995120525360e-02  1.350286602973937988e-01  -4.908355176448822021e-01  5.678365826606750488e-01  -5.004372596740722656e-01  -3.372600674629211426e-01  1.728925108909606934e+01
-6.672816723585128784e-02  1.464696079492568970e-01  -5.731847286224365234e-01  5.688672065734863281e-01  -5.339211821556091309e-01  -3.366129100322723389e-01  1.734682297706604004e+01
-9.160421788692474365e-02  1.630238145589828491e-01  -6.224510669708251953e-01  5.725583434104919434e-01  -5.100486278533935547e-01  -3.452894985675811768e-01  1.740786695480346680e+01
-1.137446761131286621e-01  1.803194433450698853e-01  -6.505740284919738770e-01  5.657752752304077148e-01  -4.819815754890441895e-01  -3.376196026802062988e-01  1.746192407608032227e+01
-1.653120070695877075e-01  2.142971158027648926e-01  -6.718580126762390137e-01  5.271860957145690918e-01  -4.462925493717193604e-01  -3.348152935504913330e-01  1.752012896537780762e+01
-2.558935582637786865e-01  3.515628278255462646e-01  -6.702729463577270508e-01  5.073641538619995117e-01  -3.968456387519836426e-01  -3.089533448219299316e-01  1.761791706085205078e+01
-3.198350071907043457e-01  4.383350312709808350e-01  -6.200094819068908691e-01  4.675286114215850830e-01  -3.323705196380615234e-01  -2.881966531276702881e-01  1.769335007667541504e+01
-3.141209185123443604e-01  4.839453697204589844e-01  -5.921804904937744141e-01  3.884087502956390381e-01  -3.236699700355529785e-01  -2.799754738807678223e-01  1.776885986328125000e+01
-2.740328907966613770e-01  5.237266421318054199e-01  -6.008091568946838379e-01  3.456250727176666260e-01  -3.825364708900451660e-01  -2.980237305164337158e-01  1.781405997276306152e+01
-4.169999063014984131e-01  5.748976469039916992e-01  -6.204952597618103027e-01  3.143222630023956299e-01  -4.275732040405273438e-01  -3.165752887725830078e-01  1.785921597480773926e+01
-5.348735451698303223e-01  6.192552447319030762e-01  -6.375863552093505859e-01  2.871180772781372070e-01  -4.519970417022705078e-01  -3.262345790863037109e-01  1.790618896484375000e+01
-6.343649625778198242e-01  6.828387975692749023e-01  -6.726633906364440918e-01  2.333088964223861694e-01  -4.466520845890045166e-01  -3.269776105880737305e-01  1.795616602897644043e+01
-6.821868419647216797e-01  7.327570915222167969e-01  -7.100797295570373535e-01  2.165789157152175903e-01  -4.186329543590545654e-01  -3.465119004249572754e-01  1.799146890640258789e+01
-7.298297286033630371e-01  8.088425397872924805e-01  -7.510498166084289551e-01  1.748019158840179443e-01  -3.534627556800842285e-01  -3.543495833873748779e-01  1.802651095390319824e+01
-7.672333121299743652e-01  8.739727735519409180e-01  -7.982836365699768066e-01  1.330728381872177124e-01  -2.760686278343200684e-01  -3.590234220027923584e-01  1.807070899009704590e+01
-7.955352663993835449e-01  9.309985041618347168e-01  -8.360450863838195801e-01  6.866960972547531128e-02  -1.768152564764022827e-01  -3.620434403419494629e-01  1.812020087242126465e+01
-7.820873260498046875e-01  9.416213631629943848e-01  -8.529955744743347168e-01  -6.037652865052223206e-02  4.894357547163963318e-02  -3.511857390403747559e-01  1.822655892372131348e+01
-7.547185420989990234e-01  8.371444940567016602e-01  -7.768334746360778809e-01  -1.056289598345756531e-01  9.378854930400848389e-02  -3.171505331993103027e-01  1.831268095970153809e+01
-7.635517120361328125e-01  7.299575805664062500e-01  -6.740567684173583984e-01  -7.442203909158706665e-02  5.186772719025611877e-02  -3.108707964420318604e-01  1.835909986495971680e+01
-7.332811951637268066e-01  6.958648562431335449e-01  -6.369727253913879395e-01  -9.184710681438446045e-02  9.719207137823104858e-02  -3.025058209896087646e-01  1.840347194671630859e+01
-6.776999235153198242e-01  7.009142041206359863e-01  -6.511109471321105957e-01  -1.556271463632583618e-01  1.754969954490661621e-01  -2.944284379482269287e-01  1.844782900810241699e+01
-5.978178977966308594e-01  7.154870033264160156e-01  -6.674989461898803711e-01  -2.355858981609344482e-01  2.788249850273132324e-01  -2.830674052238464355e-01  1.850460290908813477e+01
-5.481808185577392578e-01  7.098112702369689941e-01  -6.694675683975219727e-01  -2.729287445545196533e-01  3.213210403919219971e-01  -2.735759019851684570e-01  1.854582595825195312e+01
-4.929703176021575928e-01  6.878881454467773438e-01  -6.517245173454284668e-01  -2.897066771984100342e-01  3.575133979320526123e-01  -2.613040506839752197e-01  1.858554196357727051e+01
-4.490473270416259766e-01  6.601230502128601074e-01  -6.306578516960144043e-01  -3.052142560482025146e-01  3.874739706516265869e-01  -2.529150843620300293e-01  1.862347698211669922e+01
-3.939646184444427490e-01  6.302743554115295410e-01  -6.013588309288024902e-01  -3.224954903125762939e-01  4.301378130912780762e-01  -2.339320778846740723e-01  1.866729807853698730e+01
-3.472676873207092285e-01  5.938423275947570801e-01  -5.756518840789794922e-01  -3.281760215759277344e-01  4.354348480701446533e-01  -2.265737652778625488e-01  1.871132588386535645e+01
-3.052749633789062500e-01  5.662946105003356934e-01  -5.494463443756103516e-01  -3.290868401527404785e-01  4.441833198070526123e-01  -2.135828584432601929e-01  1.875198602676391602e+01
-2.676668763160705566e-01  5.379287004470825195e-01  -5.227679014205932617e-01  -3.395370841026306152e-01  4.609852135181427002e-01  -1.945279538631439209e-01  1.879743409156799316e+01
-2.308129817247390747e-01  5.063031315803527832e-01  -5.003845691680908203e-01  -3.473987281322479248e-01  4.496960639953613281e-01  -1.901417225599288940e-01  1.884265708923339844e+01
-2.026260793209075928e-01  4.816316366195678711e-01  -4.771830737590789795e-01  -3.442828357219696045e-01  4.491208195686340332e-01  -1.773425638675689697e-01  1.888150906562805176e+01
-1.708726733922958374e-01  4.492774307727813721e-01  -4.421060681343078613e-01  -3.314357399940490723e-01  4.252482652664184570e-01  -1.613795757293701172e-01  1.892826104164123535e+01
-1.358212232589721680e-01  3.953452110290527344e-01  -3.886340558528900146e-01  -3.132197260856628418e-01  3.857961893081665039e-01  -1.453207135200500488e-01  1.897915291786193848e+01
-1.100375577807426453e-01  3.562031388282775879e-01  -3.582740128040313721e-01  -2.918638288974761963e-01  3.598623275756835938e-01  -1.313950419425964355e-01  1.901874804496765137e+01
-8.848512917757034302e-02  3.157316148281097412e-01  -3.159105777740478516e-01  -2.642761468887329102e-01  3.184448480606079102e-01  -1.151684075593948364e-01  1.907278394699096680e+01
-7.012849301099777222e-02  2.750683128833770752e-01  -2.750683128833770752e-01  -2.416019886732101440e-01  2.869742512702941895e-01  -9.855826944112777710e-02  1.911962985992431641e+01
-6.700939685106277466e-02  2.629754543304443359e-01  -2.649056911468505859e-01  -2.317749261856079102e-01  2.677755355834960938e-01  -9.232646971940994263e-02  1.915637302398681641e+01
-7.115114480257034302e-02  2.672066688537597656e-01  -2.649056911468505859e-01  -2.246323227882385254e-01  2.664812505245208740e-01  -9.750365465879440308e-02  1.921196007728576660e+01
0.000000000000000000e+00  -4.640291910618543625e-03  1.342233270406723022e-03  8.077368140220642090e-03  -2.324939705431461334e-02  5.392901599407196045e-03  2.000826287269592285e+01
-5.113269435241818428e-05  -6.391586503013968468e-04  1.137702492997050285e-03  1.294296351261436939e-03  1.227184664458036423e-02  7.669904152862727642e-04  2.007652592658996582e+01
-2.388536036014556885e-01  -7.747881114482879639e-02  2.609684765338897705e-01  6.588926911354064941e-02  -3.130759000778198242e-01  1.339836418628692627e-01  2.017078590393066406e+01
-3.178663849830627441e-01  -3.911651074886322021e-01  6.920043230056762695e-01  2.062005847692489624e-01  -5.355510711669921875e-01  3.520486056804656982e-01  2.026704907417297363e+01
-1.949306130409240723e-01  -6.553165912628173828e-01  8.353548049926757812e-01  1.029205247759819031e-01  -2.635810673236846924e-01  4.018070995807647705e-01  2.034170889854431152e+01
-3.021303117275238037e-01  -7.590008974075317383e-01  9.052532315254211426e-01  -1.145931631326675415e-01  -1.295255124568939209e-01  4.041080772876739502e-01  2.040929508209228516e+01
-2.472777068614959717e-01  -8.048413991928100586e-01  9.680824875831604004e-01  -5.699697509407997131e-02  -1.731720566749572754e-01  4.100282788276672363e-01  2.045724797248840332e+01
-1.868516504764556885e-01  -8.358533382415771484e-01  1.022372603416442871e+00  4.479703307151794434e-02  -3.291108012199401855e-01  4.169791340827941895e-01  2.050166702270507812e+01
-1.461628079414367676e-01  -8.794056177139282227e-01  1.056094646453857422e+00  7.461378723382949829e-02  -4.902507066726684570e-01  4.169791340827941895e-01  2.056071805953979492e+01
-7.797735929489135742e-02  -9.008302092552185059e-01  1.070475697517395020e+00  8.024637401103973389e-02  -5.569069385528564453e-01  4.022625088691711426e-01  2.061694002151489258e+01
-5.310130119323730469e-02  -9.130381941795349121e-01  1.080855727195739746e+00  7.648332417011260986e-02  -5.547258257865905762e-01  3.995301127433776855e-01  2.066788792610168457e+01
-9.421198628842830658e-03  -9.051509499549865723e-01  1.072111964225769043e+00  7.557252794504165649e-02  -5.088022947311401367e-01  3.780304193496704102e-01  2.072110295295715332e+01
2.368722110986709595e-02  -8.976855874061584473e-01  1.068059682846069336e+00  8.048605918884277344e-02  -4.337091147899627686e-01  3.632658421993255615e-01  2.077675008773803711e+01
3.461683541536331177e-02  -9.154030680656433105e-01  1.083731889724731445e+00  7.528490573167800903e-02  -3.860118985176086426e-01  3.559554517269134521e-01  2.083212208747863770e+01
4.642848670482635498e-02  -9.057900905609130859e-01  1.077378630638122559e+00  6.466688215732574463e-02  -3.277446031570434570e-01  3.357979953289031982e-01  2.089583992958068848e+01
5.223204568028450012e-02  -8.899773359298706055e-01  1.059392690658569336e+00  6.366020441055297852e-02  -2.813177108764648438e-01  3.200267553329467773e-01  2.094038987159729004e+01
7.083156704902648926e-02  -8.573930263519287109e-01  1.027946114540100098e+00  4.187288507819175720e-02  -2.593146562576293945e-01  3.064366579055786133e-01  2.098504805564880371e+01
9.754839539527893066e-02  -8.314303755760192871e-01  9.950805902481079102e-01  2.310558594763278961e-02  -2.365686148405075073e-01  2.839063107967376709e-01  2.102461504936218262e+01
1.264000236988067627e-01  -7.956374883651733398e-01  9.550053477287292480e-01  1.531584002077579498e-02  -2.091487050056457520e-01  2.629818320274353027e-01  2.107242298126220703e+01
1.589204072952270508e-01  -7.500526905059814453e-01  9.013288021087646484e-01  -7.621967233717441559e-03  -1.777979731559753418e-01  2.439269274473190308e-01  2.112793087959289551e+01
1.810225248336791992e-01  -6.999170780181884766e-01  8.527399301528930664e-01  -3.734284639358520508e-02  -1.363565176725387573e-01  2.269332855939865112e-01  2.117807507514953613e+01
1.957743018865585327e-01  -6.522870063781738281e-01  7.977595329284667969e-01  -5.682919546961784363e-02  -9.426791965961456299e-02  2.047864496707916260e-01  2.122080993652343750e+01
2.197044044733047485e-01  -6.046696901321411133e-01  7.397494912147521973e-01  -7.322362065315246582e-02  -5.282646417617797852e-02  1.796914786100387573e-01  2.127291607856750488e+01
2.663885653018951416e-01  -5.220009088516235352e-01  6.546646356582641602e-01  -1.172776296734809875e-01  3.600061312317848206e-02  1.603009998798370361e-01  2.133546996116638184e+01
3.093655705451965332e-01  -4.697944223880767822e-01  5.984570384025573730e-01  -1.437388062477111816e-01  6.411560624837875366e-02  1.465910375118255615e-01  2.137808299064636230e+01
3.772186636924743652e-01  -4.062748253345489502e-01  5.275487899780273438e-01  -1.763358861207962036e-01  1.412700414657592773e-01  1.255946755409240723e-01  2.141171002388000488e+01
4.500571787357330322e-01  -3.276582956314086914e-01  4.416842162609100342e-01  -2.407630831003189087e-01  2.358495593070983887e-01  1.125558465719223022e-01  2.145927596092224121e+01
5.151491165161132812e-01  -2.377414554357528687e-01  3.481625020503997803e-01  -2.750619351863861084e-01  3.151371777057647705e-01  9.805493056774139404e-02  2.151833200454711914e+01
5.508525371551513672e-01  -1.793734878301620483e-01  2.853587865829467773e-01  -2.972567379474639893e-01  3.514494001865386963e-01  8.086955547332763672e-02  2.156219005584716797e+01
5.998120903968811035e-01  -1.012938693165779114e-01  1.952885389328002930e-01  -3.345755934715270996e-01  3.978283405303955078e-01  6.490656733512878418e-02  2.161368298530578613e+01
6.361546516418457031e-01  -3.675162419676780701e-02  1.326765567064285278e-01  -3.706481158733367920e-01  4.450461864471435547e-01  5.457616224884986877e-02  2.166574406623840332e+01
6.413190364837646484e-01  1.559547148644924164e-02  7.250615954399108887e-02  -3.683950901031494141e-01  4.840668439865112305e-01  4.383829608559608459e-02  2.170677590370178223e+01
6.337769627571105957e-01  4.709321260452270508e-02  3.144660592079162598e-02  -3.732367157936096191e-01  5.008447766304016113e-01  3.554521128535270691e-02  2.174875187873840332e+01
6.229496002197265625e-01  7.597040385007858276e-02  3.425890579819679260e-03  -3.839026689529418945e-01  5.103362798690795898e-01  2.825880423188209534e-02  2.178858995437622070e+01
6.024837493896484375e-01  1.025082692503929138e-01  -3.175340220332145691e-02  -3.993862867355346680e-01  5.252446532249450684e-01  1.617870479822158813e-02  2.183078694343566895e+01
5.639424920082092285e-01  1.238178163766860962e-01  -5.202751606702804565e-02  -3.890798687934875488e-01  5.046796798706054688e-01  3.583283349871635437e-02  2.186842894554138184e+01
5.257591605186462402e-01  1.368822157382965088e-01  -7.127897441387176514e-02  -3.861077725887298584e-01  4.863438308238983154e-01  1.078580319881439209e-02  2.190938997268676758e+01
4.827821254730224609e-01  1.427624821662902832e-01  -8.560891449451446533e-02  -3.752261102199554443e-01  4.625191986560821533e-01  3.715109778568148613e-03  2.194965887069702148e+01
4.254751503467559814e-01  1.466741263866424561e-01  -9.511959552764892578e-02  -3.484053909778594971e-01  4.114903509616851807e-01  1.052214950323104858e-02  2.199510908126831055e+01
3.800053894519805908e-01  1.458432227373123169e-01  -9.569483995437622070e-02  -3.239815533161163330e-01  3.779585063457489014e-01  3.091930178925395012e-03  2.203227496147155762e+01
3.278883993625640869e-01  1.426090896129608154e-01  -9.441652148962020874e-02  -2.949317991733551025e-01  3.352467119693756104e-01  -7.118629757314920425e-03  2.207111597061157227e+01
2.745697796344757080e-01  1.326765567064285278e-01  -9.614224731922149658e-02  -2.537300288677215576e-01  2.873817384243011475e-01  -2.785133942961692810e-02  2.212382388114929199e+01
2.329094260931015015e-01  1.255435496568679810e-01  -9.059435129165649414e-02  -2.302649021148681641e-01  2.445980459451675415e-01  4.158526286482810974e-02  2.217030501365661621e+01
2.248304486274719238e-01  1.239584311842918396e-01  -9.015972167253494263e-02  -2.265737652778625488e-01  2.295937836170196533e-01  9.108011610805988312e-03  2.220776295661926270e+01
-1.099352957680821419e-03  -1.751294825226068497e-03  2.122006844729185104e-03  -2.794721350073814392e-02  -7.574030663818120956e-03  -2.159557491540908813e-02  2.302117800712585449e+01
0.000000000000000000e+00  -3.004045691341161728e-03  -0.000000000000000000e+00  -3.499393817037343979e-03  -3.379551460966467857e-03  -3.379551693797111511e-02  2.307767295837402344e+01
-1.827993779443204403e-03  -1.061003422364592552e-03  -0.000000000000000000e+00  3.310042992234230042e-02  3.381948545575141907e-02  1.617870479822158813e-02  2.310511088371276855e+01
1.532702520489692688e-02  4.416586458683013916e-02  -4.251683503389358521e-02  3.787015331909060478e-03  3.427488496527075768e-03  3.238137811422348022e-02  2.313917303085327148e+01
3.514094278216362000e-02  1.082351282238960266e-01  -1.148823797702789307e-01  3.238137811422348022e-02  1.414138637483119965e-02  3.746268898248672485e-02  2.317806005477905273e+01
6.711166352033615112e-02  1.896255910396575928e-01  -1.956720352172851562e-01  -1.699363067746162415e-02  5.776396486908197403e-03  6.320480257272720337e-02  2.321599292755126953e+01
9.578432142734527588e-02  2.701084613800048828e-01  -2.845662236213684082e-01  8.772453293204307556e-03  1.850364357233047485e-02  8.980978280305862427e-02  2.326597905158996582e+01
1.079538986086845398e-01  3.136607408523559570e-01  -3.343822658061981201e-01  1.617870479822158813e-02  -4.338289611041545868e-03  1.053892746567726135e-01  2.329521298408508301e+01
1.182187870144844055e-01  3.514222204685211182e-01  -3.787270784378051758e-01  1.742506399750709534e-02  4.386226646602153778e-03  1.183801814913749695e-01  2.332700204849243164e+01
1.268730014562606812e-01  3.821146190166473389e-01  -4.125002324581146240e-01  1.538774557411670685e-02  4.474909603595733643e-02  1.319702863693237305e-01  2.335738492012023926e+01
1.309508234262466431e-01  4.007524847984313965e-01  -4.385395646095275879e-01  1.617870479822158813e-02  1.438107062131166458e-02  1.322339475154876709e-01  2.339137005805969238e+01
1.337119936943054199e-01  4.154659211635589600e-01  -4.525754749774932861e-01  1.617870479822158813e-02  1.438107062131166458e-02  1.351580917835235596e-01  2.341917300224304199e+01
1.343255937099456787e-01  4.307801723480224609e-01  -4.611402153968811035e-01  1.176850963383913040e-02  -2.924151020124554634e-03  1.400236934423446655e-01  2.345441198348999023e+01
1.345045566558837891e-01  4.309847056865692139e-01  -4.654609262943267822e-01  4.824849218130111694e-02  4.319114983081817627e-02  1.362127065658569336e-01  2.349133300781250000e+01
1.304522901773452759e-01  4.275971651077270508e-01  -4.590437710285186768e-01  1.294296327978372574e-02  -1.850364357233047485e-02  1.325215697288513184e-01  2.353450703620910645e+01
1.304139345884323120e-01  4.204130172729492188e-01  -4.516423046588897705e-01  1.157676149159669876e-02  -9.970875456929206848e-03  1.352539658546447754e-01  2.356792593002319336e+01
1.261571347713470459e-01  4.029128551483154297e-01  -4.366348683834075928e-01  3.463441133499145508e-02  -3.118295408785343170e-02  1.336720436811447144e-01  2.360480904579162598e+01
1.206859424710273743e-01  3.919193148612976074e-01  -4.226756393909454346e-01  3.834952041506767273e-02  -9.539443068206310272e-03  1.214481368660926819e-01  2.363706898689270020e+01
1.154704093933105469e-01  3.749560415744781494e-01  -4.040633440017700195e-01  3.051183745265007019e-02  3.894873335957527161e-02  1.132748946547508240e-01  2.367364192008972168e+01
1.065733209252357483e-01  3.535186648368835449e-01  -3.750199675559997559e-01  1.397360675036907196e-02  4.649879410862922668e-03  1.087927967309951782e-01  2.370638799667358398e+01
9.791910648345947266e-02  3.306240141391754150e-01  -3.538510203361511230e-01  2.104429900646209717e-02  2.159557491540908813e-02  1.054132431745529175e-01  2.374450492858886719e+01
8.852347731590270996e-02  2.979118525981903076e-01  -3.168693184852600098e-01  1.176850963383913040e-02  -4.534830898046493530e-02  9.306949377059936523e-02  2.378839302062988281e+01
8.199127763509750366e-02  2.773565053939819336e-01  -2.961222231388092041e-01  1.438107062131166458e-02  -3.238137811422348022e-02  8.257131278514862061e-02  2.382102298736572266e+01
7.273625582456588745e-02  2.491696178913116455e-01  -2.629754543304443359e-01  2.749181352555751801e-02  9.827065281569957733e-03  7.559649646282196045e-02  2.386088705062866211e+01
6.790421903133392334e-02  2.281285077333450317e-01  -2.394927591085433960e-01  7.190535310655832291e-03  -2.159557491540908813e-02  6.742325425148010254e-02  2.389523506164550781e+01
6.263755261898040771e-02  2.176207453012466431e-01  -2.289338558912277222e-01  3.736681491136550903e-02  -4.232828319072723389e-02  6.401973217725753784e-02  2.393220686912536621e+01
-6.263754912652075291e-04  -2.032524673268198967e-03  1.393365906551480293e-03  1.850364357233047485e-02  -3.813380375504493713e-02  0.000000000000000000e+00  2.474051499366760254e+01
-7.797735743224620819e-04  -1.022653887048363686e-03  1.533980830572545528e-03  -1.850364357233047485e-02  3.029612265527248383e-02  -1.126517192460596561e-03  2.478631401062011719e+01
-1.163268811069428921e-03  -8.436894277110695839e-04  1.061003422364592552e-03  1.617870479822158813e-02  -1.325455307960510254e-02  -1.126517192460596561e-03  2.481747007369995117e+01
-3.080744855105876923e-02  -4.355227202177047729e-02  4.039482772350311279e-02  -3.703125566244125366e-02  3.473028540611267090e-02  -3.468234837055206299e-02  2.484894394874572754e+01
-9.131021052598953247e-02  -1.334051936864852905e-01  1.165186241269111633e-01  2.159557491540908813e-02  3.067961661145091057e-03  -8.489625155925750732e-02  2.488361001014709473e+01
-1.516595631837844849e-01  -2.217624932527542114e-01  2.041217088699340820e-01  8.077368140220642090e-03  -1.919872872531414032e-02  -1.499466300010681152e-01  2.492506289482116699e+01
-2.033163756132125854e-01  -3.061953485012054443e-01  2.766534388065338135e-01  3.060771152377128601e-02  -3.214169293642044067e-02  -2.002564072608947754e-01  2.496780490875244141e+01
-2.414741516113281250e-01  -3.648062050342559814e-01  3.274665474891662598e-01  4.381432756781578064e-02  -1.577123999595642090e-02  -2.404514998197555542e-01  2.499934697151184082e+01
-2.750683128833770752e-01  -4.178563654422760010e-01  3.742785453796386719e-01  3.875698521733283997e-02  3.015231154859066010e-02  -2.653547227382659912e-01  2.503370308876037598e+01
-3.051215708255767822e-01  -4.689379334449768066e-01  4.244908392429351807e-01  2.967294119298458099e-02  -1.617870479822158813e-02  -2.997973859310150146e-01  2.507166004180908203e+01
-3.282718956470489502e-01  -5.100997686386108398e-01  4.623418152332305908e-01  3.034405782818794250e-02  -4.201669245958328247e-02  -3.189961016178131104e-01  2.510796904563903809e+01
-3.433304727077484131e-01  -5.376730561256408691e-01  4.894677102565765381e-01  3.930826112627983093e-02  -2.590989507734775543e-02  -3.326821029186248779e-01  2.514134407043457031e+01
-3.514350056648254395e-01  -5.576403737068176270e-01  5.047180652618408203e-01  4.158526286482810974e-02  -9.275790303945541382e-03  -3.431563079357147217e-01  2.517370986938476562e+01
-3.587853312492370605e-01  -5.736576914787292480e-01  5.206586718559265137e-01  4.254399985074996948e-02  2.387257665395736694e-02  -3.536545038223266602e-01  2.520922708511352539e+01
-3.664680123329162598e-01  -5.832834243774414062e-01  5.309235453605651855e-01  3.815777227282524109e-02  1.140898279845714569e-02  -3.564348220825195312e-01  2.524056386947631836e+01
-3.630421161651611328e-01  -5.870928168296813965e-01  5.341960191726684570e-01  3.911651298403739929e-02  -4.434163495898246765e-02  -3.559554517269134521e-01  2.527355909347534180e+01
-3.635151088237762451e-01  -5.948522090911865234e-01  5.391175746917724609e-01  3.914048150181770325e-02  1.157676149159669876e-02  -3.506584465503692627e-01  2.531148099899291992e+01
-3.594117164611816406e-01  -5.986360311508178711e-01  5.479123592376708984e-01  4.299940168857574463e-02  -4.024302959442138672e-02  -3.547090888023376465e-01  2.534471392631530762e+01
-3.527388870716094971e-01  -6.020874977111816406e-01  5.498682260513305664e-01  4.352670535445213318e-02  2.159557491540908813e-02  -3.478780984878540039e-01  2.537999391555786133e+01
-3.438929319381713867e-01  -5.966418385505676270e-01  5.402296781539916992e-01  3.729490935802459717e-02  3.293265029788017273e-02  -3.368046581745147705e-01  2.542086100578308105e+01
-3.309180140495300293e-01  -5.779272913932800293e-01  5.346179008483886719e-01  3.856523707509040833e-02  2.677275985479354858e-02  -3.259229958057403564e-01  2.545572209358215332e+01
-3.202312886714935303e-01  -5.652591586112976074e-01  5.180509090423583984e-01  3.911651298403739929e-02  3.221359848976135254e-02  -3.112782835960388184e-01  2.549201893806457520e+01
-3.002256155014038086e-01  -5.423900485038757324e-01  4.979813098907470703e-01  3.947603702545166016e-02  9.755159728229045868e-03  -2.955310046672821045e-01  2.552883291244506836e+01
-2.825720608234405518e-01  -5.193164348602294922e-01  4.798419773578643799e-01  3.171025961637496948e-02  -1.888713985681533813e-02  -2.878371179103851318e-01  2.555724287033081055e+01
-2.645094394683837891e-01  -4.811075329780578613e-01  4.469253122806549072e-01  3.501790761947631836e-02  1.850364357233047485e-02  -2.635810673236846924e-01  2.559831094741821289e+01
-2.479680031538009644e-01  -4.525754749774932861e-01  4.259864687919616699e-01  3.501790761947631836e-02  1.438107062131166458e-02  -2.435913681983947754e-01  2.563386988639831543e+01
-2.262366116046905518e-01  -4.283002316951751709e-01  3.984003961086273193e-01  2.763562463223934174e-02  6.181463599205017090e-02  -2.288507670164108276e-01  2.567370700836181641e+01
-2.128142714500427246e-01  -3.995253145694732666e-01  3.763366341590881348e-01  3.012834303081035614e-02  -1.617870479822158813e-02  -2.097718864679336548e-01  2.571386504173278809e+01
-1.985993832349777222e-01  -3.697533011436462402e-01  3.503356575965881348e-01  3.015231154859066010e-02  -2.353701926767826080e-02  -2.021978497505187988e-01  2.575150704383850098e+01
-1.754618436098098755e-01  -3.385367691516876221e-01  3.278116881847381592e-01  2.590989507734775543e-02  1.752093806862831116e-02  -1.736034899950027466e-01  2.578844809532165527e+01
-1.596618443727493286e-01  -3.104393780231475830e-01  2.983337044715881348e-01  2.006159350275993347e-02  2.159557491540908813e-02  -1.625780016183853149e-01  2.582078695297241211e+01
-1.456898301839828491e-01  -2.799131572246551514e-01  2.711950242519378662e-01  3.422694653272628784e-02  3.691141493618488312e-03  -1.462794542312622070e-01  2.585926508903503418e+01
-1.344534158706665039e-01  -2.580411434173583984e-01  2.522248029708862305e-01  3.748665750026702881e-02  4.669054225087165833e-02  -1.356853991746902466e-01  2.589614987373352051e+01
-1.247509866952896118e-01  -2.334335297346115112e-01  2.267351448535919189e-01  3.298058733344078064e-02  1.294296327978372574e-02  -1.181644648313522339e-01  2.592861294746398926e+01
-1.153937056660652161e-01  -2.193209081888198853e-01  2.157927453517913818e-01  1.927063427865505219e-02  -2.641323208808898926e-02  -1.115012317895889282e-01  2.595995688438415527e+01
0.000000000000000000e+00  1.521197613328695297e-03  -1.150485593825578690e-03  1.917476038215681911e-04  8.892294950783252716e-03  3.211772302165627480e-03  2.677985405921936035e+01
6.391586503013968468e-04  7.286408799700438976e-04  -1.418932224623858929e-03  1.677791588008403778e-04  -4.625910893082618713e-03  7.909588748589158058e-04  2.685806107521057129e+01
-1.331878900527954102e-01  5.282007157802581787e-02  -1.169149056077003479e-01  1.136104539036750793e-01  -1.039511710405349731e-01  -6.159891840070486069e-03  2.693874096870422363e+01
-2.210466414690017700e-01  1.689807772636413574e-01  -3.774743378162384033e-01  4.414509236812591553e-01  -3.084260225296020508e-01  -6.617689132690429688e-02  2.702797698974609375e+01
2.392754405736923218e-01  1.851003468036651611e-01  -4.272008836269378662e-01  5.965986847877502441e-01  -1.472142189741134644e-01  -1.021775081753730774e-01  2.710883998870849609e+01
3.368749618530273438e-01  1.538071483373641968e-01  -4.943508803844451904e-01  6.977934837341308594e-01  -4.776912182569503784e-02  -3.940413147211074829e-02  2.720514488220214844e+01
-4.777199625968933105e-01  2.421260923147201538e-01  -7.032151818275451660e-01  6.719794869422912598e-01  -3.603177070617675781e-01  -3.360376879572868347e-02  2.730290007591247559e+01
-7.770763635635375977e-01  3.393549025058746338e-01  -7.796968817710876465e-01  5.899115204811096191e-01  -4.019509255886077881e-01  -4.244812577962875366e-02  2.735819101333618164e+01
-7.299575805664062500e-01  3.836741745471954346e-01  -7.517912387847900391e-01  5.976054072380065918e-01  -3.984754979610443115e-01  -5.335377156734466553e-02  2.741143703460693359e+01
-7.128664255142211914e-01  4.261782169342041016e-01  -7.725894451141357422e-01  6.128733158111572266e-01  -4.369208812713623047e-01  -6.790262460708618164e-02  2.746172308921813965e+01
-7.547185420989990234e-01  4.892120361328125000e-01  -8.260869979858398438e-01  5.972458720207214355e-01  -4.943493008613586426e-01  -8.122908324003219604e-02  2.750190401077270508e+01
-8.058640360832214355e-01  5.652591586112976074e-01  -8.892103433609008789e-01  5.728939175605773926e-01  -5.454500317573547363e-01  -1.081456467509269714e-01  2.754700994491577148e+01
-8.289887905120849609e-01  6.258897185325622559e-01  -9.351913928985595703e-01  5.490692853927612305e-01  -5.610535144805908203e-01  -1.252111941576004028e-01  2.759126687049865723e+01
-8.478823304176330566e-01  6.937044858932495117e-01  -1.000794649124145508e+00  5.015877485275268555e-01  -5.531439185142517090e-01  -1.306520253419876099e-01  2.763085508346557617e+01
-8.407365679740905762e-01  7.702245712280273438e-01  -1.070424556732177734e+00  4.401805996894836426e-01  -5.137397646903991699e-01  -1.375309675931930542e-01  2.767571997642517090e+01
-8.079093694686889648e-01  8.278894424438476562e-01  -1.107227325439453125e+00  3.823926746845245361e-01  -4.614406228065490723e-01  -1.546204686164855957e-01  2.771707391738891602e+01
-7.500526905059814453e-01  9.102002978324890137e-01  -1.175412774085998535e+00  3.171505331993103027e-01  -3.719424307346343994e-01  -1.614754498004913330e-01  2.776376795768737793e+01
-6.752711534500122070e-01  9.765961170196533203e-01  -1.216958165168762207e+00  2.735759019851684570e-01  -2.974005341529846191e-01  -1.724050641059875488e-01  2.780710792541503906e+01
-5.662946105003356934e-01  1.026552796363830566e+00  -1.251562118530273438e+00  2.177773416042327881e-01  -1.930419057607650757e-01  -1.831189692020416260e-01  2.785105299949645996e+01
-4.742429554462432861e-01  1.057628631591796875e+00  -1.260357022285461426e+00  1.685461401939392090e-01  -1.069711968302726746e-01  -1.808899044990539551e-01  2.789656090736389160e+01
-3.834185004234313965e-01  1.069619297981262207e+00  -1.258247733116149902e+00  1.101110652089118958e-01  -2.310558594763278961e-02  -1.922030001878738403e-01  2.793010187149047852e+01
-2.917120158672332764e-01  1.071830749511718750e+00  -1.234803438186645508e+00  6.842992454767227173e-02  4.810468107461929321e-02  -1.975719332695007324e-01  2.797638106346130371e+01
-1.959532648324966431e-01  1.057411313056945801e+00  -1.197502136230468750e+00  2.583798952400684357e-02  1.026808395981788635e-01  -1.906450539827346802e-01  2.802140188217163086e+01
-1.258503496646881104e-01  1.043106913566589355e+00  -1.164623856544494629e+00  -1.617870479822158813e-02  1.605167090892791748e-01  -1.944800168275833130e-01  2.806358194351196289e+01
-4.452379420399665833e-02  1.008093833923339844e+00  -1.106115221977233887e+00  -5.184375867247581482e-02  2.198865711688995361e-01  -1.909566521644592285e-01  2.810739588737487793e+01
4.255518317222595215e-02  9.474504590034484863e-01  -1.020263433456420898e+00  -8.024637401103973389e-02  2.735759019851684570e-01  -1.819684803485870361e-01  2.817372608184814453e+01
9.914629161357879639e-02  9.038342833518981934e-01  -9.724287986755371094e-01  -1.145931631326675415e-01  3.092409372329711914e-01  -1.775343120098114014e-01  2.821248197555541992e+01
1.417781710624694824e-01  8.679263591766357422e-01  -9.112740755081176758e-01  -1.192430406808853149e-01  3.309563696384429932e-01  -1.735076159238815308e-01  2.825071191787719727e+01
1.811120063066482544e-01  8.222648501396179199e-01  -8.613174557685852051e-01  -1.404311507940292358e-01  3.502989113330841064e-01  -1.751374751329421997e-01  2.829632091522216797e+01
2.157927453517913818e-01  7.785080671310424805e-01  -8.000349402427673340e-01  -1.615233868360519409e-01  3.581126332283020020e-01  -1.582157462835311890e-01  2.834283900260925293e+01
2.394927591085433960e-01  7.395833134651184082e-01  -7.558178901672363281e-01  -1.683543920516967773e-01  3.766881823539733887e-01  -1.641599237918853760e-01  2.838344502449035645e+01
2.553566694259643555e-01  7.058229446411132812e-01  -7.186061143875122070e-01  -1.833826154470443726e-01  3.789651691913604736e-01  -1.588628888130187988e-01  2.841309785842895508e+01
2.684722244739532471e-01  6.581800580024719238e-01  -6.718580126762390137e-01  -1.812494248151779175e-01  3.764245212078094482e-01  -1.545485705137252808e-01  2.845019698143005371e+01
2.754262685775756836e-01  6.213772892951965332e-01  -6.256979703903198242e-01  -1.935692131519317627e-01  3.756096065044403076e-01  -1.469745337963104248e-01  2.848287200927734375e+01
2.808718979358673096e-01  5.921804904937744141e-01  -5.931648015975952148e-01  -1.802427470684051514e-01  3.597664535045623779e-01  -1.383938342332839966e-01  2.851406502723693848e+01
2.786603868007659912e-01  5.518367886543273926e-01  -5.508525371551513672e-01  -1.815370470285415649e-01  3.537024259567260742e-01  -1.377946287393569946e-01  2.854417490959167480e+01
2.790438830852508545e-01  5.065204501152038574e-01  -5.006529688835144043e-01  -1.753292232751846313e-01  3.473987281322479248e-01  -1.287105828523635864e-01  2.858042097091674805e+01
2.721537649631500244e-01  4.665474891662597656e-01  -4.656910002231597900e-01  -1.797873526811599731e-01  3.315795361995697021e-01  -1.179727166891098022e-01  2.861070799827575684e+01
2.607511878013610840e-01  4.199144542217254639e-01  -4.125769138336181641e-01  -1.719017326831817627e-01  3.061729967594146729e-01  -1.112615466117858887e-01  2.865643501281738281e+01
2.521353065967559814e-01  3.758380711078643799e-01  -3.731024861335754395e-01  -1.551477760076522827e-01  2.827558219432830811e-01  -1.071629449725151062e-01  2.869644188880920410e+01
2.396845072507858276e-01  3.343822658061981201e-01  -3.325158953666687012e-01  -1.542849242687225342e-01  2.610403895378112793e-01  -9.661682695150375366e-02  2.873535299301147461e+01
2.269013226032257080e-01  2.997781932353973389e-01  -2.953424453735351562e-01  -1.422767192125320435e-01  2.454608976840972900e-01  -8.492022007703781128e-02  2.877088093757629395e+01
2.165469527244567871e-01  2.675390243530273438e-01  -2.676668763160705566e-01  -1.338398307561874390e-01  2.257108986377716064e-01  -7.413441687822341919e-02  2.880783605575561523e+01
2.062692940235137939e-01  2.562003731727600098e-01  -2.521353065967559814e-01  -1.301247179508209229e-01  2.126720696687698364e-01  -6.699182093143463135e-02  2.884204101562500000e+01
