t1
0.000000000000000000e+00
7.902193069458007812e-02
1.693830490112304688e-01
2.330138683319091797e-01
2.973999977111816406e-01
3.494720458984375000e-01
4.095110893249511719e-01
4.888150691986083984e-01
5.555369853973388672e-01
6.180958747863769531e-01
6.685419082641601562e-01
7.154860496520996094e-01
7.699968814849853516e-01
8.161509037017822266e-01
8.751230239868164062e-01
9.165868759155273438e-01
9.651849269866943359e-01
1.012017011642456055e+00
1.057060003280639648e+00
1.103947877883911133e+00
1.150172948837280273e+00
1.184025049209594727e+00
1.225925922393798828e+00
1.272119045257568359e+00
1.315610885620117188e+00
1.354346036911010742e+00
1.396485090255737305e+00
1.440834999084472656e+00
1.484446048736572266e+00
1.521796941757202148e+00
1.568804979324340820e+00
1.606255054473876953e+00
1.646817922592163086e+00
1.686042070388793945e+00
1.725528955459594727e+00
1.762212991714477539e+00
1.799741983413696289e+00
1.846200942993164062e+00
1.881919860839843750e+00
1.915360927581787109e+00
1.949508905410766602e+00
1.989537954330444336e+00
2.810937881469726562e+00
2.863455057144165039e+00
2.889874935150146484e+00
2.917383909225463867e+00
2.943095922470092773e+00
2.978528022766113281e+00
3.015297889709472656e+00
3.046746969223022461e+00
3.082418918609619141e+00
3.111499071121215820e+00
3.139885902404785156e+00
3.172669887542724609e+00
3.206456899642944336e+00
3.234834909439086914e+00
3.269095897674560547e+00
3.300579071044921875e+00
3.328291893005371094e+00
3.360190868377685547e+00
3.395124912261962891e+00
3.422307968139648438e+00
3.458355903625488281e+00
3.496800899505615234e+00
3.525707006454467773e+00
3.568168878555297852e+00
3.616561889648437500e+00
3.645324945449829102e+00
3.677160024642944336e+00
3.716827869415283203e+00
4.523720026016235352e+00
4.565708875656127930e+00
4.594652891159057617e+00
4.625746011734008789e+00
4.663699865341186523e+00
4.703629016876220703e+00
4.741800069808959961e+00
4.780440092086791992e+00
4.816066980361938477e+00
4.850135087966918945e+00
4.877731084823608398e+00
4.909867048263549805e+00
4.944823980331420898e+00
4.978772878646850586e+00
5.014220952987670898e+00
5.052036046981811523e+00
5.084503889083862305e+00
5.114594936370849609e+00
5.144602060317993164e+00
5.173516988754272461e+00
5.204143047332763672e+00
5.233721017837524414e+00
5.269397020339965820e+00
5.306896924972534180e+00
5.338876008987426758e+00
5.373419046401977539e+00
5.411499977111816406e+00
5.444936037063598633e+00
5.477957963943481445e+00
5.516217947006225586e+00
5.550591945648193359e+00
5.584038019180297852e+00
5.630918025970458984e+00
5.666065931320190430e+00
5.701416969299316406e+00
5.735372066497802734e+00
5.773721933364868164e+00
6.593098878860473633e+00
6.668596982955932617e+00
6.757531881332397461e+00
6.834317922592163086e+00
6.890542984008789062e+00
6.941297054290771484e+00
7.018620014190673828e+00
7.099143028259277344e+00
7.156111955642700195e+00
7.222568035125732422e+00
7.286006927490234375e+00
7.343364953994750977e+00
7.391653060913085938e+00
7.444519996643066406e+00
7.491293907165527344e+00
7.544475078582763672e+00
7.603641033172607422e+00
7.661771059036254883e+00
7.714372873306274414e+00
7.794990062713623047e+00
7.842686891555786133e+00
7.931737899780273438e+00
7.999727964401245117e+00
8.068136930465698242e+00
8.133347988128662109e+00
8.175504922866821289e+00
8.226530075073242188e+00
8.262482881546020508e+00
8.301264047622680664e+00
8.340942859649658203e+00
8.384788990020751953e+00
8.418210029602050781e+00
8.469543933868408203e+00
8.514740943908691406e+00
8.548660039901733398e+00
8.590317010879516602e+00
8.630486011505126953e+00
8.664985895156860352e+00
8.704216003417968750e+00
8.749749898910522461e+00
8.794216871261596680e+00
8.830726861953735352e+00
8.868555068969726562e+00
8.916476011276245117e+00
9.723456859588623047e+00
9.807714939117431641e+00
9.887028932571411133e+00
9.950021982192993164e+00
1.004485702514648438e+01
1.009760594367980957e+01
1.017594289779663086e+01
1.027368688583374023e+01
1.037131094932556152e+01
1.044374704360961914e+01
1.052453494071960449e+01
1.058335804939270020e+01
1.064609503746032715e+01
1.069538187980651855e+01
1.073952698707580566e+01
1.079499888420104980e+01
1.084607291221618652e+01
1.089772605895996094e+01
1.093909096717834473e+01
1.098573899269104004e+01
1.103569602966308594e+01
1.108380699157714844e+01
1.112520599365234375e+01
1.116949200630187988e+01
1.122491908073425293e+01
1.128705000877380371e+01
1.134194207191467285e+01
1.139073204994201660e+01
1.144928097724914551e+01
1.149039387702941895e+01
1.154058599472045898e+01
1.158176708221435547e+01
1.163001608848571777e+01
1.167397689819335938e+01
1.172115802764892578e+01
1.175706005096435547e+01
1.179090690612792969e+01
1.182710886001586914e+01
1.186051988601684570e+01
1.189194488525390625e+01
1.192764687538146973e+01
1.196869087219238281e+01
1.200525307655334473e+01
1.204089593887329102e+01
1.207693600654602051e+01
1.210980200767517090e+01
1.214242601394653320e+01
1.295419597625732422e+01
1.301288890838623047e+01
1.304193186759948730e+01
1.307304406166076660e+01
1.311288595199584961e+01
1.315202498435974121e+01
1.319227600097656250e+01
1.322800087928771973e+01
1.325291204452514648e+01
1.328693509101867676e+01
1.332348108291625977e+01
1.335579705238342285e+01
1.338562107086181641e+01
1.341203403472900391e+01
1.344452786445617676e+01
1.347954607009887695e+01
1.351999902725219727e+01
1.355759406089782715e+01
1.358870196342468262e+01
1.362180995941162109e+01
1.370398306846618652e+01
1.373572707176208496e+01
1.377328991889953613e+01
1.380472087860107422e+01
1.383584904670715332e+01
1.386976599693298340e+01
1.469377088546752930e+01
1.473576903343200684e+01
1.476000595092773438e+01
1.479038286209106445e+01
1.481897902488708496e+01
1.485978889465332031e+01
1.489800190925598145e+01
1.494009590148925781e+01
1.497593688964843750e+01
1.500949406623840332e+01
1.504323792457580566e+01
1.507385706901550293e+01
1.510318398475646973e+01
1.513670492172241211e+01
1.516724395751953125e+01
1.519909906387329102e+01
1.522981786727905273e+01
1.526283502578735352e+01
1.529117798805236816e+01
1.532514500617980957e+01
1.535739898681640625e+01
1.539647507667541504e+01
1.543836903572082520e+01
1.547397494316101074e+01
1.550859093666076660e+01
1.554345107078552246e+01
1.557553887367248535e+01
1.560940289497375488e+01
1.564314389228820801e+01
1.568150997161865234e+01
1.570994901657104492e+01
1.574875903129577637e+01
1.579038190841674805e+01
1.582444000244140625e+01
1.586174106597900391e+01
1.589883804321289062e+01
1.592929196357727051e+01
1.674592208862304688e+01
1.683787703514099121e+01
1.691299295425415039e+01
1.698011302947998047e+01
1.703328704833984375e+01
1.708430409431457520e+01
1.713550496101379395e+01
1.718629097938537598e+01
1.723635792732238770e+01
1.728925108909606934e+01
1.734682297706604004e+01
1.740786695480346680e+01
1.746192407608032227e+01
1.752012896537780762e+01
1.761791706085205078e+01
1.769335007667541504e+01
1.776885986328125000e+01
1.781405997276306152e+01
1.785921597480773926e+01
1.790618896484375000e+01
1.795616602897644043e+01
1.799146890640258789e+01
1.802651095390319824e+01
1.807070899009704590e+01
1.812020087242126465e+01
1.822655892372131348e+01
1.831268095970153809e+01
1.835909986495971680e+01
1.840347194671630859e+01
1.844782900810241699e+01
1.850460290908813477e+01
1.854582595825195312e+01
1.858554196357727051e+01
1.862347698211669922e+01
1.866729807853698730e+01
1.871132588386535645e+01
1.875198602676391602e+01
1.879743409156799316e+01
1.884265708923339844e+01
1.888150906562805176e+01
1.892826104164123535e+01
1.897915291786193848e+01
1.901874804496765137e+01
1.907278394699096680e+01
1.911962985992431641e+01
1.915637302398681641e+01
1.921196007728576660e+01
2.000826287269592285e+01
2.007652592658996582e+01
2.017078590393066406e+01
2.026704907417297363e+01
2.034170889854431152e+01
2.040929508209228516e+01
2.045724797248840332e+01
2.050166702270507812e+01
2.056071805953979492e+01
2.061694002151489258e+01
2.066788792610168457e+01
2.072110295295715332e+01
2.077675008773803711e+01
2.083212208747863770e+01
2.089583992958068848e+01
2.094038987159729004e+01
2.098504805564880371e+01
2.102461504936218262e+01
2.107242298126220703e+01
2.112793087959289551e+01
2.117807507514953613e+01
2.122080993652343750e+01
2.127291607856750488e+01
2.133546996116638184e+01
2.137808299064636230e+01
2.141171002388000488e+01
2.145927596092224121e+01
2.151833200454711914e+01
2.156219005584716797e+01
2.161368298530578613e+01
2.166574406623840332e+01
2.170677590370178223e+01
2.174875187873840332e+01
2.178858995437622070e+01
2.183078694343566895e+01
2.186842894554138184e+01
2.190938997268676758e+01
2.194965887069702148e+01
2.199510908126831055e+01
2.203227496147155762e+01
2.207111597061157227e+01
2.212382388114929199e+01
2.217030501365661621e+01
2.220776295661926270e+01
2.302117800712585449e+01
2.307767295837402344e+01
2.310511088371276855e+01
2.313917303085327148e+01
2.317806005477905273e+01
2.321599292755126953e+01
2.326597905158996582e+01
2.329521298408508301e+01
2.332700204849243164e+01
2.335738492012023926e+01
2.339137005805969238e+01
2.341917300224304199e+01
2.345441198348999023e+01
2.349133300781250000e+01
2.353450703620910645e+01
2.356792593002319336e+01
2.360480904579162598e+01
2.363706898689270020e+01
2.367364192008972168e+01
2.370638799667358398e+01
2.374450492858886719e+01
2.378839302062988281e+01
2.382102298736572266e+01
2.386088705062866211e+01
2.389523506164550781e+01
2.393220686912536621e+01
2.474051499366760254e+01
2.478631401062011719e+01
2.481747007369995117e+01
2.484894394874572754e+01
2.488361001014709473e+01
2.492506289482116699e+01
2.496780490875244141e+01
2.499934697151184082e+01
2.503370308876037598e+01
2.507166004180908203e+01
2.510796904563903809e+01
2.514134407043457031e+01
2.517370986938476562e+01
2.520922708511352539e+01
2.524056386947631836e+01
2.527355909347534180e+01
2.531148099899291992e+01
2.534471392631530762e+01
2.537999391555786133e+01
2.542086100578308105e+01
2.545572209358215332e+01
2.549201893806457520e+01
2.552883291244506836e+01
2.555724287033081055e+01
2.559831094741821289e+01
2.563386988639831543e+01
2.567370700836181641e+01
2.571386504173278809e+01
2.575150704383850098e+01
2.578844809532165527e+01
2.582078695297241211e+01
2.585926508903503418e+01
2.589614987373352051e+01
2.592861294746398926e+01
2.595995688438415527e+01
2.677985405921936035e+01
2.685806107521057129e+01
2.693874096870422363e+01
2.702797698974609375e+01
2.710883998870849609e+01
2.720514488220214844e+01
2.730290007591247559e+01
2.735819101333618164e+01
2.741143703460693359e+01
2.746172308921813965e+01
2.750190401077270508e+01
2.754700994491577148e+01
2.759126687049865723e+01
2.763085508346557617e+01
2.767571997642517090e+01
2.771707391738891602e+01
2.776376795768737793e+01
2.780710792541503906e+01
2.785105299949645996e+01
2.789656090736389160e+01
2.793010187149047852e+01
2.797638106346130371e+01
2.802140188217163086e+01
2.806358194351196289e+01
2.810739588737487793e+01
2.817372608184814453e+01
2.821248197555541992e+01
2.825071191787719727e+01
2.829632091522216797e+01
2.834283900260925293e+01
2.838344502449035645e+01
2.841309785842895508e+01
2.845019698143005371e+01
2.848287200927734375e+01
2.851406502723693848e+01
2.854417490959167480e+01
2.858042097091674805e+01
2.861070799827575684e+01
2.865643501281738281e+01
2.869644188880920410e+01
2.873535299301147461e+01
2.877088093757629395e+01
2.880783605575561523e+01
2.884204101562500000e+01
