  v1     v2   v3   v4  v5   v6   t1
0.000000000000000000e+00  0.000000000000000000e+00  -0.000000000000000000e+00  2.396845047769602388e-05  0.000000000000000000e+00  0.000000000000000000e+00  0.000000000000000000e+00
0.000000000000000000e+00  0.000000000000000000e+00  -0.000000000000000000e+00  2.396845047769602388e-05  0.000000000000000000e+00  0.000000000000000000e+00  7.902193069458007812e-02
-1.177202463150024414e-01  -6.640858948230743408e-02  -6.684321165084838867e-02  -8.168447762727737427e-02  -2.242727875709533691e-01  4.908738657832145691e-02  1.693830490112304688e-01
-2.623107135295867920e-01  -2.183110415935516357e-01  -1.181804388761520386e-01  -2.076626569032669067e-01  -5.144827961921691895e-01  1.659335792064666748e-01  2.330138683319091797e-01
-1.332773715257644653e-01  -3.427424430847167969e-01  1.184616684913635254e-01  -1.182603389024734497e-01  -2.232900857925415039e-01  3.336648046970367432e-01  2.973999977111816406e-01
-6.276538129895925522e-03  -3.896822631359100342e-01  2.702490687370300293e-01  -1.100631281733512878e-01  -7.504522055387496948e-02  3.114220798015594482e-01  3.494720458984375000e-01
9.782962501049041748e-02  -4.066455364227294922e-01  3.325158953666687012e-01  4.510862380266189575e-02  -2.758289277553558350e-01  2.399481534957885742e-01  4.095110893249511719e-01
2.522248029708862305e-01  -4.385395646095275879e-01  3.790466487407684326e-01  1.917955428361892700e-01  -5.459294319152832031e-01  2.103950679302215576e-01  4.888150691986083984e-01
3.346890509128570557e-01  -4.834979772567749023e-01  4.447394013404846191e-01  2.615437209606170654e-01  -6.505277156829833984e-01  1.976678073406219482e-01  5.555369853973388672e-01
3.780367970466613770e-01  -4.804939329624176025e-01  4.800848662853240967e-01  2.440946996212005615e-01  -6.231797337532043457e-01  1.829511821269989014e-01  6.180958747863769531e-01
2.990239858627319336e-01  -4.742813110351562500e-01  4.920243620872497559e-01  3.143222630023956299e-01  -5.815944671630859375e-01  1.876010596752166748e-01  6.685419082641601562e-01
3.250505328178405762e-01  -4.668670594692230225e-01  4.977384209632873535e-01  3.649676144123077393e-01  -5.408960580825805664e-01  1.818006932735443115e-01  7.154860496520996094e-01
3.797113895416259766e-01  -4.532274305820465088e-01  4.896466732025146484e-01  4.005367755889892578e-01  -4.927434027194976807e-01  1.714942604303359985e-01  7.699968814849853516e-01
4.378876090049743652e-01  -4.173066914081573486e-01  4.777199625968933105e-01  4.116341769695281982e-01  -4.410913884639739990e-01  1.638723015785217285e-01  8.161509037017822266e-01
4.950028359889984131e-01  -3.869594335556030273e-01  4.565894007682800293e-01  4.182974100112915039e-01  -3.692100048065185547e-01  1.543328613042831421e-01  8.751230239868164062e-01
5.267817974090576172e-01  -3.611374199390411377e-01  4.304605722427368164e-01  4.177940785884857178e-01  -3.044472634792327881e-01  1.447215080261230469e-01  9.165868759155273438e-01
5.414441227912902832e-01  -3.285147845745086670e-01  4.050348401069641113e-01  4.021187126636505127e-01  -2.389654517173767090e-01  1.292139142751693726e-01  9.651849269866943359e-01
5.440518856048583984e-01  -2.825848460197448730e-01  3.655731976032257080e-01  3.810264766216278076e-01  -1.733398288488388062e-01  1.243962571024894714e-01  1.012017011642456055e+00
5.433487892150878906e-01  -2.490801364183425903e-01  3.399429321289062500e-01  3.591912090778350830e-01  -1.182603389024734497e-01  1.145691946148872375e-01  1.057060003280639648e+00
5.402296781539916992e-01  -2.095289975404739380e-01  2.916225492954254150e-01  3.245567977428436279e-01  -3.890079632401466370e-02  1.029684618115425110e-01  1.103947877883911133e+00
5.616926550865173340e-01  -1.632155627012252808e-01  2.466896772384643555e-01  2.815334200859069824e-01  3.298058733344078064e-02  9.045693278312683105e-02  1.150172948837280273e+00
5.779656171798706055e-01  -1.266301125288009644e-01  2.096312642097473145e-01  2.581881582736968994e-01  7.065898925065994263e-02  8.525577932596206665e-02  1.184025049209594727e+00
6.175934672355651855e-01  -7.083156704902648926e-02  1.623079478740692139e-01  2.115215808153152466e-01  1.452727764844894409e-01  7.197725772857666016e-02  1.225925922393798828e+00
6.852675676345825195e-01  -1.092961337417364120e-02  1.026744470000267029e-01  1.536617428064346313e-01  2.295218855142593384e-01  5.972937867045402527e-02  1.272119045257568359e+00
7.330383062362670898e-01  4.420421272516250610e-02  3.836230188608169556e-02  9.688048064708709717e-02  2.944284379482269287e-01  4.935104027390480042e-02  1.315610885620117188e+00
7.456041574478149414e-01  8.420276641845703125e-02  3.374757710844278336e-03  5.227519199252128601e-02  3.183010220527648926e-01  4.573180526494979858e-02  1.354346036911010742e+00
7.520468831062316895e-01  1.382883638143539429e-01  -5.834240466356277466e-02  5.464806687086820602e-03  3.636253774166107178e-01  3.607251867651939392e-02  1.396485090255737305e+00
7.392637133598327637e-01  1.782869249582290649e-01  -9.949143975973129272e-02  -4.613926634192466736e-02  3.940413296222686768e-01  2.732403390109539032e-02  1.440834999084472656e+00
7.163307070732116699e-01  2.032013237476348877e-01  -1.369077861309051514e-01  -8.374577015638351440e-02  4.279087483882904053e-01  2.981675229966640472e-02  1.484446048736572266e+00
6.829026937484741211e-01  2.148851454257965088e-01  -1.567344963550567627e-01  -1.053413376212120056e-01  4.387185275554656982e-01  4.041080921888351440e-02  1.521796941757202148e+00
6.438117623329162598e-01  2.394032776355743408e-01  -1.777372509241104126e-01  -1.329290270805358887e-01  4.620398283004760742e-01  5.054946243762969971e-02  1.568804979324340820e+00
6.144232153892517090e-01  2.599841952323913574e-01  -2.104877382516860962e-01  -1.556271463632583618e-01  4.809029996395111084e-01  -1.438107062131166458e-02  1.606255054473876953e+00
5.731847286224365234e-01  2.803094387054443359e-01  -2.297775447368621826e-01  -1.754969954490661621e-01  4.927434027194976807e-01  -2.876213984563946724e-03  1.646817922592163086e+00
5.355510711669921875e-01  2.939362823963165283e-01  -2.413718849420547485e-01  -1.890152096748352051e-01  4.945650100708007812e-01  -3.499393817037343979e-03  1.686042070388793945e+00
4.958209395408630371e-01  2.960327267646789551e-01  -2.496809512376785278e-01  -2.002564072608947754e-01  4.765886664390563965e-01  1.617870479822158813e-02  1.725528955459594727e+00
4.533680379390716553e-01  2.914308011531829834e-01  -2.509976029396057129e-01  -2.041872292757034302e-01  4.578453600406646729e-01  -3.427488496527075768e-03  1.762212991714477539e+00
4.073869585990905762e-01  2.810764312744140625e-01  -2.428036034107208252e-01  -1.954866796731948853e-01  4.179858267307281494e-01  -3.096723929047584534e-02  1.799741983413696289e+00
3.523553907871246338e-01  2.572741508483886719e-01  -2.255846560001373291e-01  -1.929220557212829590e-01  3.727333843708038330e-01  -1.198422536253929138e-02  1.846200942993164062e+00
3.196049034595489502e-01  2.492718845605850220e-01  -2.192442119121551514e-01  -1.881044059991836548e-01  3.420058190822601318e-01  1.625061035156250000e-02  1.881919860839843750e+00
2.797980904579162598e-01  2.323725223541259766e-01  -2.061414569616317749e-01  -1.735076159238815308e-01  3.062928318977355957e-01  -8.317052386701107025e-03  1.915360927581787109e+00
2.512660622596740723e-01  2.102704197168350220e-01  -1.871328800916671753e-01  -1.662212014198303223e-01  2.727130353450775146e-01  -3.103914298117160797e-02  1.949508905410766602e+00
2.350186407566070557e-01  2.050293236970901489e-01  -1.836175024509429932e-01  -1.552915871143341064e-01  2.569657564163208008e-01  -2.590989507734775543e-02  1.989537954330444336e+00
-1.418932224623858929e-03  -1.797314174473285675e-02  -0.000000000000000000e+00  -2.590989507734775543e-02  -2.126001566648483276e-02  8.388957940042018890e-04  2.810937881469726562e+00
-7.669904152862727642e-04  1.548042334616184235e-02  -0.000000000000000000e+00  -3.619236173108220100e-03  -4.961469210684299469e-03  8.388957940042018890e-04  2.863455057144165039e+00
-6.391586503013968468e-04  -1.256585959345102310e-02  4.422978032380342484e-03  3.652792051434516907e-02  3.940413147211074829e-02  6.711166352033615112e-04  2.889874935150146484e+00
1.059725042432546616e-02  -3.122929297387599945e-02  2.138624899089336395e-02  -3.374757990241050720e-02  -4.889564123004674911e-03  9.395632892847061157e-03  2.917383909225463867e+00
3.957670554518699646e-02  -5.145227164030075073e-02  5.889207869768142700e-02  3.017628006637096405e-02  4.168113693594932556e-02  3.921238705515861511e-02  2.943095922470092773e+00
8.925211429595947266e-02  -1.057296246290206909e-01  1.192797943949699402e-01  2.109223743900656700e-03  3.238137811422348022e-02  8.774849772453308105e-02  2.978528022766113281e+00
1.408066600561141968e-01  -1.736210584640502930e-01  1.936395168304443359e-01  -4.285559058189392090e-02  4.319114983081817627e-02  1.443859487771987915e-01  3.015297889709472656e+00
1.736210584640502930e-01  -2.258658856153488159e-01  2.494380623102188110e-01  -4.053065180778503418e-02  -2.495115809142589569e-02  1.823759377002716064e-01  3.046746969223022461e+00
2.076243013143539429e-01  -2.655960023403167725e-01  3.081128299236297607e-01  -3.492203354835510254e-02  -1.045024488121271133e-02  2.155243158340454102e-01  3.082418918609619141e+00
2.310686409473419189e-01  -2.967613637447357178e-01  3.484437465667724609e-01  -4.604339227080345154e-02  4.700213298201560974e-02  2.322303205728530884e-01  3.111499071121215820e+00
2.481597512960433960e-01  -3.243602514266967773e-01  3.867549002170562744e-01  -5.014199763536453247e-02  3.238137811422348022e-02  2.555755972862243652e-01  3.139885902404785156e+00
2.701084613800048828e-01  -3.502333760261535645e-01  4.176774024963378906e-01  -5.469600483775138855e-02  -3.858920652419328690e-03  2.741990685462951660e-01  3.172669887542724609e+00
2.745697796344757080e-01  -3.632210791110992432e-01  4.393065273761749268e-01  -5.407282337546348572e-02  -1.320661604404449463e-02  2.767876684665679932e-01  3.206456899642944336e+00
2.779061794281005859e-01  -3.712105751037597656e-01  4.546719193458557129e-01  -5.385711044073104858e-02  -4.242416005581617355e-03  2.836666107177734375e-01  3.234834909439086914e+00
2.864197790622711182e-01  -3.758380711078643799e-01  4.595934450626373291e-01  -5.901032686233520508e-02  3.978762775659561157e-03  2.842418551445007324e-01  3.269095897674560547e+00
2.834796607494354248e-01  -3.821146190166473389e-01  4.603092968463897705e-01  -6.401973217725753784e-02  3.547330573201179504e-02  2.861832976341247559e-01  3.300579071044921875e+00
2.702490687370300293e-01  -3.779089450836181641e-01  4.572541117668151855e-01  -6.509831547737121582e-02  4.314321093261241913e-03  2.789688110351562500e-01  3.328291893005371094e+00
2.755029499530792236e-01  -3.709037899971008301e-01  4.508369565010070801e-01  -6.255766004323959351e-02  3.652792051434516907e-02  2.743189334869384766e-01  3.360190868377685547e+00
2.698783576488494873e-01  -3.611374199390411377e-01  4.355354905128479004e-01  -5.577458441257476807e-02  3.803792968392372131e-02  2.661456763744354248e-01  3.395124912261962891e+00
2.537843585014343262e-01  -3.475361466407775879e-01  4.201573431491851807e-01  -5.819539725780487061e-02  -2.159557491540908813e-02  2.557433843612670898e-01  3.422307968139648438e+00
2.435705810785293579e-01  -3.356605768203735352e-01  4.036670625209808350e-01  -5.709284916520118713e-02  4.196875914931297302e-02  2.442624866962432861e-01  3.458355903625488281e+00
2.329094260931015015e-01  -3.094934225082397461e-01  3.742785453796386719e-01  -5.299424380064010620e-02  -9.131980128586292267e-03  2.262142449617385864e-01  3.496800899505615234e+00
2.153325527906417847e-01  -2.971832156181335449e-01  3.505018353462219238e-01  -4.899151250720024109e-02  4.218447208404541016e-02  2.158598750829696655e-01  3.525707006454467773e+00
1.941891908645629883e-01  -2.670788466930389404e-01  3.174956738948822021e-01  -4.359861090779304504e-02  -1.104945596307516098e-02  1.918914169073104858e-01  3.568168878555297852e+00
1.715885400772094727e-01  -2.367954999208450317e-01  2.771519720554351807e-01  -3.969175368547439575e-02  2.159557491540908813e-02  1.659335792064666748e-01  3.616561889648437500e+00
1.609785109758377075e-01  -2.172756046056747437e-01  2.535670399665832520e-01  -3.312439844012260437e-02  9.563411585986614227e-03  1.522236317396163940e-01  3.645324945449829102e+00
1.453319042921066284e-01  -1.999927461147308350e-01  2.332545667886734009e-01  -3.369964286684989929e-02  -4.199272394180297852e-02  1.446016579866409302e-01  3.677160024642944336e+00
1.372784972190856934e-01  -1.921055316925048828e-01  2.193976044654846191e-01  -3.091930225491523743e-02  -4.053065180778503418e-02  1.334802955389022827e-01  3.716827869415283203e+00
-9.970875689759850502e-04  1.124919275753200054e-03  -1.048220205120742321e-03  2.590989507734775543e-02  2.756371907889842987e-02  6.783071439713239670e-03  4.523720026016235352e+00
-9.970875689759850502e-04  1.061003422364592552e-03  -1.291100517846643925e-03  4.098604898899793625e-03  2.797118201851844788e-02  -1.080977171659469604e-02  4.565708875656127930e+00
-1.367799588479101658e-03  8.181231096386909485e-04  -1.470064977183938026e-03  2.590989507734775543e-02  -3.271693363785743713e-02  3.657585754990577698e-02  4.594652891159057617e+00
-1.743624918162822723e-02  2.977201156318187714e-02  -3.390097618103027344e-02  -2.042111940681934357e-02  3.238137811422348022e-02  4.673847928643226624e-03  4.625746011734008789e+00
-5.186133459210395813e-02  9.614224731922149658e-02  -1.296597272157669067e-01  3.993143886327743530e-02  3.621632978320121765e-02  -4.554005712270736694e-02  4.663699865341186523e+00
-9.205163270235061646e-02  1.764461398124694824e-01  -2.343155741691589355e-01  5.251487717032432556e-02  4.333495721220970154e-02  -8.815596252679824829e-02  4.703629016876220703e+00
-1.276144236326217651e-01  2.605338692665100098e-01  -3.397000432014465332e-01  7.729825377464294434e-02  -8.964200504124164581e-03  -1.261938959360122681e-01  4.741800069808959961e+00
-1.684183180332183838e-01  3.260476291179656982e-01  -4.317005574703216553e-01  9.048090130090713501e-02  -2.590989507734775543e-02  -1.523434668779373169e-01  4.780440092086791992e+00
-1.824670135974884033e-01  3.669282197952270508e-01  -5.026215910911560059e-01  9.894176572561264038e-02  -8.029431104660034180e-03  -1.741068214178085327e-01  4.816066980361938477e+00
-2.073047310113906860e-01  4.126152694225311279e-01  -5.595450997352600098e-01  1.108061447739601135e-01  2.732403343543410301e-03  -1.907409280538558960e-01  4.850135087966918945e+00
-2.196021378040313721e-01  4.462861418724060059e-01  -6.123906970024108887e-01  1.134187057614326477e-01  3.580886498093605042e-02  -2.095801383256912231e-01  4.877731084823608398e+00
-2.359262555837631226e-01  4.735143184661865234e-01  -6.631910204887390137e-01  1.219275072216987610e-01  4.980644211173057556e-02  -2.196708470582962036e-01  4.909867048263549805e+00
-2.402469664812088013e-01  4.937756359577178955e-01  -6.986259818077087402e-01  1.348465085029602051e-01  2.590989507734775543e-02  -2.241289764642715454e-01  4.944823980331420898e+00
-2.433788478374481201e-01  5.191630125045776367e-01  -7.297274470329284668e-01  1.380103379487991333e-01  -3.775031119585037231e-02  -2.345552593469619751e-01  4.978772878646850586e+00
-2.543084621429443359e-01  5.215534567832946777e-01  -7.524942755699157715e-01  1.464712023735046387e-01  1.394963823258876801e-02  -2.388935536146163940e-01  5.014220952987670898e+00
-2.573891878128051758e-01  5.428118705749511719e-01  -7.635517120361328125e-01  1.519599705934524536e-01  1.579520851373672485e-02  -2.408589571714401245e-01  5.052036046981811523e+00
-2.498854696750640869e-01  5.418531298637390137e-01  -7.693297266960144043e-01  1.504020243883132935e-01  -2.447178773581981659e-02  -2.395406961441040039e-01  5.084503889083862305e+00
-2.483642846345901489e-01  5.519774556159973145e-01  -7.626441121101379395e-01  1.546923816204071045e-01  4.386226646602153778e-03  -2.388216406106948853e-01  5.114594936370849609e+00
-2.492718845605850220e-01  5.490628480911254883e-01  -7.686266303062438965e-01  1.462315171957015991e-01  -3.281280770897865295e-02  -2.393010109663009644e-01  5.144602060317993164e+00
-2.405281960964202881e-01  5.505201220512390137e-01  -7.660572528839111328e-01  1.511690169572830200e-01  4.506068769842386246e-03  -2.362570166587829590e-01  5.173516988754272461e+00
-2.412824034690856934e-01  5.593022108078002930e-01  -7.651624083518981934e-01  1.516963243484497070e-01  2.159557491540908813e-02  -2.316071391105651855e-01  5.204143047332763672e+00
-2.305445373058319092e-01  5.540355443954467773e-01  -7.475727796554565430e-01  1.570173203945159912e-01  3.643204458057880402e-03  -2.274366319179534912e-01  5.233721017837524414e+00
-2.274893522262573242e-01  5.284563899040222168e-01  -7.202039957046508789e-01  1.547403186559677124e-01  -2.900182455778121948e-02  -2.254232764244079590e-01  5.269397020339965820e+00
-2.138880640268325806e-01  5.185494422912597656e-01  -6.830177307128906250e-01  1.475737541913986206e-01  3.046390041708946228e-02  -2.084056735038757324e-01  5.306896924972534180e+00
-1.954802870750427246e-01  4.877803325653076172e-01  -6.444892883300781250e-01  1.420130729675292969e-01  -1.311074290424585342e-02  -1.990100443363189697e-01  5.338876008987426758e+00
-1.891014873981475830e-01  4.749971628189086914e-01  -6.139502525329589844e-01  1.371954083442687988e-01  3.238137811422348022e-02  -1.889193356037139893e-01  5.373419046401977539e+00
-1.781974434852600098e-01  4.436272680759429932e-01  -5.796402096748352051e-01  1.316826641559600830e-01  3.619236173108220100e-03  -1.814891099929809570e-01  5.411499977111816406e+00
-1.713712215423583984e-01  4.214100837707519531e-01  -5.410094857215881348e-01  1.260980218648910522e-01  2.159557491540908813e-02  -1.744423806667327881e-01  5.444936037063598633e+00
-1.582556813955307007e-01  4.085630178451538086e-01  -5.126436352729797363e-01  1.295255124568939209e-01  -3.096723929047584534e-02  -1.627218127250671387e-01  5.477957963943481445e+00
-1.468914449214935303e-01  3.810280561447143555e-01  -4.738466739654541016e-01  1.192430406808853149e-01  1.339836418628692627e-02  -1.475737541913986206e-01  5.516217947006225586e+00
-1.349391788244247437e-01  3.601531386375427246e-01  -4.377853572368621826e-01  1.135145798325538635e-01  -2.159557491540908813e-02  -1.387054175138473511e-01  5.550591945648193359e+00
-1.198166832327842712e-01  3.235293328762054443e-01  -3.995253145694732666e-01  1.016502007842063904e-01  4.213653504848480225e-02  -1.312991678714752197e-01  5.584038019180297852e+00
-1.133611798286437988e-01  2.988322377204895020e-01  -3.484437465667724609e-01  9.306949377059936523e-02  -2.775546535849571228e-02  -1.177330315113067627e-01  5.630918025970458984e+00
-1.012938693165779114e-01  2.651357948780059814e-01  -3.159105777740478516e-01  8.674181997776031494e-02  -1.265534199774265289e-02  -1.060603931546211243e-01  5.666065931320190430e+00
-8.183787763118743896e-02  2.396845072507858276e-01  -2.813320755958557129e-01  7.732222229242324829e-02  -3.765443712472915649e-02  -9.093630313873291016e-02  5.701416969299316406e+00
-8.054677397012710571e-02  2.232836931943893433e-01  -2.598691284656524658e-01  7.099454849958419800e-02  3.619236173108220100e-03  -8.527974784374237061e-02  5.735372066497802734e+00
-7.701861858367919922e-02  2.074197679758071899e-01  -2.468814253807067871e-01  6.819023936986923218e-02  4.410195164382457733e-03  -7.907191663980484009e-02  5.773721933364868164e+00
1.227184664458036423e-03  -1.009870669804513454e-03  -0.000000000000000000e+00  -2.159557491540908813e-02  3.868507966399192810e-02  -3.834952134639024734e-03  6.593098878860473633e+00
3.451456723269075155e-04  -1.048220205120742321e-03  1.879126532003283501e-03  -2.590989507734775543e-02  -1.613076776266098022e-02  4.319114983081817627e-02  6.668596982955932617e+00
1.105105355381965637e-01  -1.581278592348098755e-01  1.681498587131500244e-01  8.726912736892700195e-02  2.866626679897308350e-01  -1.162230148911476135e-01  6.757531881332397461e+00
6.258641928434371948e-02  -4.224838912487030029e-01  4.594911634922027588e-01  2.542812824249267578e-01  4.897952973842620850e-01  -3.171505331993103027e-01  6.834317922592163086e+00
-2.690602242946624756e-01  -5.538182258605957031e-01  6.072390675544738770e-01  3.281999826431274414e-01  1.538055539131164551e-01  -3.764245212078094482e-01  6.890542984008789062e+00
-3.884167373180389404e-01  -6.074563860893249512e-01  6.793873310089111328e-01  3.328258991241455078e-01  -1.634168922901153564e-01  -3.970134258270263672e-01  6.941297054290771484e+00
-6.464322805404663086e-01  -6.846667528152465820e-01  7.505512237548828125e-01  3.570340573787689209e-01  -3.773593008518218994e-01  -4.206223487854003906e-01  7.018620014190673828e+00
-8.824352622032165527e-01  -7.419353723526000977e-01  8.162056207656860352e-01  4.171469211578369141e-01  -4.943732619285583496e-01  -4.636696875095367432e-01  7.099143028259277344e+00
-9.866309165954589844e-01  -7.474066019058227539e-01  8.241311907768249512e-01  4.147021472454071045e-01  -5.323153138160705566e-01  -4.657070040702819824e-01  7.156111955642700195e+00
-1.121736288070678711e+00  -6.947655081748962402e-01  7.755039930343627930e-01  3.168149888515472412e-01  -5.857170224189758301e-01  -4.702370464801788330e-01  7.222568035125732422e+00
-1.150639057159423828e+00  -6.549330949783325195e-01  7.229651808738708496e-01  2.715865075588226318e-01  -6.378004550933837891e-01  -4.985198080539703369e-01  7.286006927490234375e+00
-1.218466520309448242e+00  -6.054111123085021973e-01  6.914929747581481934e-01  2.638686597347259521e-01  -7.069255113601684570e-01  -5.143629312515258789e-01  7.343364953994750977e+00
-1.215091824531555176e+00  -5.590720772743225098e-01  6.447449326515197754e-01  2.303607761859893799e-01  -7.103289961814880371e-01  -5.177185535430908203e-01  7.391653060913085938e+00
-1.200723528861999512e+00  -4.990039467811584473e-01  5.961049199104309082e-01  1.821122914552688599e-01  -6.646690964698791504e-01  -5.211939811706542969e-01  7.444519996643066406e+00
-1.180666685104370117e+00  -4.588903486728668213e-01  5.614241957664489746e-01  1.395443230867385864e-01  -5.906065702438354492e-01  -5.297746658325195312e-01  7.491293907165527344e+00
-1.122452139854431152e+00  -4.247720837593078613e-01  5.184471607208251953e-01  1.045983210206031799e-01  -5.018034577369689941e-01  -5.394818782806396484e-01  7.544475078582763672e+00
-1.048910498619079590e+00  -3.672350049018859863e-01  4.689379334449768066e-01  4.599545523524284363e-02  -3.888401687145233154e-01  -5.380198359489440918e-01  7.603641033172607422e+00
-9.474504590034484863e-01  -3.140953481197357178e-01  4.218830764293670654e-01  5.201153922826051712e-03  -3.031289875507354736e-01  -5.357667803764343262e-01  7.661771059036254883e+00
-8.545423746109008789e-01  -2.869438827037811279e-01  3.807084858417510986e-01  -2.159557491540908813e-02  -2.400440275669097900e-01  -5.160167813301086426e-01  7.714372873306274414e+00
-7.154231071472167969e-01  -2.172372490167617798e-01  3.077165484428405762e-01  -7.056312263011932373e-02  -1.403113156557083130e-01  -4.839949309825897217e-01  7.794990062713623047e+00
-5.951206684112548828e-01  -1.593550443649291992e-01  2.512021362781524658e-01  -1.128434687852859497e-01  -5.946572497487068176e-02  -4.671211242675781250e-01  7.842686891555786133e+00
-4.009186625480651855e-01  -5.546618998050689697e-02  1.309124827384948730e-01  -2.006638646125793457e-01  7.818508893251419067e-02  -4.212934672832489014e-01  7.931737899780273438e+00
-2.329861223697662354e-01  1.298259049654006958e-01  -5.977411940693855286e-02  -2.485528290271759033e-01  2.390613257884979248e-01  -3.847415745258331299e-01  7.999727964401245117e+00
-8.879192173480987549e-02  3.499010205268859863e-01  -2.781490683555603027e-01  -1.366201639175415039e-01  3.583043813705444336e-01  -3.381229341030120850e-01  8.068136930465698242e+00
2.628220431506633759e-02  4.086908400058746338e-01  -3.598718941211700439e-01  -1.080258041620254517e-01  4.204545617103576660e-01  -2.976641952991485596e-01  8.133347988128662109e+00
6.979613006114959717e-02  3.924562036991119385e-01  -3.429086208343505859e-01  -1.656219959259033203e-01  4.298262298107147217e-01  -2.753975093364715576e-01  8.175504922866821289e+00
1.088103726506233215e-01  3.380638062953948975e-01  -2.995736598968505859e-01  -2.469948828220367432e-01  4.287955760955810547e-01  -2.631735801696777344e-01  8.226530075073242188e+00
1.431076228618621826e-01  3.050320744514465332e-01  -2.748126685619354248e-01  -2.949317991733551025e-01  4.286038279533386230e-01  -2.522919178009033203e-01  8.262482881546020508e+00
1.673317402601242065e-01  2.877492308616638184e-01  -2.570568323135375977e-01  -3.201465904712677002e-01  4.281963706016540527e-01  -2.430880218744277954e-01  8.301264047622680664e+00
1.880660504102706909e-01  2.727417945861816406e-01  -2.472777068614959717e-01  -3.458647429943084717e-01  4.248168170452117920e-01  -2.281796485185623169e-01  8.340942859649658203e+00
1.967841684818267822e-01  2.556890249252319336e-01  -2.312092632055282593e-01  -3.504906594753265381e-01  4.102200269699096680e-01  -2.211808711290359497e-01  8.384788990020751953e+00
2.048247903585433960e-01  2.313370853662490845e-01  -2.148851454257965088e-01  -3.504906594753265381e-01  3.943529129028320312e-01  -2.068237662315368652e-01  8.418210029602050781e+00
2.085702568292617798e-01  2.180809378623962402e-01  -1.996603906154632568e-01  -3.744111657142639160e-01  3.711514472961425781e-01  -1.877928078174591064e-01  8.469543933868408203e+00
2.115743011236190796e-01  2.083529382944107056e-01  -1.881427466869354248e-01  -3.850291967391967773e-01  3.557397425174713135e-01  -1.812494248151779175e-01  8.514740943908691406e+00
2.169304490089416504e-01  1.947388648986816406e-01  -1.812781840562820435e-01  -3.909973502159118652e-01  3.421496450901031494e-01  -1.697685420513153076e-01  8.548660039901733398e+00
2.117916196584701538e-01  1.819173395633697510e-01  -1.646472811698913574e-01  -3.875698447227478027e-01  3.204342126846313477e-01  -1.590546369552612305e-01  8.590317010879516602e+00
2.020891904830932617e-01  1.767529398202896118e-01  -1.546252667903900146e-01  -3.774311840534210205e-01  2.967773675918579102e-01  -1.508574336767196655e-01  8.630486011505126953e+00
2.047736495733261108e-01  1.567344963550567627e-01  -1.422639340162277222e-01  -3.617798089981079102e-01  2.795200645923614502e-01  -1.337679177522659302e-01  8.664985895156860352e+00
1.872095763683319092e-01  1.519408077001571655e-01  -1.306440383195877075e-01  -3.424851894378662109e-01  2.533704936504364014e-01  -1.226225942373275757e-01  8.704216003417968750e+00
1.666542291641235352e-01  1.254796385765075684e-01  -1.171833500266075134e-01  -3.078747391700744629e-01  2.262861430644989014e-01  -1.132509335875511169e-01  8.749749898910522461e+00
1.613619923591613770e-01  1.156621575355529785e-01  -1.029812470078468323e-01  -2.833310663700103760e-01  2.028449922800064087e-01  -1.009551137685775757e-01  8.794216871261596680e+00
1.444115042686462402e-01  9.578432142734527588e-02  -9.242234379053115845e-02  -2.575410008430480957e-01  1.787806749343872070e-01  -8.813199400901794434e-02  8.830726861953735352e+00
1.366009861230850220e-01  7.870599627494812012e-02  -8.265600353479385376e-02  -2.292103022336959839e-01  1.603009998798370361e-01  -7.535681128501892090e-02  8.868555068969726562e+00
1.242652311921119690e-01  8.321846276521682739e-02  -8.118593692779541016e-02  -2.217321395874023438e-01  1.534699946641921997e-01  -7.161772996187210083e-02  8.916476011276245117e+00
-1.981391804292798042e-03  -6.519418675452470779e-04  -0.000000000000000000e+00  2.159557491540908813e-02  -1.917476067319512367e-03  1.510012429207563400e-03  9.723456859588623047e+00
-5.113269435241818428e-04  -4.985437844879925251e-04  -0.000000000000000000e+00  -1.617870479822158813e-02  -5.512743955478072166e-04  5.273059359751641750e-04  9.807714939117431641e+00
2.762443758547306061e-02  4.091893881559371948e-02  -8.146716654300689697e-02  -5.953763052821159363e-02  -1.649988144636154175e-01  1.322818845510482788e-01  9.887028932571411133e+00
1.260037422180175781e-01  1.526694446802139282e-01  -2.631032764911651611e-01  -1.976678073406219482e-01  -5.197798013687133789e-01  4.665219187736511230e-01  9.950021982192993164e+00
1.700929105281829834e-01  1.628959774971008301e-01  -3.008136451244354248e-01  -3.295662105083465576e-01  -5.537431240081787109e-01  7.114794850349426270e-01  1.004485702514648438e+01
1.861997097730636597e-01  9.797023981809616089e-02  -2.468814253807067871e-01  -3.351987898349761963e-01  -4.799442589282989502e-01  7.486305832862854004e-01  1.009760594367980957e+01
3.361718952655792236e-01  -6.735453754663467407e-02  -4.406359791755676270e-02  -1.771747916936874390e-01  -3.428207635879516602e-01  7.690037488937377930e-01  1.017594289779663086e+01
4.383094608783721924e-01  9.987493604421615601e-02  -1.950200945138931274e-01  -2.015027701854705811e-01  -3.803313672542572021e-01  8.212310075759887695e-01  1.027368688583374023e+01
2.757969796657562256e-01  3.309180140495300293e-01  -3.987583220005035400e-01  -2.933259010314941406e-01  -2.218759506940841675e-01  8.043093085289001465e-01  1.037131094932556152e+01
1.698116809129714966e-01  1.691213846206665039e-01  -2.072152495384216309e-01  -1.469266042113304138e-02  2.648753523826599121e-01  7.367182970046997070e-01  1.044374704360961914e+01
2.402469664812088013e-01  -1.258503496646881104e-01  1.049754172563552856e-01  2.163152694702148438e-01  -1.431635618209838867e-01  7.038575410842895508e-01  1.052453494071960449e+01
3.147728741168975830e-01  -1.765995472669601440e-01  1.626914441585540771e-01  2.454608976840972900e-01  -3.239815533161163330e-01  6.869357824325561523e-01  1.058335804939270020e+01
3.165625035762786865e-01  -1.905843317508697510e-01  1.888330429792404175e-01  2.727130353450775146e-01  -3.975886702537536621e-01  6.612415909767150879e-01  1.064609503746032715e+01
3.744575083255767822e-01  -2.176207453012466431e-01  2.249966412782669067e-01  3.278883993625640869e-01  -3.884087502956390381e-01  6.373929977416992188e-01  1.069538187980651855e+01
4.158366322517395020e-01  -2.551393508911132812e-01  2.679992318153381348e-01  3.685628771781921387e-01  -3.666453957557678223e-01  6.184099912643432617e-01  1.073952698707580566e+01
4.392554163932800293e-01  -3.073969781398773193e-01  3.156804740428924561e-01  4.197834432125091553e-01  -3.393932580947875977e-01  5.965986847877502441e-01  1.079499888420104980e+01
4.499932825565338135e-01  -3.108228743076324463e-01  3.417581319808959961e-01  4.533632397651672363e-01  -3.116857409477233887e-01  5.842309594154357910e-01  1.084607291221618652e+01
4.708042740821838379e-01  -3.172144591808319092e-01  3.442125022411346436e-01  4.545137286186218262e-01  -2.906653881072998047e-01  5.624197125434875488e-01  1.089772605895996094e+01
4.721465110778808594e-01  -3.062720596790313721e-01  3.415024876594543457e-01  4.572701156139373779e-01  -2.679672837257385254e-01  5.370131134986877441e-01  1.093909096717834473e+01
4.792028367519378662e-01  -2.990623414516448975e-01  3.344078063964843750e-01  4.453577697277069092e-01  -2.435913681983947754e-01  5.100486278533935547e-01  1.098573899269104004e+01
4.727728962898254395e-01  -2.801688015460968018e-01  3.139675259590148926e-01  4.306890964508056641e-01  -1.972843110561370850e-01  4.742158055305480957e-01  1.103569602966308594e+01
4.672249853610992432e-01  -2.595623433589935303e-01  2.963267564773559570e-01  4.105316102504730225e-01  -1.530864983797073364e-01  4.459090530872344971e-01  1.108380699157714844e+01
4.574075043201446533e-01  -2.382016479969024658e-01  2.757969796657562256e-01  3.802115321159362793e-01  -1.078820005059242249e-01  4.197834432125091553e-01  1.112520599365234375e+01
4.712772667407989502e-01  -2.143354713916778564e-01  2.470859587192535400e-01  3.550686240196228027e-01  -6.337258219718933105e-02  3.952397406101226807e-01  1.116949200630187988e+01
4.627892374992370605e-01  -1.780440360307693481e-01  2.123412936925888062e-01  3.197391331195831299e-01  -7.190535310655832291e-03  3.617798089981079102e-01  1.122491908073425293e+01
4.669948816299438477e-01  -1.360513120889663696e-01  1.625636219978332520e-01  2.588592767715454102e-01  6.680007278919219971e-02  3.146098852157592773e-01  1.128705000877380371e+01
4.916280806064605713e-01  -8.691279590129852295e-02  1.172472685575485229e-01  2.143498510122299194e-01  1.339357048273086548e-01  2.858477532863616943e-01  1.134194207191467285e+01
5.558123588562011719e-01  -3.813220560550689697e-02  6.689434498548507690e-02  1.519599705934524536e-01  2.050021588802337646e-01  2.503265142440795898e-01  1.139073204994201660e+01
6.347228884696960449e-01  3.980680182576179504e-02  -1.551877241581678391e-02  6.893326342105865479e-02  2.976641952991485596e-01  2.203419655561447144e-01  1.144928097724914551e+01
6.698638796806335449e-01  9.205163270235061646e-02  -6.100130453705787659e-02  1.138501428067684174e-02  3.456969559192657471e-01  2.027970552444458008e-01  1.149039387702941895e+01
6.930653452873229980e-01  1.443092525005340576e-01  -1.177841573953628540e-01  -5.054946243762969971e-02  3.983316719532012939e-01  1.709909290075302124e-01  1.154058599472045898e+01
6.892559528350830078e-01  1.869539171457290649e-01  -1.561464667320251465e-01  -8.645420521497726440e-02  4.268780946731567383e-01  1.574487537145614624e-01  1.158176708221435547e+01
6.651468873023986816e-01  2.075859606266021729e-01  -1.815977692604064941e-01  -1.228622794151306152e-01  4.610331654548645020e-01  1.383938342332839966e-01  1.163001608848571777e+01
6.437478065490722656e-01  2.160100638866424561e-01  -2.014116793870925903e-01  -1.452008783817291260e-01  4.839949309825897217e-01  1.193628832697868347e-01  1.167397689819335938e+01
6.168264746665954590e-01  2.427013367414474487e-01  -2.224016487598419189e-01  -1.726687252521514893e-01  5.003174543380737305e-01  1.038073599338531494e-01  1.172115802764892578e+01
5.873484611511230469e-01  2.623107135295867920e-01  -2.403492331504821777e-01  -1.969247907400131226e-01  5.087783336639404297e-01  9.606555104255676270e-02  1.175706005096435547e+01
5.518367886543273926e-01  2.722560167312622070e-01  -2.525443732738494873e-01  -2.054815292358398438e-01  5.085625648498535156e-01  8.990565687417984009e-02  1.179090690612792969e+01
5.124135017395019531e-01  2.777272164821624756e-01  -2.649056911468505859e-01  -2.155243158340454102e-01  4.916169047355651855e-01  8.062987029552459717e-02  1.182710886001586914e+01
4.727728962898254395e-01  2.733553946018218994e-01  -2.609684765338897705e-01  -2.164590805768966675e-01  4.702370464801788330e-01  7.408647984266281128e-02  1.186051988601684570e+01
4.392809867858886719e-01  2.661584615707397461e-01  -2.556890249252319336e-01  -2.248480319976806641e-01  4.455255568027496338e-01  6.449910253286361694e-02  1.189194488525390625e+01
4.049965143203735352e-01  2.617226839065551758e-01  -2.477634698152542114e-01  -2.165789157152175903e-01  4.137434065341949463e-01  5.821936577558517456e-02  1.192764687538146973e+01
3.632210791110992432e-01  2.431870996952056885e-01  -2.311581224203109741e-01  -1.990100443363189697e-01  3.760170638561248779e-01  5.229916051030158997e-02  1.196869087219238281e+01
3.175340294837951660e-01  2.296497076749801636e-01  -2.150385379791259766e-01  -1.900218725204467773e-01  3.350310027599334717e-01  4.371845349669456482e-02  1.200525307655334473e+01
2.904592752456665039e-01  2.167770564556121826e-01  -2.086469531059265137e-01  -1.863307356834411621e-01  3.125006556510925293e-01  3.868507966399192810e-02  1.204089593887329102e+01
2.510998845100402832e-01  1.930387020111083984e-01  -1.900602281093597412e-01  -1.705834567546844482e-01  2.706277668476104736e-01  3.751062601804733276e-02  1.207693600654602051e+01
2.183110415935516357e-01  1.872990578413009644e-01  -1.753212213516235352e-01  -1.583595573902130127e-01  2.450294792652130127e-01  2.859436161816120148e-02  1.210980200767517090e+01
2.153325527906417847e-01  1.728157252073287964e-01  -1.692492216825485229e-01  -1.505937725305557251e-01  2.334527075290679932e-01  3.154247999191284180e-02  1.214242601394653320e+01
-9.970875689759850502e-04  -3.055178560316562653e-03  9.459548164159059525e-04  -4.285559058189392090e-02  -4.170510452240705490e-03  2.590989507734775543e-02  1.295419597625732422e+01
-8.948221220634877682e-04  -6.902913446538150311e-04  1.342233270406723022e-03  -1.349423732608556747e-02  -8.364989422261714935e-03  2.921754121780395508e-02  1.301288890838623047e+01
-8.948221220634877682e-04  -1.751294825226068497e-03  -0.000000000000000000e+00  1.447694469243288040e-02  -4.089017584919929504e-02  4.266384057700634003e-03  1.304193186759948730e+01
1.781974360346794128e-02  -3.076909855008125305e-02  3.359417989850044250e-02  -5.186772719025611877e-02  2.399241924285888672e-02  2.590989507734775543e-02  1.307304406166076660e+01
6.741845607757568359e-02  -7.990761846303939819e-02  9.614224731922149658e-02  -1.294296327978372574e-02  3.034405782818794250e-02  7.101851701736450195e-02  1.311288595199584961e+01
1.245975941419601440e-01  -1.336225122213363647e-01  1.652480810880661011e-01  -4.213653504848480225e-02  -2.159557491540908813e-02  1.256905496120452881e-01  1.315202498435974121e+01
1.548042297363281250e-01  -1.879765689373016357e-01  2.211233377456665039e-01  -4.414988681674003601e-02  9.779128246009349823e-03  1.699123531579971313e-01  1.319227600097656250e+01
1.874652355909347534e-01  -2.222099006175994873e-01  2.704280316829681396e-01  -4.867992177605628967e-02  4.105795547366142273e-02  1.956065297126770020e-01  1.322800087928771973e+01
2.002356350421905518e-01  -2.478785216808319092e-01  2.929392158985137939e-01  -5.440838262438774109e-02  6.135923322290182114e-03  2.112818956375122070e-01  1.325291204452514648e+01
2.162529528141021729e-01  -2.677691280841827393e-01  3.318383991718292236e-01  -5.500759556889533997e-02  3.099120594561100006e-02  2.185203731060028076e-01  1.328693509101867676e+01
2.306340187788009644e-01  -2.897945344448089600e-01  3.526366353034973145e-01  -6.013684347271919250e-02  4.156129434704780579e-02  2.337163686752319336e-01  1.332348108291625977e+01
2.414485812187194824e-01  -2.942175269126892090e-01  3.636812865734100342e-01  -6.505037844181060791e-02  -4.266384057700634003e-03  2.452691495418548584e-01  1.335579705238342285e+01
2.394927591085433960e-01  -3.074097633361816406e-01  3.751733601093292236e-01  -6.224606558680534363e-02  4.870389029383659363e-02  2.440946996212005615e-01  1.338562107086181641e+01
2.417425960302352905e-01  -3.149262666702270508e-01  3.791105747222900391e-01  -6.205431744456291199e-02  1.617870479822158813e-02  2.496074438095092773e-01  1.341203403472900391e+01
2.448233366012573242e-01  -3.136223852634429932e-01  3.817311227321624756e-01  -6.473878771066665649e-02  -1.970206573605537415e-02  2.425846904516220093e-01  1.344452786445617676e+01
2.376136332750320435e-01  -3.062720596790313721e-01  3.808363080024719238e-01  -6.526609510183334351e-02  3.087136521935462952e-02  2.461320161819458008e-01  1.347954607009887695e+01
2.295218855142593384e-01  -2.994841933250427246e-01  3.656243383884429932e-01  -6.296511739492416382e-02  -3.094327077269554138e-02  2.307203114032745361e-01  1.351999902725219727e+01
2.246387153863906860e-01  -2.899734973907470703e-01  3.641031384468078613e-01  -6.085589528083801270e-02  -4.530037287622690201e-03  2.184005230665206909e-01  1.355759406089782715e+01
2.099891901016235352e-01  -2.853587865829467773e-01  3.513071835041046143e-01  -5.754825100302696228e-02  5.392901599407196045e-03  2.119050770998001099e-01  1.358870196342468262e+01
2.068189680576324463e-01  -2.786603868007659912e-01  3.371306359767913818e-01  -5.198756977915763855e-02  4.285559058189392090e-02  2.012870460748672485e-01  1.362180995941162109e+01
1.723043918609619141e-01  -2.389942109584808350e-01  2.896411418914794922e-01  -4.685832187533378601e-02  2.267415449023246765e-02  1.706793308258056641e-01  1.370398306846618652e+01
1.548042297363281250e-01  -2.252395153045654297e-01  2.704791724681854248e-01  -4.515656083822250366e-02  2.590989507734775543e-02  1.558428704738616943e-01  1.373572707176208496e+01
1.465718746185302734e-01  -2.049398422241210938e-01  2.495658993721008301e-01  -3.760650008916854858e-02  3.993143886327743530e-02  1.399757564067840576e-01  1.377328991889953613e+01
1.263616681098937988e-01  -1.807924211025238037e-01  2.229385524988174438e-01  -3.935619443655014038e-02  -3.235740819945931435e-03  1.308917105197906494e-01  1.380472087860107422e+01
1.176435425877571106e-01  -1.719464659690856934e-01  2.040194422006607056e-01  -3.317233547568321228e-02  4.625910893082618713e-03  1.158395260572433472e-01  1.383584904670715332e+01
1.107917651534080505e-01  -1.623718738555908203e-01  1.946621686220169067e-01  -3.154247999191284180e-02  3.552124276757240295e-02  1.061083301901817322e-01  1.386976599693298340e+01
-1.214401447214186192e-03  -1.256585959345102310e-02  -2.428802894428372383e-03  -1.006674952805042267e-02  -3.453853726387023926e-02  -4.242416005581617355e-03  1.469377088546752930e+01
-5.752427969127893448e-04  1.507136132568120956e-02  -9.203884983435273170e-04  -3.043993143364787102e-03  -2.943325787782669067e-02  2.590989507734775543e-02  1.473576903343200684e+01
-2.160356380045413971e-03  -1.076343189924955368e-02  -4.422978032380342484e-03  3.650395199656486511e-02  2.590989507734775543e-02  4.098604898899793625e-03  1.476000595092773438e+01
-6.775082089006900787e-03  1.770469546318054199e-02  -4.080389067530632019e-02  1.850364357233047485e-02  -2.775546535849571228e-02  1.577123999595642090e-02  1.479038286209106445e+01
-2.092605456709861755e-02  7.736376672983169556e-02  -1.061642542481422424e-01  4.295146465301513672e-02  -1.617870479822158813e-02  -3.516171872615814209e-02  1.481897902488708496e+01
-3.318511694669723511e-02  1.524393409490585327e-01  -2.061925828456878662e-01  5.160407349467277527e-02  -4.319114983081817627e-02  -2.243446931242942810e-02  1.485978889465332031e+01
-4.492007195949554443e-02  2.145655602216720581e-01  -2.979118525981903076e-01  7.389473170042037964e-02  -1.438107062131166458e-02  -4.417385533452033997e-02  1.489800190925598145e+01
-6.482347100973129272e-02  2.827382385730743408e-01  -3.977740108966827393e-01  9.661682695150375366e-02  -5.519934371113777161e-02  -5.824333429336547852e-02  1.494009590148925781e+01
-7.510114461183547974e-02  3.427424430847167969e-01  -4.798419773578643799e-01  1.130352169275283813e-01  -5.086105316877365112e-02  -6.895723193883895874e-02  1.497593688964843750e+01
-7.989483326673507690e-02  3.756463229656219482e-01  -5.430931448936462402e-01  1.251632571220397949e-01  -3.386742249131202698e-02  -7.168963551521301270e-02  1.500949406623840332e+01
-8.558334410190582275e-02  4.150696396827697754e-01  -5.952996015548706055e-01  1.310834586620330811e-01  -1.617870479822158813e-02  -7.854461669921875000e-02  1.504323792457580566e+01
-9.003189206123352051e-02  4.420804977416992188e-01  -6.438117623329162598e-01  1.384897083044052124e-01  -3.238137811422348022e-02  -8.561530709266662598e-02  1.507385706901550293e+01
-9.713933616876602173e-02  4.704207777976989746e-01  -6.819567680358886719e-01  1.460397690534591675e-01  -2.996056340634822845e-02  -8.995359390974044800e-02  1.510318398475646973e+01
-9.736943244934082031e-02  4.922800064086914062e-01  -7.040332555770874023e-01  1.527269631624221802e-01  -4.299940168857574463e-02  -9.064868092536926270e-02  1.513670492172241211e+01
-9.811085462570190430e-02  4.920243620872497559e-01  -7.306734323501586914e-01  1.577123999595642090e-01  -1.941444468684494495e-03  -9.306949377059936523e-02  1.516724395751953125e+01
-1.006035730242729187e-01  5.003845691680908203e-01  -7.448627352714538574e-01  1.635607033967971802e-01  -5.105279851704835892e-03  -9.551427513360977173e-02  1.519909906387329102e+01
-1.048092395067214966e-01  5.151491165161132812e-01  -7.451056241989135742e-01  1.610919535160064697e-01  2.324939705431461334e-03  -9.426791965961456299e-02  1.522981786727905273e+01
-9.820033609867095947e-02  5.178080201148986816e-01  -7.485570907592773438e-01  1.581438332796096802e-01  2.741990797221660614e-02  -9.151154756546020508e-02  1.526283502578735352e+01
-9.394354373216629028e-02  5.136534571647644043e-01  -7.558178901672363281e-01  1.566098630428314209e-01  1.037833932787179947e-02  -9.189504384994506836e-02  1.529117798805236816e+01
-9.587380290031433105e-02  5.332756638526916504e-01  -7.490556240081787109e-01  1.646872311830520630e-01  -2.972087822854518890e-02  -9.424395114183425903e-02  1.532514500617980957e+01
-9.791910648345947266e-02  5.271397233009338379e-01  -7.451056241989135742e-01  1.674436032772064209e-01  5.992112681269645691e-03  -9.163139015436172485e-02  1.535739898681640625e+01
-9.023642539978027344e-02  5.201984643936157227e-01  -7.227350473403930664e-01  1.688816994428634644e-01  -3.238137811422348022e-02  -8.743690699338912964e-02  1.539647507667541504e+01
-8.179952949285507202e-02  4.885473251342773438e-01  -6.905214786529541016e-01  1.570173203945159912e-01  1.224787812680006027e-02  -8.429703861474990845e-02  1.543836903572082520e+01
-8.403658121824264526e-02  4.800848662853240967e-01  -6.726889610290527344e-01  1.592943221330642700e-01  -3.504187613725662231e-02  -8.197209984064102173e-02  1.547397494316101074e+01
-7.888496667146682739e-02  4.474877715110778809e-01  -6.157143115997314453e-01  1.472142189741134644e-01  -3.803792968392372131e-02  -7.643538713455200195e-02  1.550859093666076660e+01
-7.466651499271392822e-02  4.277249872684478760e-01  -5.844850540161132812e-01  1.429718136787414551e-01  -1.121723465621471405e-02  -7.418235391378402710e-02  1.554345107078552246e+01
-6.654920428991317749e-02  4.121167361736297607e-01  -5.568094849586486816e-01  1.439065784215927124e-01  4.031493514776229858e-02  -7.216900587081909180e-02  1.557553887367248535e+01
-6.390308588743209839e-02  3.954730331897735596e-01  -5.280473232269287109e-01  1.359730213880538940e-01  -3.739078296348452568e-03  -6.857373565435409546e-02  1.560940289497375488e+01
-6.097573786973953247e-02  3.772058784961700439e-01  -4.950028359889984131e-01  1.267212033271789551e-01  -4.084223881363868713e-02  -6.320480257272720337e-02  1.564314389228820801e+01
-5.769046023488044739e-02  3.544774055480957031e-01  -4.598618745803833008e-01  1.208728998899459839e-01  3.978762775659561157e-03  -5.778793618083000183e-02  1.568150997161865234e+01
-5.230874568223953247e-02  3.338453471660614014e-01  -4.234937429428100586e-01  1.148328483104705811e-01  2.960103750228881836e-02  -5.584648996591567993e-02  1.570994901657104492e+01
-4.693981260061264038e-02  3.009542524814605713e-01  -3.800181746482849121e-01  1.056768968701362610e-01  4.002731293439865112e-02  -4.961469396948814392e-02  1.574875903129577637e+01
-4.019029811024665833e-02  2.755540907382965088e-01  -3.390992581844329834e-01  1.029684618115425110e-01  3.926032409071922302e-02  -4.252003133296966553e-02  1.579038190841674805e+01
-3.726295009255409241e-02  2.535798251628875732e-01  -3.123951852321624756e-01  9.386045485734939575e-02  -4.338289611041545868e-03  -4.005128145217895508e-02  1.582444000244140625e+01
-3.393932431936264038e-02  2.344945371150970459e-01  -2.799003720283508301e-01  8.309862017631530762e-02  2.590989507734775543e-02  -3.554521128535270691e-02  1.586174106597900391e+01
-3.195793554186820984e-02  2.089921087026596069e-01  -2.544234991073608398e-01  7.710650563240051270e-02  -3.930825740098953247e-03  -3.036802634596824646e-02  1.589883804321289062e+01
-2.961861342191696167e-02  2.039171904325485229e-01  -2.420877367258071899e-01  7.178550958633422852e-02  4.122573416680097580e-03  -3.317233547568321228e-02  1.592929196357727051e+01
0.000000000000000000e+00  0.000000000000000000e+00  2.160356380045413971e-03  2.159557491540908813e-02  -4.031493514776229858e-02  3.238137811422348022e-02  1.674592208862304688e+01
0.000000000000000000e+00  -1.137702492997050285e-03  4.218447138555347919e-04  3.427488496527075768e-03  -4.115382954478263855e-02  4.043477773666381836e-02  1.683787703514099121e+01
3.422055393457412720e-02  -8.468852192163467407e-02  9.546473622322082520e-02  4.350273683667182922e-02  1.233176812529563904e-01  -6.850183010101318359e-02  1.691299295425415039e+01
6.997509300708770752e-02  -3.784075081348419189e-01  4.158366322517395020e-01  1.215440109372138977e-01  3.912849724292755127e-01  -3.126684427261352539e-01  1.698011302947998047e+01
-4.452379420399665833e-02  -5.280473232269287109e-01  5.885756611824035645e-01  2.343874871730804443e-01  1.956065297126770020e-01  -4.207901358604431152e-01  1.703328704833984375e+01
-1.633433848619461060e-01  -6.444381475448608398e-01  6.994952559471130371e-01  3.355103731155395508e-01  -1.002839952707290649e-01  -4.866554141044616699e-01  1.708430409431457520e+01
-2.745697796344757080e-01  -6.990606188774108887e-01  7.801698446273803711e-01  3.850291967391967773e-01  -2.798556387424468994e-01  -5.248371958732604980e-01  1.713550496101379395e+01
-3.564076721668243408e-01  -7.585407495498657227e-01  8.418231010437011719e-01  3.888401687145233154e-01  -3.835910856723785400e-01  -5.562358498573303223e-01  1.718629097938537598e+01
-4.562186896800994873e-01  -8.307017683982849121e-01  9.049975275993347168e-01  3.462003171443939209e-01  -4.698295593261718750e-01  -5.869634151458740234e-01  1.723635792732238770e+01
-5.369827747344970703e-01  -8.652163147926330566e-01  9.445742368698120117e-01  2.900901734828948975e-01  -5.023307800292968750e-01  -6.081754565238952637e-01  1.728925108909606934e+01
-6.444892883300781250e-01  -8.883794546127319336e-01  9.863240718841552734e-01  2.462998032569885254e-01  -5.150101184844970703e-01  -6.147188544273376465e-01  1.734682297706604004e+01
-7.558178901672363281e-01  -9.078993201255798340e-01  1.003555774688720703e+00  2.192154526710510254e-01  -4.996942579746246338e-01  -6.192728877067565918e-01  1.740786695480346680e+01
-8.639507889747619629e-01  -9.218969345092773438e-01  1.008234500885009766e+00  1.990100443363189697e-01  -4.652995467185974121e-01  -6.193208098411560059e-01  1.746192407608032227e+01
-9.080654978752136230e-01  -9.162978529930114746e-01  1.020161151885986328e+00  2.557433843612670898e-01  -5.088022947311401367e-01  -6.083672046661376953e-01  1.752012896537780762e+01
-7.972865104675292969e-01  -8.592209815979003906e-01  9.991839528083801270e-01  3.428207635879516602e-01  -6.768929958343505859e-01  -5.640255808830261230e-01  1.761791706085205078e+01
-7.780222892761230469e-01  -7.204340696334838867e-01  9.222804307937622070e-01  3.415024876594543457e-01  -7.748760581016540527e-01  -5.107676982879638672e-01  1.769335007667541504e+01
-9.509274959564208984e-01  -5.610535144805908203e-01  7.468313574790954590e-01  2.492479234933853149e-01  -7.721676230430603027e-01  -4.745993018150329590e-01  1.776885986328125000e+01
-9.451494812965393066e-01  -5.038871169090270996e-01  6.475955843925476074e-01  1.941923946142196655e-01  -6.694388389587402344e-01  -4.870868623256683350e-01  1.781405997276306152e+01
-9.706007838249206543e-01  -4.424512088298797607e-01  5.798447728157043457e-01  1.523434668779373169e-01  -5.522810220718383789e-01  -4.929591417312622070e-01  1.785921597480773926e+01
-1.008988618850708008e+00  -4.077448844909667969e-01  5.217068791389465332e-01  1.142815724015235901e-01  -4.500795602798461914e-01  -4.938938915729522705e-01  1.790618896484375000e+01
-1.022065877914428711e+00  -3.379870951175689697e-01  4.477050900459289551e-01  6.409163773059844971e-02  -3.163356184959411621e-01  -5.024506449699401855e-01  1.795616602897644043e+01
-1.018077492713928223e+00  -3.028717339038848877e-01  4.052521586418151855e-01  2.437591366469860077e-02  -2.398762553930282593e-01  -5.069806575775146484e-01  1.799146890640258789e+01
-1.022986292839050293e+00  -2.499749511480331421e-01  3.544518351554870605e-01  -2.809102460741996765e-02  -1.515045762062072754e-01  -5.152497887611389160e-01  1.802651095390319824e+01
-9.972920417785644531e-01  -1.956720352172851562e-01  2.865603864192962646e-01  -7.710650563240051270e-02  -5.577458441257476807e-02  -5.213137865066528320e-01  1.807070899009704590e+01
-9.438712000846862793e-01  -1.092194318771362305e-01  2.058474421501159668e-01  -1.485804319381713867e-01  5.129248648881912231e-02  -5.185334682464599609e-01  1.812020087242126465e+01
-7.775493264198303223e-01  3.866909816861152649e-02  3.556278720498085022e-02  -2.741990685462951660e-01  2.227148413658142090e-01  -4.828684031963348389e-01  1.822655892372131348e+01
-5.656937956809997559e-01  8.486749231815338135e-02  -2.183366008102893829e-02  -3.566745221614837646e-01  3.552603721618652344e-01  -4.477785825729370117e-01  1.831268095970153809e+01
-4.146094620227813721e-01  6.143593043088912964e-02  -3.131877398118376732e-03  -4.044196605682373047e-01  4.345000684261322021e-01  -4.299940168857574463e-01  1.835909986495971680e+01
-3.347657620906829834e-01  9.027477353811264038e-02  -3.549887239933013916e-02  -4.352910220623016357e-01  4.761572480201721191e-01  -4.114903509616851807e-01  1.840347194671630859e+01
-2.686000466346740723e-01  1.572841703891754150e-01  -1.100886911153793335e-01  -4.472512900829315186e-01  5.044160485267639160e-01  -3.953596055507659912e-01  1.844782900810241699e+01
-2.068828791379928589e-01  2.398378998041152954e-01  -1.902391910552978516e-01  -4.527640342712402344e-01  5.299424529075622559e-01  -3.805950284004211426e-01  1.850460290908813477e+01
-1.622440367937088013e-01  2.770369350910186768e-01  -2.388408184051513672e-01  -4.528838694095611572e-01  5.337774157524108887e-01  -3.685868382453918457e-01  1.854582595825195312e+01
-1.189474314451217651e-01  2.993563711643218994e-01  -2.628731727600097656e-01  -4.425534605979919434e-01  5.342088341712951660e-01  -3.487649261951446533e-01  1.858554196357727051e+01
-8.210632205009460449e-02  3.176874220371246338e-01  -2.834029495716094971e-01  -4.340686500072479248e-01  5.262513160705566406e-01  -3.289669752120971680e-01  1.862347698211669922e+01
-5.316521972417831421e-02  3.384345173835754395e-01  -3.070646226406097412e-01  -4.151096045970916748e-01  5.071244835853576660e-01  -3.121171593666076660e-01  1.866729807853698730e+01
-2.546408213675022125e-02  3.356605768203735352e-01  -3.108228743076324463e-01  -3.975886702537536621e-01  4.892440140247344971e-01  -2.922473251819610596e-01  1.871132588386535645e+01
-2.505501965060830116e-03  3.390992581844329834e-01  -3.218291699886322021e-01  -3.833514153957366943e-01  4.675286114215850830e-01  -2.736717760562896729e-01  1.875198602676391602e+01
2.073430828750133514e-02  3.473827540874481201e-01  -3.294735252857208252e-01  -3.720622658729553223e-01  4.376399517059326172e-01  -2.572294175624847412e-01  1.879743409156799316e+01
3.222637996077537537e-02  3.550654351711273193e-01  -3.295629918575286865e-01  -3.579927682876586914e-01  4.177940785884857178e-01  -2.374554425477981567e-01  1.884265708923339844e+01
4.228673875331878662e-02  3.533524870872497559e-01  -3.318895399570465088e-01  -3.465119004249572754e-01  3.922916352748870850e-01  -2.283234596252441406e-01  1.888150906562805176e+01
5.129887536168098450e-02  3.430620133876800537e-01  -3.264311254024505615e-01  -3.247245848178863525e-01  3.559554517269134521e-01  -2.052418440580368042e-01  1.892826104164123535e+01
5.117104202508926392e-02  3.175340294837951660e-01  -3.046613633632659912e-01  -2.961541712284088135e-01  3.143222630023956299e-01  -1.824718117713928223e-01  1.897915291786193848e+01
5.214256420731544495e-02  2.967485785484313965e-01  -2.858828902244567871e-01  -2.686863243579864502e-01  2.836666107177734375e-01  -1.642318218946456909e-01  1.901874804496765137e+01
5.592638254165649414e-02  2.702490687370300293e-01  -2.617610394954681396e-01  -2.449336051940917969e-01  2.434235811233520508e-01  -1.462794542312622070e-01  1.907278394699096680e+01
5.388107523322105408e-02  2.434683293104171753e-01  -2.344945371150970459e-01  -2.143498510122299194e-01  2.102752178907394409e-01  -1.239648237824440002e-01  1.911962985992431641e+01
5.071084946393966675e-02  2.306340187788009644e-01  -2.232836931943893433e-01  -2.045467644929885864e-01  1.938807964324951172e-01  -1.195546314120292664e-01  1.915637302398681641e+01
4.525243490934371948e-02  2.248304486274719238e-01  -2.224911302328109741e-01  -2.015746682882308960e-01  1.956065297126770020e-01  -1.183801814913749695e-01  1.921196007728576660e+01
-2.837864449247717857e-03  -2.211489016190171242e-03  2.416019793599843979e-03  -1.042627636343240738e-02  -2.948119537904858589e-03  -3.645601496100425720e-02  2.000826287269592285e+01
0.000000000000000000e+00  -1.418932224623858929e-03  1.252750982530415058e-03  -1.617870479822158813e-02  0.000000000000000000e+00  4.841627087444067001e-03  2.007652592658996582e+01
1.127475872635841370e-01  6.815987825393676758e-02  -1.568111926317214966e-01  -4.822452366352081299e-02  -2.526514530181884766e-01  2.307922095060348511e-01  2.017078590393066406e+01
4.929703176021575928e-01  5.258997529745101929e-02  -2.339576482772827148e-01  8.436894416809082031e-02  -6.249294281005859375e-01  7.556053996086120605e-01  2.026704907417297363e+01
5.667547583580017090e-01  -1.455364376306533813e-01  5.836797133088111877e-02  3.374278545379638672e-01  -5.601426959037780762e-01  8.703423738479614258e-01  2.034170889854431152e+01
4.809029996395111084e-01  -2.087747901678085327e-01  1.480547189712524414e-01  4.093571603298187256e-01  -4.855049252510070801e-01  8.811042308807373047e-01  2.040929508209228516e+01
5.847535133361816406e-01  -1.889353096485137939e-01  1.159178167581558228e-01  3.965340554714202881e-01  -3.978283405303955078e-01  9.202207326889038086e-01  2.045724797248840332e+01
6.384044885635375977e-01  -1.705147475004196167e-01  9.596328437328338623e-02  4.054982364177703857e-01  -4.199512302875518799e-01  9.634838104248046875e-01  2.050166702270507812e+01
6.541789174079895020e-01  -1.599814146757125854e-01  9.978545457124710083e-02  4.258474707603454590e-01  -4.761572480201721191e-01  9.901127219200134277e-01  2.056071805953979492e+01
6.631910204887390137e-01  -1.523882150650024414e-01  9.605276584625244141e-02  4.240019023418426514e-01  -4.875422716140747070e-01  9.921500682830810547e-01  2.061694002151489258e+01
6.395421624183654785e-01  -1.497804373502731323e-01  9.279305487871170044e-02  4.196396470069885254e-01  -4.747910499572753906e-01  9.795666337013244629e-01  2.066788792610168457e+01
6.383022069931030273e-01  -1.288160383701324463e-01  7.836085557937622070e-02  4.127607047557830811e-01  -4.266384243965148926e-01  9.632201194763183594e-01  2.072110295295715332e+01
6.412039995193481445e-01  -1.101526096463203430e-01  6.112913414835929871e-02  3.949281573295593262e-01  -3.657106161117553711e-01  9.447404742240905762e-01  2.077675008773803711e+01
6.435944437980651855e-01  -9.255017340183258057e-02  5.200194939970970154e-02  3.856763541698455811e-01  -3.218962848186492920e-01  9.347695708274841309e-01  2.083212208747863770e+01
6.268101334571838379e-01  -7.475599646568298340e-02  3.292945399880409241e-02  3.689463734626770020e-01  -2.596981525421142578e-01  9.051924943923950195e-01  2.089583992958068848e+01
6.038898825645446777e-01  -5.670615658164024353e-02  1.707831956446170807e-02  3.534627556800842285e-01  -2.323980927467346191e-01  8.763105273246765137e-01  2.094038987159729004e+01
5.899817943572998047e-01  -3.190680220723152161e-02  -5.113269202411174774e-03  3.213210403919219971e-01  -2.031805515289306641e-01  8.320647478103637695e-01  2.098504805564880371e+01
5.699377655982971191e-01  -1.518641039729118347e-02  -2.238333597779273987e-02  2.965137064456939697e-01  -1.759284287691116333e-01  7.996833920478820801e-01  2.102461504936218262e+01
5.458031296730041504e-01  1.609401591122150421e-02  -4.564871266484260559e-02  2.689020633697509766e-01  -1.526790261268615723e-01  7.568997144699096680e-01  2.107242298126220703e+01
5.213106274604797363e-01  3.826003894209861755e-02  -7.608544826507568359e-02  2.268613874912261963e-01  -1.205373406410217285e-01  7.062783241271972656e-01  2.112793087959289551e+01
4.991445839405059814e-01  6.738010793924331665e-02  -9.472331404685974121e-02  2.000406831502914429e-01  -8.784437179565429688e-02  6.587249040603637695e-01  2.117807507514953613e+01
4.771830737590789795e-01  8.940551429986953735e-02  -1.124919280409812927e-01  1.670361310243606567e-01  -4.565989971160888672e-02  6.131609082221984863e-01  2.122080993652343750e+01
5.445759892463684082e-01  1.075831875205039978e-01  -1.311553567647933960e-01  1.338398307561874390e-01  4.501274973154067993e-02  5.678365826606750488e-01  2.127291607856750488e+01
6.444892883300781250e-01  1.404615044593811035e-01  -1.669865995645523071e-01  8.278702944517135620e-02  1.838140487670898438e-01  5.019472837448120117e-01  2.133546996116638184e+01
6.943436264991760254e-01  1.705147475004196167e-01  -1.868772208690643311e-01  3.758253157138824463e-02  2.551921010017395020e-01  4.660185873508453369e-01  2.137808299064636230e+01
7.136079072952270508e-01  2.101681530475616455e-01  -2.273231744766235352e-01  -1.792840100824832916e-02  3.092409372329711914e-01  4.279087483882904053e-01  2.141171002388000488e+01
7.458726167678833008e-01  2.580411434173583984e-01  -2.782896757125854492e-01  -7.224091142416000366e-02  3.627864718437194824e-01  3.917163908481597900e-01  2.145927596092224121e+01
7.443513870239257812e-01  3.068600893020629883e-01  -3.211772441864013672e-01  -1.356853991746902466e-01  4.047072827816009521e-01  3.430604338645935059e-01  2.151833200454711914e+01
7.474066019058227539e-01  3.295629918575286865e-01  -3.434710800647735596e-01  -1.759284287691116333e-01  4.286038279533386230e-01  3.175579905509948730e-01  2.156219005584716797e+01
6.930653452873229980e-01  3.596929311752319336e-01  -3.761448860168457031e-01  -2.223792821168899536e-01  4.516135454177856445e-01  2.751817703247070312e-01  2.161368298530578613e+01
6.629992723464965820e-01  3.896822631359100342e-01  -3.928652703762054443e-01  -2.662655115127563477e-01  4.748869240283966064e-01  2.483850568532943726e-01  2.166574406623840332e+01
6.133750081062316895e-01  3.896439075469970703e-01  -4.045363068580627441e-01  -2.856320142745971680e-01  4.832279384136199951e-01  2.171062231063842773e-01  2.170677590370178223e+01
5.736576914787292480e-01  3.924562036991119385e-01  -3.967002332210540771e-01  -2.945483028888702393e-01  4.753183424472808838e-01  1.975719332695007324e-01  2.174875187873840332e+01
5.395649671554565430e-01  4.003050923347473145e-01  -4.062748253345489502e-01  -3.081623613834381104e-01  4.676963686943054199e-01  1.845810413360595703e-01  2.178858995437622070e+01
4.894677102565765381e-01  4.030918180942535400e-01  -4.099819362163543701e-01  -3.178456127643585205e-01  4.586363136768341064e-01  1.631772071123123169e-01  2.183078694343566895e+01
4.564487636089324951e-01  4.020052552223205566e-01  -4.024526476860046387e-01  -3.297100067138671875e-01  4.394615590572357178e-01  1.473580300807952881e-01  2.186842894554138184e+01
4.193519949913024902e-01  3.984259665012359619e-01  -3.979274034500122070e-01  -3.336168527603149414e-01  4.217728376388549805e-01  1.311553567647933960e-01  2.190938997268676758e+01
3.865631520748138428e-01  3.821146190166473389e-01  -3.849780559539794922e-01  -3.244369626045227051e-01  3.968456387519836426e-01  1.235813349485397339e-01  2.194965887069702148e+01
3.342033028602600098e-01  3.517034649848937988e-01  -3.542856574058532715e-01  -3.078747391700744629e-01  3.557876944541931152e-01  1.040230765938758850e-01  2.199510908126831055e+01
3.131749629974365234e-01  3.323752880096435547e-01  -3.354816138744354248e-01  -2.906653881072998047e-01  3.241253495216369629e-01  9.561014920473098755e-02  2.203227496147155762e+01
2.728696167469024658e-01  3.019002079963684082e-01  -3.037793338298797607e-01  -2.693095207214355469e-01  2.946681380271911621e-01  8.228369057178497314e-02  2.207111597061157227e+01
2.283330410718917847e-01  2.649056911468505859e-01  -2.611602246761322021e-01  -2.354900240898132324e-01  2.474263161420822144e-01  6.708769500255584717e-02  2.212382388114929199e+01
2.006319016218185425e-01  2.348524630069732666e-01  -2.339576482772827148e-01  -2.120249122381210327e-01  2.198146581649780273e-01  5.793174728751182556e-02  2.217030501365661621e+01
1.792456656694412231e-01  2.234498709440231323e-01  -2.271186411380767822e-01  -2.114017307758331299e-01  1.999208480119705200e-01  5.536711961030960083e-02  2.220776295661926270e+01
-1.596618443727493286e-02  -3.272492438554763794e-03  1.278317300602793694e-03  -2.861833013594150543e-02  -2.924151020124554634e-03  2.243446931242942810e-02  2.302117800712585449e+01
7.529288996011018753e-03  -7.158577209338545799e-04  4.729774314910173416e-03  2.818689867854118347e-02  -8.149273344315588474e-04  -9.395632892847061157e-03  2.307767295837402344e+01
-6.020874716341495514e-03  -2.224272117018699646e-03  2.735599176958203316e-03  4.697816446423530579e-03  -6.471481756307184696e-04  -2.883404679596424103e-02  2.310511088371276855e+01
1.712945289909839630e-03  -2.307362854480743408e-02  2.937573194503784180e-02  3.238137811422348022e-02  -2.348908223211765289e-03  3.288471326231956482e-02  2.313917303085327148e+01
2.293301373720169067e-02  -7.786230742931365967e-02  9.623172879219055176e-02  -2.590989507734775543e-02  -1.390170189552009106e-03  1.279915310442447662e-02  2.317806005477905273e+01
3.880971297621726990e-02  -1.400780081748962402e-01  1.802299618721008301e-01  -4.021906107664108276e-02  -7.430219557136297226e-04  4.158526286482810974e-02  2.321599292755126953e+01
5.853415280580520630e-02  -2.136196196079254150e-01  2.750683128833770752e-01  -5.606220662593841553e-02  -4.793690168298780918e-04  6.071208417415618896e-02  2.326597905158996582e+01
6.766133755445480347e-02  -2.428930848836898804e-01  3.235293328762054443e-01  -6.481069326400756836e-02  -3.834952076431363821e-04  6.898120045661926270e-02  2.329521298408508301e+01
7.336263358592987061e-02  -2.850903272628784180e-01  3.724249899387359619e-01  -7.106645405292510986e-02  -3.115898580290377140e-04  7.403854280710220337e-02  2.332700204849243164e+01
7.774726301431655884e-02  -3.112702667713165283e-01  4.186617136001586914e-01  -7.648332417011260986e-02  -2.636529679875820875e-04  8.127702027559280396e-02  2.335738492012023926e+01
8.124984800815582275e-02  -3.268529772758483887e-01  4.381304979324340820e-01  -8.655007928609848022e-02  -2.396845084149390459e-04  8.456069231033325195e-02  2.339137005805969238e+01
8.932881802320480347e-02  -3.319790065288543701e-01  4.600791931152343750e-01  -9.510681033134460449e-02  -2.157160633942112327e-04  8.695753663778305054e-02  2.341917300224304199e+01
8.953334391117095947e-02  -3.353793323040008545e-01  4.695515334606170654e-01  -9.510681033134460449e-02  -1.917476038215681911e-04  9.050486981868743896e-02  2.345441198348999023e+01
8.837007731199264526e-02  -3.434710800647735596e-01  4.754062294960021973e-01  -9.827064722776412964e-02  -1.677791588008403778e-04  8.889898657798767090e-02  2.349133300781250000e+01
8.485470712184906006e-02  -3.433176875114440918e-01  4.736421406269073486e-01  -1.000922471284866333e-01  -1.438106992281973362e-04  8.853945881128311157e-02  2.353450703620910645e+01
8.788431435823440552e-02  -3.333084583282470703e-01  4.656910002231597900e-01  -9.817477315664291382e-02  -9.587380191078409553e-05  8.595086634159088135e-02  2.356792593002319336e+01
8.586457371711730957e-02  -3.346890509128570557e-01  4.477050900459289551e-01  -9.493903070688247681e-02  -9.587380191078409553e-05  8.163654059171676636e-02  2.360480904579162598e+01
7.510114461183547974e-02  -3.194642961025238037e-01  4.375808238983154297e-01  -9.445966780185699463e-02  -9.587380191078409553e-05  7.947938144207000732e-02  2.363706898689270020e+01
6.954046338796615601e-02  -3.118455111980438232e-01  4.134589731693267822e-01  -9.055280685424804688e-02  -9.587380191078409553e-05  7.564443349838256836e-02  2.367364192008972168e+01
6.909305602312088013e-02  -2.943453490734100342e-01  3.920215964317321777e-01  -8.158860355615615845e-02  -9.587380191078409553e-05  7.003581523895263672e-02  2.370638799667358398e+01
6.961715966463088989e-02  -2.818434238433837891e-01  3.694848418235778809e-01  -8.130098134279251099e-02  -9.587380191078409553e-05  6.397179514169692993e-02  2.374450492858886719e+01
5.942897498607635498e-02  -2.550498843193054199e-01  3.327587842941284180e-01  -7.713047415018081665e-02  2.876213984563946724e-04  6.040049716830253601e-02  2.378839302062988281e+01
5.284563824534416199e-02  -2.371022999286651611e-01  3.021303117275238037e-01  -7.147391885519027710e-02  9.683254174888134003e-03  5.471997335553169250e-02  2.382102298736572266e+01
4.702929407358169556e-02  -2.170071601867675781e-01  2.737644314765930176e-01  -6.727944314479827881e-02  2.159557491540908813e-02  4.683435335755348206e-02  2.386088705062866211e+01
4.345000535249710083e-02  -2.011304497718811035e-01  2.535798251628875732e-01  -5.939381942152976990e-02  -4.213653504848480225e-02  4.393417015671730042e-02  2.389523506164550781e+01
4.355227202177047729e-02  -1.797569841146469116e-01  2.362969666719436646e-01  -5.428854003548622131e-02  9.946906939148902893e-03  4.287955909967422485e-02  2.393220686912536621e+01
-5.113269435241818428e-04  1.482848078012466431e-03  -3.131877398118376732e-03  7.190534961409866810e-04  3.691141493618488312e-03  2.590989507734775543e-02  2.474051499366760254e+01
-3.451456723269075155e-04  1.789644244126975536e-03  -8.053399506025016308e-04  5.033374764025211334e-04  -2.159557491540908813e-02  -4.769721534103155136e-03  2.478631401062011719e+01
-2.684466307982802391e-04  9.587380336597561836e-04  -1.776861143298447132e-03  3.834952076431363821e-04  2.758768759667873383e-02  -1.656219922006130219e-02  2.481747007369995117e+01
-2.173139509977772832e-04  3.575453534722328186e-02  -4.966262727975845337e-02  1.893507665954530239e-03  -4.216050356626510620e-02  2.914563566446304321e-02  2.484894394874572754e+01
9.012137539684772491e-03  1.033903062343597412e-01  -1.562615185976028442e-01  3.834952041506767273e-02  -3.451457014307379723e-03  3.238137811422348022e-02  2.488361001014709473e+01
1.284708920866250992e-02  1.830167025327682495e-01  -2.587825655937194824e-01  6.739928573369979858e-02  1.960619352757930756e-02  -1.601092517375946045e-02  2.492506289482116699e+01
1.830550469458103180e-02  2.415636330842971802e-01  -3.587853312492370605e-01  9.119995683431625366e-02  2.847451902925968170e-02  3.238137811422348022e-02  2.496780490875244141e+01
2.271569892764091492e-02  2.950612008571624756e-01  -4.281084835529327393e-01  1.079299375414848328e-01  1.617870479822158813e-02  2.940928936004638672e-02  2.499934697151184082e+01
2.427524700760841370e-02  3.336024880409240723e-01  -4.975338876247406006e-01  1.180446222424507141e-01  -3.674363344907760620e-02  3.458647429943084717e-02  2.503370308876037598e+01
2.662735059857368469e-02  3.800053894519805908e-01  -5.690301656723022461e-01  1.377466917037963867e-01  -4.029096662998199463e-02  3.300455585122108459e-02  2.507166004180908203e+01
2.803349867463111877e-02  4.112986028194427490e-01  -6.311819553375244141e-01  1.502102762460708618e-01  -3.091930178925395012e-03  3.494600206613540649e-02  2.510796904563903809e+01
2.862152457237243652e-02  4.259864687919616699e-01  -6.696721315383911133e-01  1.612357646226882935e-01  -3.238137811422348022e-02  3.763046860694885254e-02  2.514134407043457031e+01
3.024498932063579559e-02  4.568194746971130371e-01  -6.974627375602722168e-01  1.690255105495452881e-01  2.581402100622653961e-02  3.532949462532997131e-02  2.517370986938476562e+01
2.885162271559238434e-02  4.708170592784881592e-01  -7.183376550674438477e-01  1.715661734342575073e-01  -4.290352575480937958e-03  3.422694653272628784e-02  2.520922708511352539e+01
3.326181694865226746e-02  4.778094589710235596e-01  -7.292544841766357422e-01  1.719017326831817627e-01  -4.429369792342185974e-02  3.722300380468368530e-02  2.524056386947631836e+01
2.890275605022907257e-02  4.762754738330841064e-01  -7.414496541023254395e-01  1.710628271102905273e-01  -9.012137539684772491e-03  3.566505387425422668e-02  2.527355909347534180e+01
3.015550598502159119e-02  4.975338876247406006e-01  -7.485570907592773438e-01  1.821841895580291748e-01  1.423725951462984085e-02  3.520965576171875000e-02  2.531148099899291992e+01
3.116537630558013916e-02  4.952968358993530273e-01  -7.520468831062316895e-01  1.888713985681533813e-01  -3.837348893284797668e-02  3.556917980313301086e-02  2.534471392631530762e+01
3.148495778441429138e-02  4.999626874923706055e-01  -7.429069280624389648e-01  1.883920282125473022e-01  1.430916506797075272e-02  3.022421710193157196e-02  2.537999391555786133e+01
3.053900226950645447e-02  4.864380955696105957e-01  -7.356588244438171387e-01  1.849645376205444336e-01  3.187804017215967178e-03  2.897785790264606476e-02  2.542086100578308105e+01
2.628220431506633759e-02  4.804939329624176025e-01  -7.145155072212219238e-01  1.885598003864288330e-01  -4.625910893082618713e-03  3.012834303081035614e-02  2.545572209358215332e+01
2.554078027606010437e-02  4.691936075687408447e-01  -6.839637160301208496e-01  1.812494248151779175e-01  3.238137811422348022e-02  2.667688578367233276e-02  2.549201893806457520e+01
2.160356380045413971e-02  4.549787044525146484e-01  -6.522870063781738281e-01  1.781574934720993042e-01  -4.194478970021009445e-03  2.399241924285888672e-02  2.552883291244506836e+01
2.412184886634349823e-02  4.295401871204376221e-01  -6.264010667800903320e-01  1.712306141853332520e-01  -3.238137811422348022e-02  2.085255272686481476e-02  2.555724287033081055e+01
2.156521379947662354e-02  4.076681733131408691e-01  -5.742456912994384766e-01  1.622184813022613525e-01  -4.323908686637878418e-02  1.711347326636314392e-02  2.559831094741821289e+01
2.061925828456878662e-02  3.906665742397308350e-01  -5.357939600944519043e-01  1.530864983797073364e-01  4.290352575480937958e-03  1.577123999595642090e-02  2.563386988639831543e+01
1.807540655136108398e-02  3.725528120994567871e-01  -5.009214282035827637e-01  1.485804319381713867e-01  -2.590989507734775543e-02  3.930826112627983093e-02  2.567370700836181641e+01
1.840776950120925903e-02  3.443659245967864990e-01  -4.646939337253570557e-01  1.447215080261230469e-01  -2.885801531374454498e-02  1.289502624422311783e-02  2.571386504173278809e+01
1.521197613328695297e-02  3.239895403385162354e-01  -4.305884242057800293e-01  1.318744122982025146e-01  -4.817658569663763046e-03  1.289502624422311783e-02  2.575150704383850098e+01
1.614514738321304321e-02  2.977201044559478760e-01  -3.953707814216613770e-01  1.223829090595245361e-01  -5.129248369485139847e-03  2.497512660920619965e-02  2.578844809532165527e+01
1.595340110361576080e-02  2.852437198162078857e-01  -3.595267534255981445e-01  1.105185300111770630e-01  -4.213653504848480225e-02  2.562227472662925720e-02  2.582078695297241211e+01
1.311553642153739929e-02  2.580411434173583984e-01  -3.155909776687622070e-01  1.019378229975700378e-01  1.212803646922111511e-02  1.438107062131166458e-02  2.585926508903503418e+01
1.099352911114692688e-02  2.313370853662490845e-01  -2.884395122528076172e-01  9.448363631963729858e-02  -4.947088286280632019e-02  3.163835406303405762e-02  2.589614987373352051e+01
1.176051981747150421e-02  2.153453379869461060e-01  -2.653658986091613770e-01  8.707737922668457031e-02  -9.323727339506149292e-03  2.106826752424240112e-02  2.592861294746398926e+01
9.932525455951690674e-03  2.038149237632751465e-01  -2.441074848175048828e-01  8.616658300161361694e-02  2.811499312520027161e-02  5.848302040249109268e-03  2.595995688438415527e+01
1.533980830572545528e-04  -1.418932224623858929e-03  2.275404985994100571e-03  -1.821602229028940201e-03  -3.238137811422348022e-02  -8.317052386701107025e-03  2.677985405921936035e+01
1.150485622929409146e-04  -9.459548164159059525e-04  7.797735743224620819e-04  -7.190534961409866810e-04  5.009406246244907379e-03  2.996056340634822845e-03  2.685806107521057129e+01
2.224272117018699646e-02  -1.199189499020576477e-01  1.331878900527954102e-01  -8.269115537405014038e-02  -8.695753663778305054e-02  -1.119566336274147034e-01  2.693874096870422363e+01
9.895454347133636475e-02  -5.195593237876892090e-01  5.921804904937744141e-01  -1.555552482604980469e-01  6.200638040900230408e-02  -5.117504000663757324e-01  2.702797698974609375e+01
1.969759166240692139e-01  -7.062575817108154297e-01  7.913295626640319824e-01  1.714942604303359985e-01  5.990914106369018555e-01  -6.515823602676391602e-01  2.710883998870849609e+01
-3.015550598502159119e-02  -8.252049684524536133e-01  9.189823269844055176e-01  3.708878159523010254e-01  3.655188679695129395e-01  -6.816387772560119629e-01  2.720514488220214844e+01
-3.411956727504730225e-01  -9.071067571640014648e-01  1.008093833923339844e+00  2.660498023033142090e-01  -3.339763879776000977e-01  -7.202759385108947754e-01  2.730290007591247559e+01
-2.981930971145629883e-01  -9.118877053260803223e-01  1.017463922500610352e+00  1.482448726892471313e-01  -4.954039156436920166e-01  -7.398821115493774414e-01  2.735819101333618164e+01
-2.261471152305603027e-01  -8.787153363227844238e-01  9.983019232749938965e-01  1.874093115329742432e-01  -3.687785863876342773e-01  -7.404094338417053223e-01  2.741143703460693359e+01
-2.711950242519378662e-01  -8.519729375839233398e-01  9.614991545677185059e-01  2.210610210895538330e-01  -1.950552463531494141e-01  -7.504761815071105957e-01  2.746172308921813965e+01
-3.749560415744781494e-01  -8.478823304176330566e-01  9.394354224205017090e-01  2.242727875709533691e-01  -9.848636388778686523e-02  -7.657200694084167480e-01  2.750190401077270508e+01
-5.103298425674438477e-01  -7.977851033210754395e-01  9.100213646888732910e-01  2.116414159536361694e-01  -2.360892482101917267e-02  -7.841278910636901855e-01  2.754700994491577148e+01
-6.058201789855957031e-01  -7.681664824485778809e-01  8.817321658134460449e-01  1.900218725204467773e-01  1.883920282125473022e-02  -7.869321703910827637e-01  2.759126687049865723e+01
-6.907387971878051758e-01  -7.321434617042541504e-01  8.358533382415771484e-01  1.438586413860321045e-01  5.148423090577125549e-02  -7.946500182151794434e-01  2.763085508346557617e+01
-7.893098592758178711e-01  -6.742612719535827637e-01  7.690868377685546875e-01  9.702429175376892090e-02  7.454188168048858643e-02  -7.887538075447082520e-01  2.767571997642517090e+01
-8.594766855239868164e-01  -6.192297339439392090e-01  7.040588259696960449e-01  5.232312902808189392e-02  8.676578849554061890e-02  -7.869561314582824707e-01  2.771707391738891602e+01
-9.896477460861206055e-01  -5.504050850868225098e-01  6.432109475135803223e-01  -1.486043911427259445e-03  8.429703861474990845e-02  -7.884421944618225098e-01  2.776376795768737793e+01
-1.065234661102294922e+00  -5.009853243827819824e-01  5.888441205024719238e-01  -4.872785881161689758e-02  8.458466082811355591e-02  -7.851585149765014648e-01  2.780710792541503906e+01
-1.175348877906799316e+00  -4.263060390949249268e-01  5.163123607635498047e-01  -9.882192313671112061e-02  6.924485415220260620e-02  -7.786151170730590820e-01  2.785105299949645996e+01
-1.210004091262817383e+00  -3.747259378433227539e-01  4.514122009277343750e-01  -1.431635618209838867e-01  5.826730281114578247e-02  -7.745165228843688965e-01  2.789656090736389160e+01
-1.258477807044982910e+00  -3.138013482093811035e-01  3.999471366405487061e-01  -1.697685420513153076e-01  4.714594408869743347e-02  -7.524415850639343262e-01  2.793010187149047852e+01
-1.256355881690979004e+00  -2.646756172180175781e-01  3.375780582427978516e-01  -2.087891697883605957e-01  4.249606281518936157e-02  -7.321642637252807617e-01  2.797638106346130371e+01
-1.239060282707214355e+00  -2.007341682910919189e-01  2.813320755958557129e-01  -2.411945164203643799e-01  2.356098778545856476e-02  -7.030905485153198242e-01  2.802140188217163086e+01
-1.214810490608215332e+00  -1.502150744199752808e-01  2.374730110168457031e-01  -2.554797232151031494e-01  1.078580319881439209e-02  -6.761739850044250488e-01  2.806358194351196289e+01
-1.179848551750183105e+00  -1.024060025811195374e-01  1.873885393142700195e-01  -2.797597646713256836e-01  1.617870479822158813e-02  -6.414915919303894043e-01  2.810739588737487793e+01
-1.064710497856140137e+00  -4.275971651077270508e-02  1.280107051134109497e-01  -2.972567379474639893e-01  -3.595267655327916145e-03  -5.968623757362365723e-01  2.817372608184814453e+01
-1.002724885940551758e+00  -5.790777504444122314e-03  9.641069173812866211e-02  -3.008040487766265869e-01  2.159557491540908813e-02  -5.577458739280700684e-01  2.821248197555541992e+01
-9.450855851173400879e-01  2.341877296566963196e-02  6.610178947448730469e-02  -3.085698485374450684e-01  -1.850364357233047485e-02  -5.252206325531005859e-01  2.825071191787719727e+01
-8.762609958648681641e-01  4.402524977922439575e-02  4.314320906996726990e-02  -3.031289875507354736e-01  0.000000000000000000e+00  -5.018514394760131836e-01  2.829632091522216797e+01
-7.975293993949890137e-01  7.597040385007858276e-02  1.767912879586219788e-02  -3.125006556510925293e-01  -7.334345951676368713e-03  -4.650838077068328857e-01  2.834283900260925293e+01
-7.478156685829162598e-01  1.037482395768165588e-01  -4.985437844879925251e-04  -3.133395612239837646e-01  -4.053065180778503418e-02  -4.421939551830291748e-01  2.838344502449035645e+01
-7.053754925727844238e-01  1.143710538744926453e-01  -1.811375655233860016e-02  -3.119493722915649414e-01  -3.041596338152885437e-02  -4.286038279533386230e-01  2.841309785842895508e+01
-6.505740284919738770e-01  1.255435496568679810e-01  -2.992540970444679260e-02  -3.105831742286682129e-01  -2.940928936004638672e-02  -3.981878757476806641e-01  2.845019698143005371e+01
-5.923978090286254883e-01  1.396050453186035156e-01  -3.797880932688713074e-02  -2.977600693702697754e-01  -3.235740959644317627e-02  -3.780304193496704102e-01  2.848287200927734375e+01
-5.578193664550781250e-01  1.393238008022308350e-01  -4.414029791951179504e-02  -2.898504734039306641e-01  -2.857039310038089752e-02  -3.591912090778350830e-01  2.851406502723693848e+01
-5.180764794349670410e-01  1.377003490924835205e-01  -4.880615696310997009e-02  -2.820847034454345703e-01  -2.794721350073814392e-02  -3.393932580947875977e-01  2.854417490959167480e+01
-4.560013711452484131e-01  1.485916078090667725e-01  -5.577298626303672791e-02  -2.694053947925567627e-01  -2.938532084226608276e-02  -3.160240352153778076e-01  2.858042097091674805e+01
-4.227523207664489746e-01  1.424684673547744751e-01  -5.932670831680297852e-02  -2.578046619892120361e-01  -3.477822244167327881e-02  -2.915042936801910400e-01  2.861070799827575684e+01
-3.633361458778381348e-01  1.442069858312606812e-01  -6.392864882946014404e-02  -2.414342015981674194e-01  -3.123089112341403961e-02  -2.611362636089324951e-01  2.865643501281738281e+01
-3.297547399997711182e-01  1.367799639701843262e-01  -6.078398972749710083e-02  -2.271490097045898438e-01  -2.828277274966239929e-02  -2.372157573699951172e-01  2.869644188880920410e+01
-2.866370975971221924e-01  1.346835196018218994e-01  -6.082233786582946777e-02  -2.094602882862091064e-01  -2.809102460741996765e-02  -2.129117548465728760e-01  2.873535299301147461e+01
-2.554717361927032471e-01  1.234087571501731873e-01  -5.705130472779273987e-02  -1.924187242984771729e-01  -1.838380098342895508e-02  -1.869059801101684570e-01  2.877088093757629395e+01
-2.187712341547012329e-01  1.144349724054336548e-01  -5.294790491461753845e-02  -1.776062250137329102e-01  -1.430916506797075272e-02  -1.721653789281845093e-01  2.880783605575561523e+01
-2.076243013143539429e-01  1.172472685575485229e-01  -5.324191600084304810e-02  -1.709909290075302124e-01  -1.850364357233047485e-02  -1.642318218946456909e-01  2.884204101562500000e+01
