tif_tot   t1   iter_no
1.213777308202037997e+00  0.000000000000000000e+00  1.000000000000000000e+00
1.162654162383415235e+00  7.762694358825683594e-02  2.000000000000000000e+00
1.131018528320437699e+00  1.619551181793212891e-01  3.000000000000000000e+00
1.117181778808097992e+00  2.388510704040527344e-01  4.000000000000000000e+00
1.075311927728579864e+00  3.064451217651367188e-01  5.000000000000000000e+00
1.078550447968610326e+00  3.609459400177001953e-01  6.000000000000000000e+00
1.060466772779702582e+00  4.079871177673339844e-01  7.000000000000000000e+00
1.049286031622563176e+00  4.644799232482910156e-01  8.000000000000000000e+00
1.033529598564274288e+00  5.167679786682128906e-01  9.000000000000000000e+00
1.020504113284346870e+00  5.760729312896728516e-01  1.000000000000000000e+01
1.009657698864394604e+00  6.309270858764648438e-01  1.100000000000000000e+01
1.000429395037148783e+00  6.727991104125976562e-01  1.200000000000000000e+01
9.902861170189936058e-01  7.244861125946044922e-01  1.300000000000000000e+01
9.802481464796246602e-01  7.697420120239257812e-01  1.400000000000000000e+01
9.704394034748611286e-01  8.128979206085205078e-01  1.500000000000000000e+01
9.604916335844890796e-01  8.553919792175292969e-01  1.600000000000000000e+01
9.481362837197926385e-01  9.130499362945556641e-01  1.700000000000000000e+01
9.365822006128529109e-01  9.525921344757080078e-01  1.800000000000000000e+01
9.231726630143314294e-01  1.004529953002929688e+00  1.900000000000000000e+01
9.074317585281672649e-01  1.041439056396484375e+00  2.000000000000000000e+01
8.871870906500445297e-01  1.078649044036865234e+00  2.100000000000000000e+01
8.614106181099445703e-01  1.122757911682128906e+00  2.200000000000000000e+01
8.405189228697012016e-01  1.172131061553955078e+00  2.300000000000000000e+01
8.223628514759198094e-01  1.216690063476562500e+00  2.400000000000000000e+01
8.028066873349580801e-01  1.257326126098632812e+00  2.500000000000000000e+01
7.835058733985273971e-01  1.299081087112426758e+00  2.600000000000000000e+01
7.655244109180787682e-01  1.336597919464111328e+00  2.700000000000000000e+01
7.480614594888239655e-01  1.374490022659301758e+00  2.800000000000000000e+01
7.308108223415055171e-01  1.415636062622070312e+00  2.900000000000000000e+01
7.146059341490602623e-01  1.458997964859008789e+00  3.000000000000000000e+01
6.993769724992320302e-01  1.501100063323974609e+00  3.100000000000000000e+01
6.819054223924106983e-01  1.548444032669067383e+00  3.200000000000000000e+01
6.616091749528784094e-01  1.593266963958740234e+00  3.300000000000000000e+01
6.418355178264276706e-01  1.642514944076538086e+00  3.400000000000000000e+01
6.233010917550522167e-01  1.680409908294677734e+00  3.500000000000000000e+01
6.037747620765696599e-01  1.724509954452514648e+00  3.600000000000000000e+01
5.872056237161065173e-01  1.761847019195556641e+00  3.700000000000000000e+01
5.694384930551508184e-01  1.807368993759155273e+00  3.800000000000000000e+01
5.541453968989725754e-01  1.843822002410888672e+00  3.900000000000000000e+01
5.387307510198873217e-01  1.879075050354003906e+00  4.000000000000000000e+01
5.257168271692351791e-01  1.914835929870605469e+00  4.100000000000000000e+01
5.146719337473886213e-01  1.939223051071166992e+00  4.200000000000000000e+01
5.036478698267577991e-01  1.970659971237182617e+00  4.300000000000000000e+01
4.900381098148396397e-01  2.008872032165527344e+00  4.400000000000000000e+01
1.175989833059411627e+00  2.819404125213623047e+00  4.500000000000000000e+01
1.227319745734909429e+00  2.889881134033203125e+00  4.600000000000000000e+01
1.217003862755172472e+00  2.972275972366333008e+00  4.700000000000000000e+01
1.214981240526989748e+00  3.047269105911254883e+00  4.800000000000000000e+01
1.209344451335906623e+00  3.124273061752319336e+00  4.900000000000000000e+01
1.206461082255939621e+00  3.176687002182006836e+00  5.000000000000000000e+01
1.203979207734593881e+00  3.234429121017456055e+00  5.100000000000000000e+01
1.175482797567634075e+00  3.307126045227050781e+00  5.200000000000000000e+01
1.136067415139261350e+00  3.400244951248168945e+00  5.300000000000000000e+01
1.112659189783375080e+00  3.472902059555053711e+00  5.400000000000000000e+01
1.096182742398248866e+00  3.517270088195800781e+00  5.500000000000000000e+01
1.054679222028934493e+00  3.570809125900268555e+00  5.600000000000000000e+01
1.028576157281895664e+00  3.625555992126464844e+00  5.700000000000000000e+01
1.013634718053507244e+00  3.673273086547851562e+00  5.800000000000000000e+01
9.976243898780385866e-01  3.708769083023071289e+00  5.900000000000000000e+01
9.769273832001359459e-01  3.759491920471191406e+00  6.000000000000000000e+01
9.613917689417167400e-01  3.813966035842895508e+00  6.100000000000000000e+01
9.470958322833138432e-01  3.857499122619628906e+00  6.200000000000000000e+01
9.301110171788193881e-01  3.904251098632812500e+00  6.300000000000000000e+01
9.065629540387953877e-01  3.950891971588134766e+00  6.400000000000000000e+01
8.790847065047986408e-01  3.999288082122802734e+00  6.500000000000000000e+01
8.580181611438297828e-01  4.045838117599487305e+00  6.600000000000000000e+01
8.425410033399043375e-01  4.086264133453369141e+00  6.700000000000000000e+01
8.257940690573657427e-01  4.129485130310058594e+00  6.800000000000000000e+01
8.079077421821537763e-01  4.172964096069335938e+00  6.900000000000000000e+01
7.909864591566982961e-01  4.217416048049926758e+00  7.000000000000000000e+01
7.748872772306392154e-01  4.255203008651733398e+00  7.100000000000000000e+01
7.578196732594066898e-01  4.300692081451416016e+00  7.200000000000000000e+01
7.401992496129957688e-01  4.348093986511230469e+00  7.300000000000000000e+01
7.252323854309090656e-01  4.385823965072631836e+00  7.400000000000000000e+01
7.097792253479567881e-01  4.423205137252807617e+00  7.500000000000000000e+01
6.929671058517572479e-01  4.471358060836791992e+00  7.600000000000000000e+01
6.766753374128632315e-01  4.514864921569824219e+00  7.700000000000000000e+01
6.579020000540540813e-01  4.558875083923339844e+00  7.800000000000000000e+01
6.394919693163784169e-01  4.596605062484741211e+00  7.900000000000000000e+01
6.215794066880329094e-01  4.637047052383422852e+00  8.000000000000000000e+01
6.055592337214772414e-01  4.675396919250488281e+00  8.100000000000000000e+01
5.870417843605340025e-01  4.716756105422973633e+00  8.200000000000000000e+01
5.679377333310106080e-01  4.770008087158203125e+00  8.300000000000000000e+01
5.488674489217109098e-01  4.815212965011596680e+00  8.400000000000000000e+01
5.301128920617766971e-01  4.865121126174926758e+00  8.500000000000000000e+01
5.145546865503930478e-01  4.901504993438720703e+00  8.600000000000000000e+01
4.995571820611167668e-01  4.942274093627929688e+00  8.700000000000000000e+01
1.203040584192624607e+00  5.770046949386596680e+00  8.800000000000000000e+01
1.181863873869145376e+00  5.845366954803466797e+00  8.900000000000000000e+01
1.167872489300716854e+00  5.942909955978393555e+00  9.000000000000000000e+01
1.182320477351976207e+00  6.033246994018554688e+00  9.100000000000000000e+01
1.155461206351010350e+00  6.128037929534912109e+00  9.200000000000000000e+01
1.110700559674395960e+00  6.209948062896728516e+00  9.300000000000000000e+01
1.097097148207102357e+00  6.279330015182495117e+00  9.400000000000000000e+01
1.083328740054704031e+00  6.330522060394287109e+00  9.500000000000000000e+01
1.066187520824133372e+00  6.376608133316040039e+00  9.600000000000000000e+01
1.050727215711418694e+00  6.434371948242187500e+00  9.700000000000000000e+01
1.038305954399045383e+00  6.493238925933837891e+00  9.800000000000000000e+01
1.028695620109455033e+00  6.551938056945800781e+00  9.900000000000000000e+01
1.020126692348486852e+00  6.621366977691650391e+00  1.000000000000000000e+02
1.004388593813415609e+00  6.671046018600463867e+00  1.010000000000000000e+02
9.939946567889694773e-01  6.725064992904663086e+00  1.020000000000000000e+02
9.814456026833431324e-01  6.787094116210937500e+00  1.030000000000000000e+02
9.705712035717067865e-01  6.839424133300781250e+00  1.040000000000000000e+02
9.617988079398953616e-01  6.890905141830444336e+00  1.050000000000000000e+02
9.494530217365284575e-01  6.942469120025634766e+00  1.060000000000000000e+02
9.355986572376937538e-01  7.012915134429931641e+00  1.070000000000000000e+02
9.236368013723016412e-01  7.058661937713623047e+00  1.080000000000000000e+02
9.099207253321449640e-01  7.097594976425170898e+00  1.090000000000000000e+02
8.899827957158814584e-01  7.141798973083496094e+00  1.100000000000000000e+02
8.597549192567046639e-01  7.188193082809448242e+00  1.110000000000000000e+02
8.341750344604323963e-01  7.262525081634521484e+00  1.120000000000000000e+02
8.119943055254801312e-01  7.309572935104370117e+00  1.130000000000000000e+02
7.908196545955997747e-01  7.356182098388671875e+00  1.140000000000000000e+02
7.695797289664383367e-01  7.398355960845947266e+00  1.150000000000000000e+02
7.483855558602554581e-01  7.438699007034301758e+00  1.160000000000000000e+02
7.279581634654372913e-01  7.490272045135498047e+00  1.170000000000000000e+02
7.074124951647116077e-01  7.540199995040893555e+00  1.180000000000000000e+02
6.892852558250989192e-01  7.579401016235351562e+00  1.190000000000000000e+02
6.730298526179218088e-01  7.618016958236694336e+00  1.200000000000000000e+02
6.551394728695927316e-01  7.664809942245483398e+00  1.210000000000000000e+02
6.393525477896984111e-01  7.698122024536132812e+00  1.220000000000000000e+02
6.236338736407585071e-01  7.730406045913696289e+00  1.230000000000000000e+02
6.075845936673713865e-01  7.764045000076293945e+00  1.240000000000000000e+02
5.911372120861153601e-01  7.804390907287597656e+00  1.250000000000000000e+02
5.765275571254975251e-01  7.837167024612426758e+00  1.260000000000000000e+02
5.614774205978479982e-01  7.880043029785156250e+00  1.270000000000000000e+02
5.467841357301165273e-01  7.918767929077148438e+00  1.280000000000000000e+02
5.332317562813845280e-01  7.948722124099731445e+00  1.290000000000000000e+02
5.207585117452129264e-01  7.982350111007690430e+00  1.300000000000000000e+02
5.096633573835015474e-01  8.016704082489013672e+00  1.310000000000000000e+02
4.972468065129173054e-01  8.043692111968994141e+00  1.320000000000000000e+02
1.199215209346899069e+00  8.873434066772460938e+00  1.330000000000000000e+02
1.250241270622802547e+00  8.956838130950927734e+00  1.340000000000000000e+02
1.247751024004614351e+00  9.025103092193603516e+00  1.350000000000000000e+02
1.242706157971525283e+00  9.097414970397949219e+00  1.360000000000000000e+02
1.230892674773635953e+00  9.166579961776733398e+00  1.370000000000000000e+02
1.221621949007113628e+00  9.224725008010864258e+00  1.380000000000000000e+02
1.201526554403694380e+00  9.280334949493408203e+00  1.390000000000000000e+02
1.149970029628568424e+00  9.362565994262695312e+00  1.400000000000000000e+02
1.133305390106554622e+00  9.428997039794921875e+00  1.410000000000000000e+02
1.092355994487386628e+00  9.493087053298950195e+00  1.420000000000000000e+02
1.067242734600348797e+00  9.561224937438964844e+00  1.430000000000000000e+02
1.032391867489308668e+00  9.620378017425537109e+00  1.440000000000000000e+02
1.007989038828408512e+00  9.678735017776489258e+00  1.450000000000000000e+02
9.891001100399143819e-01  9.728518009185791016e+00  1.460000000000000000e+02
9.787798618472096646e-01  9.790163993835449219e+00  1.470000000000000000e+02
9.752883835440085969e-01  9.845021963119506836e+00  1.480000000000000000e+02
9.653278802433368222e-01  9.911456108093261719e+00  1.490000000000000000e+02
9.467930973590195087e-01  9.972082138061523438e+00  1.500000000000000000e+02
9.219180581070918201e-01  1.002382493019104004e+01  1.510000000000000000e+02
8.873328584431482424e-01  1.010520100593566895e+01  1.520000000000000000e+02
8.613525911059380924e-01  1.015255212783813477e+01  1.530000000000000000e+02
8.962619144985217723e-01  1.019730401039123535e+01  1.540000000000000000e+02
8.714212784967381165e-01  1.029086995124816895e+01  1.550000000000000000e+02
8.219283529536287602e-01  1.035160398483276367e+01  1.560000000000000000e+02
7.828383615173380994e-01  1.042228198051452637e+01  1.570000000000000000e+02
7.569589053856372596e-01  1.047647404670715332e+01  1.580000000000000000e+02
7.373367022063688214e-01  1.051653194427490234e+01  1.590000000000000000e+02
7.216010022108654276e-01  1.055180597305297852e+01  1.600000000000000000e+02
7.060439486822667199e-01  1.058931303024291992e+01  1.610000000000000000e+02
6.907248414565454464e-01  1.062902092933654785e+01  1.620000000000000000e+02
6.768193658894974263e-01  1.066574907302856445e+01  1.630000000000000000e+02
6.605506784507735318e-01  1.070836400985717773e+01  1.640000000000000000e+02
6.444663488452149203e-01  1.074491596221923828e+01  1.650000000000000000e+02
6.282091363784050309e-01  1.078342700004577637e+01  1.660000000000000000e+02
6.093906986684902716e-01  1.083746194839477539e+01  1.670000000000000000e+02
5.916166061648890917e-01  1.087802290916442871e+01  1.680000000000000000e+02
5.726779938806014769e-01  1.091865897178649902e+01  1.690000000000000000e+02
5.552458561822424254e-01  1.096318411827087402e+01  1.700000000000000000e+02
5.376169778975733449e-01  1.101318693161010742e+01  1.710000000000000000e+02
5.199938512613473396e-01  1.105711102485656738e+01  1.720000000000000000e+02
5.044384230048871709e-01  1.110032200813293457e+01  1.730000000000000000e+02
4.877298393807988353e-01  1.113540005683898926e+01  1.740000000000000000e+02
1.171612354087889774e+00  1.194332408905029297e+01  1.750000000000000000e+02
1.212194744946757163e+00  1.202399110794067383e+01  1.760000000000000000e+02
1.211006186213105407e+00  1.210181403160095215e+01  1.770000000000000000e+02
1.206960789093040720e+00  1.216559696197509766e+01  1.780000000000000000e+02
1.118852790564069277e+00  1.226371097564697266e+01  1.790000000000000000e+02
1.124084937511428350e+00  1.231108808517456055e+01  1.800000000000000000e+02
1.161344686908416524e+00  1.239359402656555176e+01  1.810000000000000000e+02
1.149535898379876464e+00  1.249312090873718262e+01  1.820000000000000000e+02
1.096074861646866516e+00  1.258982110023498535e+01  1.830000000000000000e+02
1.090888439138044008e+00  1.266592097282409668e+01  1.840000000000000000e+02
1.060406094564163570e+00  1.276715111732482910e+01  1.850000000000000000e+02
1.044993322893832843e+00  1.282970094680786133e+01  1.860000000000000000e+02
1.034596967450234661e+00  1.288794994354248047e+01  1.870000000000000000e+02
1.023479841176217153e+00  1.293695712089538574e+01  1.880000000000000000e+02
1.009589843685064103e+00  1.298165011405944824e+01  1.890000000000000000e+02
9.973530902029066336e-01  1.304003095626831055e+01  1.900000000000000000e+02
9.857148282676697626e-01  1.309574198722839355e+01  1.910000000000000000e+02
9.755354120302667242e-01  1.313804697990417480e+01  1.920000000000000000e+02
9.653027659954418471e-01  1.318129491806030273e+01  1.930000000000000000e+02
9.545025009695677909e-01  1.322228407859802246e+01  1.940000000000000000e+02
9.443415036224980241e-01  1.326167702674865723e+01  1.950000000000000000e+02
9.327306307944513986e-01  1.331139993667602539e+01  1.960000000000000000e+02
9.203114389958362285e-01  1.335222506523132324e+01  1.970000000000000000e+02
9.070894710066665922e-01  1.341092109680175781e+01  1.980000000000000000e+02
8.767536428617531685e-01  1.346510791778564453e+01  1.990000000000000000e+02
8.476328590291253295e-01  1.352694797515869141e+01  2.000000000000000000e+02
8.262996248460900972e-01  1.357418298721313477e+01  2.010000000000000000e+02
8.031922033544878214e-01  1.362416005134582520e+01  2.020000000000000000e+02
7.830399497340155834e-01  1.366653800010681152e+01  2.030000000000000000e+02
7.630517313454814321e-01  1.370980811119079590e+01  2.040000000000000000e+02
7.441440436162307659e-01  1.375008606910705566e+01  2.050000000000000000e+02
7.222671648686952439e-01  1.380340600013732910e+01  2.060000000000000000e+02
7.012263111413432615e-01  1.385153198242187500e+01  2.070000000000000000e+02
6.804923890650623752e-01  1.389969897270202637e+01  2.080000000000000000e+02
6.608337842324814027e-01  1.395291709899902344e+01  2.090000000000000000e+02
6.399734114751037817e-01  1.399892497062683105e+01  2.100000000000000000e+02
6.210840120308711576e-01  1.403816294670104980e+01  2.110000000000000000e+02
6.030255498604621955e-01  1.407812690734863281e+01  2.120000000000000000e+02
5.873643630444020935e-01  1.411504793167114258e+01  2.130000000000000000e+02
5.705426392165839911e-01  1.414819812774658203e+01  2.140000000000000000e+02
5.537917145429778198e-01  1.418838310241699219e+01  2.150000000000000000e+02
5.391750117320361912e-01  1.423162412643432617e+01  2.160000000000000000e+02
5.256635945777334840e-01  1.426047992706298828e+01  2.170000000000000000e+02
5.115598933958214189e-01  1.430214500427246094e+01  2.180000000000000000e+02
4.982076729562149309e-01  1.433685803413391113e+01  2.190000000000000000e+02
1.186047870441323537e+00  1.515551209449768066e+01  2.200000000000000000e+02
1.246601917573709528e+00  1.524864602088928223e+01  2.210000000000000000e+02
1.238206510300944974e+00  1.533815002441406250e+01  2.220000000000000000e+02
1.232610655188728810e+00  1.540936899185180664e+01  2.230000000000000000e+02
1.227261926056806285e+00  1.547365307807922363e+01  2.240000000000000000e+02
1.223937473678522014e+00  1.553544807434082031e+01  2.250000000000000000e+02
1.221525312128092899e+00  1.559857797622680664e+01  2.260000000000000000e+02
1.220130189020009803e+00  1.565422701835632324e+01  2.270000000000000000e+02
1.220237096462250648e+00  1.571668100357055664e+01  2.280000000000000000e+02
1.221381599872194634e+00  1.576622295379638672e+01  2.290000000000000000e+02
1.224192400859944296e+00  1.583200311660766602e+01  2.300000000000000000e+02
1.228312584680199659e+00  1.589384603500366211e+01  2.310000000000000000e+02
1.187050675820661816e+00  1.597581911087036133e+01  2.320000000000000000e+02
1.123723807504927841e+00  1.607057094573974609e+01  2.330000000000000000e+02
1.080631559349613413e+00  1.612639212608337402e+01  2.340000000000000000e+02
1.036373431319168814e+00  1.617182898521423340e+01  2.350000000000000000e+02
1.006085736392296148e+00  1.622542309761047363e+01  2.360000000000000000e+02
9.860098916325148455e-01  1.626827812194824219e+01  2.370000000000000000e+02
9.685728641156974295e-01  1.630483913421630859e+01  2.380000000000000000e+02
9.504228169879774812e-01  1.634254598617553711e+01  2.390000000000000000e+02
9.307686060099823466e-01  1.638746595382690430e+01  2.400000000000000000e+02
9.122577349924665402e-01  1.642761301994323730e+01  2.410000000000000000e+02
8.958766561802772310e-01  1.647068810462951660e+01  2.420000000000000000e+02
8.802162005907074871e-01  1.650758314132690430e+01  2.430000000000000000e+02
8.661567802085459178e-01  1.654608201980590820e+01  2.440000000000000000e+02
8.501395061688670207e-01  1.658937811851501465e+01  2.450000000000000000e+02
8.360957772409018940e-01  1.662669992446899414e+01  2.460000000000000000e+02
8.217156098434019729e-01  1.665927410125732422e+01  2.470000000000000000e+02
8.091737435556412006e-01  1.669600892066955566e+01  2.480000000000000000e+02
7.974248478431884557e-01  1.673120808601379395e+01  2.490000000000000000e+02
7.852118508224508187e-01  1.675722813606262207e+01  2.500000000000000000e+02
7.615129676133089998e-01  1.684722495079040527e+01  2.510000000000000000e+02
7.426987074538832223e-01  1.688027596473693848e+01  2.520000000000000000e+02
7.253356023785522133e-01  1.691921997070312500e+01  2.530000000000000000e+02
7.085908476929785316e-01  1.695599699020385742e+01  2.540000000000000000e+02
6.939422171811164830e-01  1.699517393112182617e+01  2.550000000000000000e+02
6.787901067880144357e-01  1.703400611877441406e+01  2.560000000000000000e+02
6.626749516695029651e-01  1.707053303718566895e+01  2.570000000000000000e+02
6.460104803823571995e-01  1.711478710174560547e+01  2.580000000000000000e+02
6.273551129745170707e-01  1.715695500373840332e+01  2.590000000000000000e+02
6.089581985393446306e-01  1.720014595985412598e+01  2.600000000000000000e+02
5.908305013425646512e-01  1.723815202713012695e+01  2.610000000000000000e+02
5.735689345686885154e-01  1.728150391578674316e+01  2.620000000000000000e+02
5.564598507912514869e-01  1.732110500335693359e+01  2.630000000000000000e+02
5.399091263457331813e-01  1.735966205596923828e+01  2.640000000000000000e+02
5.240269117707392343e-01  1.740154409408569336e+01  2.650000000000000000e+02
5.077204595161568523e-01  1.745076012611389160e+01  2.660000000000000000e+02
4.879312425972716083e-01  1.749696803092956543e+01  2.670000000000000000e+02
1.212545367701380439e+00  1.830704903602600098e+01  2.680000000000000000e+02
1.125243060175758369e+00  1.838061594963073730e+01  2.690000000000000000e+02
1.141565238626041978e+00  1.848826193809509277e+01  2.700000000000000000e+02
1.153444643681361903e+00  1.856364893913269043e+01  2.710000000000000000e+02
1.130929112445919538e+00  1.865479803085327148e+01  2.720000000000000000e+02
1.156435079032254176e+00  1.873296308517456055e+01  2.730000000000000000e+02
1.085433031737746301e+00  1.882920193672180176e+01  2.740000000000000000e+02
1.085199574194911198e+00  1.891242599487304688e+01  2.750000000000000000e+02
1.069677308378454761e+00  1.900016212463378906e+01  2.760000000000000000e+02
1.063721622394694144e+00  1.905953812599182129e+01  2.770000000000000000e+02
1.049086712034010604e+00  1.910648798942565918e+01  2.780000000000000000e+02
1.041326336893484417e+00  1.916202497482299805e+01  2.790000000000000000e+02
1.024951955529788794e+00  1.922171902656555176e+01  2.800000000000000000e+02
1.016890680547935411e+00  1.929295706748962402e+01  2.810000000000000000e+02
1.004554117923434298e+00  1.936278510093688965e+01  2.820000000000000000e+02
9.937786998759225998e-01  1.941451001167297363e+01  2.830000000000000000e+02
9.847207081944058249e-01  1.945654392242431641e+01  2.840000000000000000e+02
9.769710853034674347e-01  1.949679613113403320e+01  2.850000000000000000e+02
9.703053036345835602e-01  1.953783893585205078e+01  2.860000000000000000e+02
9.645951117260820329e-01  1.958152198791503906e+01  2.870000000000000000e+02
9.619964977523423055e-01  1.962738013267517090e+01  2.880000000000000000e+02
9.532002591564769922e-01  1.968322396278381348e+01  2.890000000000000000e+02
9.168948939861422121e-01  1.977056598663330078e+01  2.900000000000000000e+02
8.817249475112423074e-01  1.986144804954528809e+01  2.910000000000000000e+02
8.574888107123974645e-01  1.990961909294128418e+01  2.920000000000000000e+02
8.375291205084536283e-01  1.994408202171325684e+01  2.930000000000000000e+02
8.138012844008953861e-01  2.000080609321594238e+01  2.940000000000000000e+02
7.905010593727552770e-01  2.004722595214843750e+01  2.950000000000000000e+02
7.703900633175166934e-01  2.008977699279785156e+01  2.960000000000000000e+02
7.518306575879899478e-01  2.012809300422668457e+01  2.970000000000000000e+02
7.333312835995589030e-01  2.016650295257568359e+01  2.980000000000000000e+02
7.147184952911578293e-01  2.020813202857971191e+01  2.990000000000000000e+02
6.976453125356012475e-01  2.025933194160461426e+01  3.000000000000000000e+02
6.825138104891323998e-01  2.030009603500366211e+01  3.010000000000000000e+02
6.674965861460424588e-01  2.034074997901916504e+01  3.020000000000000000e+02
6.505161860033847887e-01  2.038194894790649414e+01  3.030000000000000000e+02
6.353389077088062997e-01  2.042147493362426758e+01  3.040000000000000000e+02
6.182793028043654937e-01  2.045924711227416992e+01  3.050000000000000000e+02
6.033846254705467205e-01  2.049309301376342773e+01  3.060000000000000000e+02
5.875972764766490553e-01  2.053023099899291992e+01  3.070000000000000000e+02
5.725493813999901205e-01  2.056805300712585449e+01  3.080000000000000000e+02
5.586488874174979635e-01  2.060219502449035645e+01  3.090000000000000000e+02
5.448773726913866966e-01  2.064280700683593750e+01  3.100000000000000000e+02
5.298861705723293403e-01  2.068670892715454102e+01  3.110000000000000000e+02
5.167834662365408116e-01  2.072388100624084473e+01  3.120000000000000000e+02
5.049696907818365110e-01  2.075510907173156738e+01  3.130000000000000000e+02
4.910297416838348972e-01  2.079150509834289551e+01  3.140000000000000000e+02
1.226657181105254457e+00  2.160775709152221680e+01  3.150000000000000000e+02
1.294771482244711169e+00  2.169322299957275391e+01  3.160000000000000000e+02
1.283638985882132655e+00  2.176752710342407227e+01  3.170000000000000000e+02
1.275541735320419923e+00  2.183412694931030273e+01  3.180000000000000000e+02
1.266466794126118733e+00  2.189041495323181152e+01  3.190000000000000000e+02
1.258968136108327140e+00  2.193792104721069336e+01  3.200000000000000000e+02
1.252438831002852915e+00  2.199154305458068848e+01  3.210000000000000000e+02
1.246985733465814095e+00  2.203913998603820801e+01  3.220000000000000000e+02
1.242022731468549246e+00  2.208960103988647461e+01  3.230000000000000000e+02
1.237702081470384075e+00  2.214382600784301758e+01  3.240000000000000000e+02
1.234374470784813660e+00  2.219210910797119141e+01  3.250000000000000000e+02
1.232240263956112525e+00  2.225708413124084473e+01  3.260000000000000000e+02
1.231133505344359946e+00  2.231361103057861328e+01  3.270000000000000000e+02
1.209335636643589673e+00  2.236587309837341309e+01  3.280000000000000000e+02
1.124180853043751593e+00  2.245669293403625488e+01  3.290000000000000000e+02
1.074983552486671101e+00  2.252324795722961426e+01  3.300000000000000000e+02
1.036449444637282280e+00  2.257372307777404785e+01  3.310000000000000000e+02
1.009475720808990395e+00  2.263548398017883301e+01  3.320000000000000000e+02
9.895520992387669690e-01  2.267962098121643066e+01  3.330000000000000000e+02
9.726804287697117246e-01  2.271936202049255371e+01  3.340000000000000000e+02
9.580840206364120704e-01  2.275492501258850098e+01  3.350000000000000000e+02
9.408838745447654084e-01  2.279655504226684570e+01  3.360000000000000000e+02
9.242236997076004323e-01  2.283856606483459473e+01  3.370000000000000000e+02
9.166845307134336984e-01  2.288073110580444336e+01  3.380000000000000000e+02
8.804588656006010483e-01  2.298833203315734863e+01  3.390000000000000000e+02
8.513520526723260540e-01  2.304870200157165527e+01  3.400000000000000000e+02
8.302039029788094160e-01  2.308416604995727539e+01  3.410000000000000000e+02
8.122784151930386720e-01  2.312878894805908203e+01  3.420000000000000000e+02
7.950219943045711002e-01  2.316636800765991211e+01  3.430000000000000000e+02
7.777208548094558527e-01  2.320708012580871582e+01  3.440000000000000000e+02
7.605681058734796718e-01  2.324965000152587891e+01  3.450000000000000000e+02
7.424258041939895136e-01  2.329208612442016602e+01  3.460000000000000000e+02
7.252442712613602627e-01  2.333453893661499023e+01  3.470000000000000000e+02
7.092543465095682009e-01  2.337406206130981445e+01  3.480000000000000000e+02
6.938068795441814096e-01  2.341532897949218750e+01  3.490000000000000000e+02
6.783400147252796053e-01  2.345439100265502930e+01  3.500000000000000000e+02
6.620982701943658455e-01  2.349778604507446289e+01  3.510000000000000000e+02
6.420841637066565522e-01  2.354774713516235352e+01  3.520000000000000000e+02
6.214031630846746923e-01  2.359588408470153809e+01  3.530000000000000000e+02
6.019617272472654879e-01  2.364051604270935059e+01  3.540000000000000000e+02
5.833058368816352868e-01  2.368246293067932129e+01  3.550000000000000000e+02
5.636567751640020330e-01  2.372891902923583984e+01  3.560000000000000000e+02
5.444863309059806422e-01  2.377541303634643555e+01  3.570000000000000000e+02
5.261755201873646870e-01  2.382597208023071289e+01  3.580000000000000000e+02
5.084124906044409364e-01  2.387260413169860840e+01  3.590000000000000000e+02
4.892617543419446324e-01  2.392035508155822754e+01  3.600000000000000000e+02
1.172440030538362432e+00  2.473779797554016113e+01  3.610000000000000000e+02
1.222794835791200185e+00  2.481975102424621582e+01  3.620000000000000000e+02
1.178860314924845776e+00  2.491230702400207520e+01  3.630000000000000000e+02
1.189558297103801898e+00  2.500767803192138672e+01  3.640000000000000000e+02
1.193952992061484419e+00  2.509610605239868164e+01  3.650000000000000000e+02
1.202707143694122571e+00  2.516812109947204590e+01  3.660000000000000000e+02
1.189664884872592587e+00  2.524005413055419922e+01  3.670000000000000000e+02
1.174038352650653261e+00  2.534581613540649414e+01  3.680000000000000000e+02
1.115987760461733869e+00  2.544380402565002441e+01  3.690000000000000000e+02
1.108041570279361343e+00  2.553507494926452637e+01  3.700000000000000000e+02
1.090556789574844920e+00  2.560244894027709961e+01  3.710000000000000000e+02
1.089680832218864470e+00  2.566205501556396484e+01  3.720000000000000000e+02
1.071414035201464721e+00  2.570743894577026367e+01  3.730000000000000000e+02
1.075680016730987010e+00  2.576994013786315918e+01  3.740000000000000000e+02
1.055298019631956796e+00  2.583125090599060059e+01  3.750000000000000000e+02
1.065455165984289909e+00  2.590838599205017090e+01  3.760000000000000000e+02
1.051502452731413850e+00  2.597824692726135254e+01  3.770000000000000000e+02
1.046308678163800021e+00  2.605311894416809082e+01  3.780000000000000000e+02
1.039751734487886825e+00  2.612882614135742188e+01  3.790000000000000000e+02
1.029963071586253331e+00  2.620708012580871582e+01  3.800000000000000000e+02
1.018827559100728752e+00  2.625854301452636719e+01  3.810000000000000000e+02
9.989602458400100859e-01  2.630414605140686035e+01  3.820000000000000000e+02
9.664757160105716949e-01  2.635243201255798340e+01  3.830000000000000000e+02
9.402540542973667481e-01  2.640695691108703613e+01  3.840000000000000000e+02
9.216880948653612959e-01  2.645753097534179688e+01  3.850000000000000000e+02
9.004219680321329244e-01  2.650080013275146484e+01  3.860000000000000000e+02
8.815374438742993313e-01  2.654646897315979004e+01  3.870000000000000000e+02
8.589789879572377052e-01  2.659394693374633789e+01  3.880000000000000000e+02
8.366648680602868371e-01  2.664240002632141113e+01  3.890000000000000000e+02
8.143485864128019447e-01  2.668484711647033691e+01  3.900000000000000000e+02
7.939805172881737594e-01  2.672455811500549316e+01  3.910000000000000000e+02
7.729784767086911312e-01  2.677435302734375000e+01  3.920000000000000000e+02
7.514656578225527017e-01  2.682472395896911621e+01  3.930000000000000000e+02
7.337495648247756019e-01  2.686606693267822266e+01  3.940000000000000000e+02
7.168544711118850499e-01  2.690330195426940918e+01  3.950000000000000000e+02
7.009989319353144843e-01  2.694340395927429199e+01  3.960000000000000000e+02
6.838519573330554824e-01  2.699381899833679199e+01  3.970000000000000000e+02
6.681313942761226699e-01  2.703496599197387695e+01  3.980000000000000000e+02
6.530061054858091740e-01  2.706717896461486816e+01  3.990000000000000000e+02
6.352742555171621008e-01  2.711036491394042969e+01  4.000000000000000000e+02
6.141069741785231129e-01  2.717334699630737305e+01  4.010000000000000000e+02
5.946165464043156046e-01  2.721191906929016113e+01  4.020000000000000000e+02
5.779364193169507224e-01  2.724478793144226074e+01  4.030000000000000000e+02
5.599672278641150136e-01  2.728707313537597656e+01  4.040000000000000000e+02
5.458079725305440277e-01  2.732384204864501953e+01  4.050000000000000000e+02
5.292812459611990761e-01  2.736757802963256836e+01  4.060000000000000000e+02
5.152729690537799501e-01  2.740289211273193359e+01  4.070000000000000000e+02
5.025172309744820875e-01  2.743743109703063965e+01  4.080000000000000000e+02
4.855172265532002873e-01  2.748291993141174316e+01  4.090000000000000000e+02
1.231988421897682429e+00  2.829337596893310547e+01  4.100000000000000000e+02
1.282087431745907891e+00  2.838577294349670410e+01  4.110000000000000000e+02
1.282411831165000793e+00  2.848082304000854492e+01  4.120000000000000000e+02
1.275511555224924987e+00  2.855774807929992676e+01  4.130000000000000000e+02
1.268648063129725667e+00  2.860763192176818848e+01  4.140000000000000000e+02
1.258411476335059564e+00  2.865853095054626465e+01  4.150000000000000000e+02
1.247020385218488681e+00  2.871630001068115234e+01  4.160000000000000000e+02
1.205188489299232835e+00  2.877423810958862305e+01  4.170000000000000000e+02
1.155661905510651621e+00  2.884993505477905273e+01  4.180000000000000000e+02
1.120400334309984869e+00  2.892843914031982422e+01  4.190000000000000000e+02
1.102785814843735057e+00  2.900197601318359375e+01  4.200000000000000000e+02
1.100607673389513597e+00  2.904971194267272949e+01  4.210000000000000000e+02
1.087958228265785365e+00  2.910240197181701660e+01  4.220000000000000000e+02
1.064832559898332143e+00  2.915336894989013672e+01  4.230000000000000000e+02
1.034426390693352626e+00  2.920703291893005371e+01  4.240000000000000000e+02
1.014240130275268825e+00  2.925529503822326660e+01  4.250000000000000000e+02
9.952624364641636800e-01  2.931215190887451172e+01  4.260000000000000000e+02
9.767020100376495595e-01  2.935299205780029297e+01  4.270000000000000000e+02
9.574688618565236897e-01  2.939538598060607910e+01  4.280000000000000000e+02
9.382348627243555228e-01  2.943396711349487305e+01  4.290000000000000000e+02
9.196630692500901150e-01  2.947503805160522461e+01  4.300000000000000000e+02
9.025173922839805352e-01  2.951507592201232910e+01  4.310000000000000000e+02
8.858320010331021122e-01  2.955623102188110352e+01  4.320000000000000000e+02
8.693551458836428214e-01  2.960155797004699707e+01  4.330000000000000000e+02
8.516107528708958263e-01  2.964541602134704590e+01  4.340000000000000000e+02
8.344587461575052600e-01  2.968850207328796387e+01  4.350000000000000000e+02
8.148495552343258952e-01  2.974041199684143066e+01  4.360000000000000000e+02
7.963830742523482220e-01  2.979017710685729980e+01  4.370000000000000000e+02
7.798027135659679754e-01  2.983343291282653809e+01  4.380000000000000000e+02
7.625702710049098165e-01  2.987753701210021973e+01  4.390000000000000000e+02
7.462517509443189478e-01  2.991515898704528809e+01  4.400000000000000000e+02
7.308785657500046495e-01  2.995666408538818359e+01  4.410000000000000000e+02
7.159762415628700971e-01  2.999768209457397461e+01  4.420000000000000000e+02
7.028408322785093532e-01  3.003217411041259766e+01  4.430000000000000000e+02
6.881827540356477702e-01  3.008267903327941895e+01  4.440000000000000000e+02
6.714026578684717528e-01  3.012543392181396484e+01  4.450000000000000000e+02
6.562352175164110069e-01  3.016045808792114258e+01  4.460000000000000000e+02
6.399227494728094712e-01  3.019572091102600098e+01  4.470000000000000000e+02
6.245977993080938928e-01  3.023283505439758301e+01  4.480000000000000000e+02
6.098269755067298181e-01  3.026585698127746582e+01  4.490000000000000000e+02
5.936043163121100807e-01  3.029949903488159180e+01  4.500000000000000000e+02
5.794496256751084928e-01  3.033414793014526367e+01  4.510000000000000000e+02
5.659374658129041613e-01  3.036804294586181641e+01  4.520000000000000000e+02
5.512558059530968668e-01  3.040630793571472168e+01  4.530000000000000000e+02
5.381421131638230992e-01  3.044073605537414551e+01  4.540000000000000000e+02
5.230787056236481103e-01  3.048413610458374023e+01  4.550000000000000000e+02
5.097415907333201490e-01  3.052241611480712891e+01  4.560000000000000000e+02
4.943091170806839241e-01  3.055999612808227539e+01  4.570000000000000000e+02
1.280237214992261618e+00  3.137843394279479980e+01  4.580000000000000000e+02
1.176179098159069403e+00  3.146018290519714355e+01  4.590000000000000000e+02
1.152229422267695869e+00  3.154076004028320312e+01  4.600000000000000000e+02
1.130721969184405928e+00  3.160922312736511230e+01  4.610000000000000000e+02
1.103474346236498871e+00  3.165929698944091797e+01  4.620000000000000000e+02
1.078923256717492229e+00  3.170629811286926270e+01  4.630000000000000000e+02
1.059474931532798925e+00  3.175252199172973633e+01  4.640000000000000000e+02
1.050316218554978143e+00  3.179259109497070312e+01  4.650000000000000000e+02
1.029793281271854877e+00  3.185475993156433105e+01  4.660000000000000000e+02
1.018861919112016734e+00  3.191009092330932617e+01  4.670000000000000000e+02
9.952341280488832265e-01  3.198775410652160645e+01  4.680000000000000000e+02
9.879897438090641248e-01  3.203469109535217285e+01  4.690000000000000000e+02
9.715433960930515145e-01  3.208903503417968750e+01  4.700000000000000000e+02
9.584514726076445168e-01  3.215174007415771484e+01  4.710000000000000000e+02
9.411586469465312854e-01  3.221622490882873535e+01  4.720000000000000000e+02
9.300502358875770703e-01  3.227725505828857422e+01  4.730000000000000000e+02
9.223983516617608736e-01  3.232635998725891113e+01  4.740000000000000000e+02
9.153432220673149988e-01  3.237362813949584961e+01  4.750000000000000000e+02
9.071936705023351255e-01  3.241977405548095703e+01  4.760000000000000000e+02
8.948766079700183340e-01  3.247081208229064941e+01  4.770000000000000000e+02
8.662585183297428770e-01  3.255249214172363281e+01  4.780000000000000000e+02
8.318824829906037444e-01  3.260671901702880859e+01  4.790000000000000000e+02
8.085917643972599933e-01  3.265870594978332520e+01  4.800000000000000000e+02
7.888439498903759839e-01  3.270306491851806641e+01  4.810000000000000000e+02
7.673347178925084000e-01  3.274670100212097168e+01  4.820000000000000000e+02
7.458502047094781595e-01  3.279624509811401367e+01  4.830000000000000000e+02
7.240736206726935409e-01  3.284728598594665527e+01  4.840000000000000000e+02
7.002249925935382091e-01  3.289897203445434570e+01  4.850000000000000000e+02
6.799106227076214815e-01  3.294673490524291992e+01  4.860000000000000000e+02
6.604213154719420498e-01  3.299664592742919922e+01  4.870000000000000000e+02
6.406336191753216891e-01  3.304210996627807617e+01  4.880000000000000000e+02
6.203937058519480852e-01  3.308606791496276855e+01  4.890000000000000000e+02
6.016452917747778795e-01  3.313017702102661133e+01  4.900000000000000000e+02
5.823334953739840447e-01  3.317615413665771484e+01  4.910000000000000000e+02
5.644351700972933816e-01  3.321961593627929688e+01  4.920000000000000000e+02
5.464842606521960189e-01  3.326919794082641602e+01  4.930000000000000000e+02
5.284810111459128379e-01  3.330978012084960938e+01  4.940000000000000000e+02
5.112982589549470713e-01  3.336172008514404297e+01  4.950000000000000000e+02
4.956885860168326330e-01  3.339697813987731934e+01  4.960000000000000000e+02
1.208086752452125712e+00  3.422110009193420410e+01  4.970000000000000000e+02
1.223269777415789239e+00  3.428188991546630859e+01  4.980000000000000000e+02
1.223106029655906424e+00  3.433038210868835449e+01  4.990000000000000000e+02
1.216217081290544177e+00  3.437514305114746094e+01  5.000000000000000000e+02
1.201847915556821356e+00  3.442155313491821289e+01  5.010000000000000000e+02
1.184308418641529581e+00  3.446633005142211914e+01  5.020000000000000000e+02
1.162990719902952552e+00  3.451087403297424316e+01  5.030000000000000000e+02
1.137895734715393736e+00  3.457131600379943848e+01  5.040000000000000000e+02
1.119002092106184509e+00  3.462283992767333984e+01  5.050000000000000000e+02
1.102595282903935825e+00  3.466693711280822754e+01  5.060000000000000000e+02
1.081424367637501271e+00  3.473928403854370117e+01  5.070000000000000000e+02
1.062950461814822223e+00  3.478508400917053223e+01  5.080000000000000000e+02
1.045820314714581478e+00  3.482825613021850586e+01  5.090000000000000000e+02
1.030306137886957352e+00  3.486890602111816406e+01  5.100000000000000000e+02
1.016982682942483063e+00  3.490396213531494141e+01  5.110000000000000000e+02
1.003048906972933363e+00  3.494623804092407227e+01  5.120000000000000000e+02
9.868811264453609677e-01  3.498732805252075195e+01  5.130000000000000000e+02
9.703399297921623257e-01  3.502742910385131836e+01  5.140000000000000000e+02
9.529352973455971210e-01  3.506688094139099121e+01  5.150000000000000000e+02
9.349410172930827656e-01  3.510732197761535645e+01  5.160000000000000000e+02
9.168232225133678970e-01  3.515093493461608887e+01  5.170000000000000000e+02
8.981817354074751458e-01  3.519024395942687988e+01  5.180000000000000000e+02
8.795494018232679068e-01  3.522922801971435547e+01  5.190000000000000000e+02
8.615059832434169840e-01  3.527135896682739258e+01  5.200000000000000000e+02
8.438520777517350968e-01  3.531387996673583984e+01  5.210000000000000000e+02
8.253840547162549779e-01  3.535753297805786133e+01  5.220000000000000000e+02
8.065257263310746660e-01  3.540355801582336426e+01  5.230000000000000000e+02
7.879340336031742664e-01  3.545355296134948730e+01  5.240000000000000000e+02
7.708040802016341564e-01  3.549193096160888672e+01  5.250000000000000000e+02
7.557323251728564895e-01  3.552926206588745117e+01  5.260000000000000000e+02
7.417082573382131061e-01  3.556187796592712402e+01  5.270000000000000000e+02
7.268475394164686243e-01  3.560009598731994629e+01  5.280000000000000000e+02
7.119568153145416911e-01  3.563612508773803711e+01  5.290000000000000000e+02
6.990443552580007935e-01  3.567004704475402832e+01  5.300000000000000000e+02
6.850644634318137083e-01  3.570769500732421875e+01  5.310000000000000000e+02
6.713340623121961670e-01  3.574042201042175293e+01  5.320000000000000000e+02
6.570225842343442313e-01  3.577547812461853027e+01  5.330000000000000000e+02
6.430387916307711560e-01  3.580694007873535156e+01  5.340000000000000000e+02
6.285683664396201076e-01  3.584014701843261719e+01  5.350000000000000000e+02
6.141682397761459855e-01  3.587318801879882812e+01  5.360000000000000000e+02
5.998660520008831654e-01  3.590040111541748047e+01  5.370000000000000000e+02
5.845919421559820917e-01  3.593311190605163574e+01  5.380000000000000000e+02
5.702885291700702242e-01  3.597307491302490234e+01  5.390000000000000000e+02
5.551037396868773177e-01  3.601244401931762695e+01  5.400000000000000000e+02
5.410021152941334455e-01  3.604960894584655762e+01  5.410000000000000000e+02
5.281345841847783218e-01  3.608098411560058594e+01  5.420000000000000000e+02
5.140042166902292209e-01  3.611934304237365723e+01  5.430000000000000000e+02
4.979891472024799426e-01  3.615500903129577637e+01  5.440000000000000000e+02
