a1     a2   a3   a4  a5   a6   t1
3.141592653589793116e+00  -4.530386898624472192e-02  -2.209209263695884745e-02  3.754028781981254004e-01  2.734710644139843883e+00  3.797905662467658816e-01  0.000000000000000000e+00
-3.134397861267361751e+00  -1.119105087853895231e-01  3.161476712094478392e-02  4.509852735420240011e-01  -3.093445960694063857e+00  4.717962528498653163e-01  7.762694358825683594e-02
3.141592653589793116e+00  3.701689443114525302e-02  -9.584207839152324160e-02  7.340970363246100971e-01  3.141592653589793116e+00  5.626110721663213354e-01  1.619551181793212891e-01
3.141592653589793116e+00  6.144184520240891789e-01  -6.876014077996647211e-01  7.497330479500740053e-01  3.141592653589793116e+00  1.397649295302632981e-02  2.388510704040527344e-01
3.141592653589793116e+00  9.864366363076542132e-01  -1.058565172044396707e+00  2.827860543137638016e-01  3.141592653589793116e+00  -2.019300924809378228e-01  3.064451217651367188e-01
3.141592653589793116e+00  9.109383538523143642e-01  -9.831876818964349063e-01  -2.340499987223052247e-01  3.141592653589793116e+00  -2.966796371667034804e-01  3.609459400177001953e-01
3.141592653589793116e+00  1.097774810633879161e+00  -1.165609320851335173e+00  -3.610717383120338742e-01  2.972555113337115085e+00  -3.355747444646095534e-01  4.079871177673339844e-01
3.141592653589793116e+00  1.228250461585598918e+00  -1.269875911685988790e+00  -4.948251730779324453e-01  3.141592653589793116e+00  -4.707415529538848675e-01  4.644799232482910156e-01
2.246988802444709332e+00  3.141592626083711703e+00  -3.141592642684869485e+00  -3.141592542875827121e+00  3.141592598866888242e+00  -8.985309215559764695e-01  5.167679786682128906e-01
1.877691908754910877e+00  3.141592653589793116e+00  -3.141592653589793116e+00  -3.141592653589793116e+00  3.141592653589793116e+00  -9.262344958556222307e-01  5.760729312896728516e-01
1.569858589715398045e+00  3.141592596624875000e+00  -3.141592625047100018e+00  -3.141592492641508194e+00  3.141592411833325826e+00  -9.464575705216859980e-01  6.309270858764648438e-01
1.316750979976844871e+00  3.141592653589793116e+00  -3.141592653589793116e+00  -3.141592653589793116e+00  3.141592653589793116e+00  -9.716256280016926095e-01  6.727991104125976562e-01
1.001851671913558839e+00  3.141592653589793116e+00  -3.141592653589793116e+00  -3.141592653589793116e+00  3.141592652012290987e+00  -9.898899498966599042e-01  7.244861125946044922e-01
6.935844694454760262e-01  3.141592653589793116e+00  -3.141592653589793116e+00  -3.141592653589793116e+00  3.141592648066415361e+00  -1.005832114303249369e+00  7.697420120239257812e-01
5.133672402473360430e-01  3.141592653589793116e+00  -3.141592653589793116e+00  -3.141592653589793116e+00  3.141592641958729892e+00  -1.017814907427521787e+00  8.128979206085205078e-01
-1.024610021688001193e+00  3.141592653589793116e+00  -3.141592653589793116e+00  -3.141592653589793116e+00  3.141592617673426791e+00  -1.015263922022060283e+00  8.553919792175292969e-01
-1.201906654014721187e+00  3.141592653589793116e+00  -3.141592653589793116e+00  -3.141592653589793116e+00  3.141592423262263178e+00  -1.010871545188872123e+00  9.130499362945556641e-01
-1.504928582985773255e+00  3.141592653589793116e+00  -3.141592653589793116e+00  -3.141592653589793116e+00  7.162032571888452548e-01  -9.972761495465470860e-01  9.525921344757080078e-01
-1.641696847442281948e+00  3.141592653589793116e+00  -3.141592653589793116e+00  -3.141592653589793116e+00  5.614742151075566845e-01  -9.791134651561397284e-01  1.004529953002929688e+00
-1.808459542185180791e+00  3.141592653589793116e+00  -3.141592653589793116e+00  -3.141592653589793116e+00  4.169611894913973771e-01  -9.859047130935710834e-01  1.041439056396484375e+00
-1.883650124186604158e+00  3.141592653589793116e+00  -3.141592653589793116e+00  -3.141592653589793116e+00  -3.687247330331903106e-01  -1.011417209864348354e+00  1.078649044036865234e+00
-2.093099516158915652e+00  3.105252936470205949e+00  -3.122444533006274003e+00  -3.091017879359148068e+00  -1.178749272379755908e+00  -1.063020681008220114e+00  1.122757911682128906e+00
-1.981612998168251982e+00  1.558567930958306480e+00  -1.677020967778565907e+00  -2.169542762338375397e+00  -1.498607514301854904e+00  -1.027206966073273220e+00  1.172131061553955078e+00
-2.090866911260348182e+00  8.934334697063676112e-01  -8.334626053666021051e-01  -1.893715640658277577e+00  -1.887519421405968290e+00  -1.015985687551110406e+00  1.216690063476562500e+00
-2.195324175943896616e+00  5.618305790515771836e-01  -4.469110202416625710e-01  -1.724953675492811422e+00  -2.131295675476495344e+00  -9.927205791432537341e-01  1.257326126098632812e+00
-2.193718082647322820e+00  -2.027584114526212455e-01  4.560401713066044582e-01  -1.289452812912492030e+00  -2.339966340609954010e+00  -9.934590065114612401e-01  1.299081087112426758e+00
-2.235618056706239365e+00  -1.163807635364644488e+00  1.422148325007810410e+00  -8.406080088818126406e-01  -2.490751726389401455e+00  -9.818474853920433620e-01  1.336597919464111328e+00
-2.265230039335502710e+00  -1.646197583402974063e+00  1.936947868059384126e+00  -5.321638377721616964e-01  -2.622009427890122257e+00  -9.649569533785614661e-01  1.374490022659301758e+00
-2.240308329808360810e+00  -2.669525243739721443e+00  2.730399192887398296e+00  2.164379152122079208e+00  -2.667792035610903945e+00  -9.934399981360849674e-01  1.415636062622070312e+00
-2.222787862631338651e+00  -2.816785120634690998e+00  2.866686499869839810e+00  2.315220217162187399e+00  -2.729535788991043432e+00  -9.655644319485977567e-01  1.458997964859008789e+00
-2.216901401652634274e+00  -2.887224177340427911e+00  2.914828325897050654e+00  2.580465820814823896e+00  -2.711386761911405152e+00  -9.893428901711520673e-01  1.501100063323974609e+00
-2.223132596681583362e+00  -2.983622770026306714e+00  3.014359939227062135e+00  2.586054501853464860e+00  -2.728696180273521676e+00  -9.903463807660425333e-01  1.548444032669067383e+00
-2.307196018431760809e+00  -3.113981234904926065e+00  3.141592653589793116e+00  2.701632976177804846e+00  -2.800681881508980453e+00  -1.026213003595638495e+00  1.593266963958740234e+00
-2.266770234545996576e+00  -3.111852672717597912e+00  3.141592653589793116e+00  2.775634649607305882e+00  -2.759529530019583010e+00  -1.015411657186416239e+00  1.642514944076538086e+00
-2.251045865982773009e+00  -3.116797565198168307e+00  3.141592653589793116e+00  2.801910785819432537e+00  -2.727320706220656366e+00  -1.011030062281968123e+00  1.680409908294677734e+00
-2.216926102560464518e+00  -3.124213194915035352e+00  3.141592653589793116e+00  2.837054970190072467e+00  -2.691550160040239614e+00  -1.010554430375287582e+00  1.724509954452514648e+00
-2.257039389811325680e+00  -3.131525674706593598e+00  3.141592505412052372e+00  2.897065746587331514e+00  -2.695853507625750378e+00  -1.072473291303771337e+00  1.761847019195556641e+00
-2.206907301911920527e+00  -3.123995419002389529e+00  3.141592653589793116e+00  2.890735588388968935e+00  -2.643763554977189845e+00  -1.047083715515142011e+00  1.807368993759155273e+00
-2.211351901455134605e+00  -3.135293705004841058e+00  3.141592653589793116e+00  2.915160001333529038e+00  -2.643694587471583812e+00  -1.038502183735250606e+00  1.843822002410888672e+00
-2.207605261822608522e+00  -3.140558950729320120e+00  3.141592653589793116e+00  2.956431115031750601e+00  -2.617865571597646657e+00  -1.016650204207069086e+00  1.879075050354003906e+00
-2.176924393515908829e+00  -3.124602675503574289e+00  3.141592653589793116e+00  2.902229778875943023e+00  -2.530568073455913947e+00  -1.017714393152490571e+00  1.914835929870605469e+00
0.000000000000000000e+00  0.000000000000000000e+00  0.000000000000000000e+00  0.000000000000000000e+00  0.000000000000000000e+00  0.000000000000000000e+00  1.939223051071166992e+00
0.000000000000000000e+00  0.000000000000000000e+00  0.000000000000000000e+00  0.000000000000000000e+00  0.000000000000000000e+00  0.000000000000000000e+00  1.970659971237182617e+00
0.000000000000000000e+00  0.000000000000000000e+00  0.000000000000000000e+00  0.000000000000000000e+00  0.000000000000000000e+00  0.000000000000000000e+00  2.008872032165527344e+00
-3.141592653589793116e+00  1.163753056200814928e+00  -1.495835488465263818e+00  1.944593054434142487e-01  -2.706227844392049331e+00  -8.459852467919081187e-01  2.819404125213623047e+00
-2.797150853943774607e+00  1.029464187445381373e+00  -1.310181572454407251e+00  1.026497574433491849e-01  3.141592653589793116e+00  -6.350667930498983260e-01  2.889881134033203125e+00
2.383994275056691148e+00  1.141202229358167175e+00  -1.379301000430242619e+00  2.240077767821197607e+00  3.141592653589793116e+00  -5.902483297125924455e-01  2.972275972366333008e+00
1.018724252605840430e+00  1.246288082295720745e+00  -1.440358832092683672e+00  2.936617526727469119e-01  3.141592653589793116e+00  -4.156860181343993155e-01  3.047269105911254883e+00
2.976062226081466644e+00  1.418205369305334695e+00  -1.572193222817114711e+00  6.198511067761920401e-01  3.141592653589793116e+00  -2.716898506082636722e-01  3.124273061752319336e+00
3.126596471919595110e+00  1.458953066110745045e+00  -1.597489907613437232e+00  4.951471436746117671e-01  3.141592653589793116e+00  -2.103393504989870544e-01  3.176687002182006836e+00
3.141592653589793116e+00  1.524540288347389971e+00  -9.807016987488624826e-01  3.550245485727813177e-01  3.141592653589793116e+00  -1.892738014340807351e-01  3.234429121017456055e+00
-1.344083664791307919e+00  1.824286700072322187e+00  -6.355281140036999066e-01  1.292654727174097795e+00  3.141592653589793116e+00  -1.803428134716446030e-01  3.307126045227050781e+00
-3.141592653589793116e+00  2.260607265322968740e+00  -2.334573148895406458e+00  -6.998208443127554856e-01  3.991016043648710765e-01  -1.155355755636515158e-01  3.400244951248168945e+00
-3.141592653589793116e+00  2.327912794192920742e+00  -2.194544391988410670e+00  -7.975006055866097343e-01  6.742477091790967103e-01  -8.748992561226533182e-02  3.472902059555053711e+00
-3.141592653589793116e+00  2.348081648024327617e+00  -2.144213129383558236e+00  -7.935359236505615810e-01  8.945003842209152678e-01  -9.660149108149590491e-02  3.517270088195800781e+00
-3.141592618833876749e+00  2.959918461674682089e+00  -2.774895942796958614e+00  -1.024148236489834440e+00  9.807217959856064926e-01  -4.398703967711047741e-02  3.570809125900268555e+00
9.266933550719138601e-01  3.141592653589793116e+00  -3.141592653589793116e+00  -3.141592653589793116e+00  2.581363052282702464e-01  2.916668337503413588e-01  3.625555992126464844e+00
1.066649462103138823e+00  2.686883247339658887e+00  -2.505534857237091462e+00  -2.875110199280566992e+00  1.433579585349836483e-01  3.017402279329721715e-01  3.673273086547851562e+00
2.014520392128094972e+00  2.554465128777113847e+00  -2.415168664855921410e+00  -2.947108878995089665e+00  1.073253833960906463e-02  3.382729131634727437e-01  3.708769083023071289e+00
3.141592653589793116e+00  2.181788737540589107e+00  -1.348789626887576532e+00  -3.141592653589793116e+00  1.615474705080511830e+00  4.613389201859361410e-01  3.759491920471191406e+00
2.866556811049661757e+00  2.227747601728188975e+00  -1.517787610608906546e+00  -3.141592553314871417e+00  1.357509449934201085e+00  4.910253683230483834e-01  3.813966035842895508e+00
2.568236747146206422e+00  1.829540057306220158e+00  -1.143941568499848405e+00  -3.141592653589793116e+00  1.203739523285126012e+00  5.470519765704375814e-01  3.857499122619628906e+00
2.514952788793404448e+00  9.759765017370800599e-01  -3.579036880151289512e-01  -3.141592653589793116e+00  1.324715242063332576e+00  6.197356805539148139e-01  3.904251098632812500e+00
2.535985462593045803e+00  -1.132803915344152479e+00  1.656864521681808089e+00  -3.141592653589793116e+00  1.895336110711403732e+00  7.113408669825532771e-01  3.950891971588134766e+00
2.749156368174486165e+00  -3.045283077831532736e+00  3.095291138110393803e+00  -2.556632819130396417e+00  2.578282199224716909e+00  7.944714885624493128e-01  3.999288082122802734e+00
2.681531310134392054e+00  -3.052275912440905792e+00  3.102808318386039765e+00  -1.125566117892362161e+00  7.453461376314416409e-01  8.318512630300095578e-01  4.045838117599487305e+00
2.697195210918118757e+00  -3.023166628206827689e+00  3.056366798174375177e+00  -1.033553556161525222e+00  7.405446885832716042e-01  8.337861193096531842e-01  4.086264133453369141e+00
2.772046194782561201e+00  -3.109227846841424725e+00  3.141592653589793116e+00  -9.565553781037259284e-01  7.421608427878798597e-01  8.721898413395204885e-01  4.129485130310058594e+00
2.924518030727030649e+00  -3.131476421929161091e+00  3.141592653589793116e+00  -7.279683090921824640e-01  7.193087185037163600e-01  9.093892650680528433e-01  4.172964096069335938e+00
2.943048103169440211e+00  -3.141592653589793116e+00  3.140339917766175937e+00  -5.780841844395006035e-01  5.583699286960204233e-01  9.342829173571751689e-01  4.217416048049926758e+00
2.977695307932320290e+00  -3.141592653589793116e+00  3.134658588803672430e+00  -4.730975619443065772e-01  4.531814894223845092e-01  9.282498248283679310e-01  4.255203008651733398e+00
2.758999535566877714e+00  -3.141592653589793116e+00  3.122823982313351454e+00  7.052892919921671666e-02  3.850785434696923221e-03  9.459769374968446387e-01  4.300692081451416016e+00
2.716350198661793947e+00  -3.141592653589793116e+00  3.120081440550483087e+00  2.677450755225562751e-01  -1.505725854677061881e-01  9.428808294950752344e-01  4.348093986511230469e+00
2.554975553752420137e+00  -3.141592653589793116e+00  3.122863638945064579e+00  1.752896437347296166e+00  -1.562923847630482310e+00  1.163640446646197368e+00  4.385823965072631836e+00
2.492818368032198695e+00  -3.141592653589793116e+00  3.135961740528355524e+00  1.857734075233172133e+00  -1.656497378224715433e+00  1.160509112591172620e+00  4.423205137252807617e+00
2.163657765741296313e+00  -3.141592528450366739e+00  3.124810599624476826e+00  2.410979167601514650e+00  -2.246632421112943145e+00  1.397053851271724989e+00  4.471358060836791992e+00
2.094887621986370796e+00  -3.141592653589793116e+00  3.110811508963435834e+00  2.435611111169091902e+00  -2.245406449984179709e+00  1.394464860259285066e+00  4.514864921569824219e+00
2.045031055659152663e+00  -3.141592653589793116e+00  3.125495543767212059e+00  2.512608916279797544e+00  -2.315343596935429016e+00  1.413797962238503736e+00  4.558875083923339844e+00
2.006616854526366289e+00  -3.141592653589793116e+00  3.128279487306297124e+00  2.558593226350294625e+00  -2.346915549424276826e+00  1.428926643449866196e+00  4.596605062484741211e+00
1.959703507544630074e+00  -3.141592540349727791e+00  3.115467204591553241e+00  2.580243647846481192e+00  -2.371481562647287600e+00  1.441487748367586086e+00  4.637047052383422852e+00
1.769989673539766661e+00  -3.141592653589793116e+00  3.124851612803891676e+00  2.667980842986187984e+00  -2.452656076365036686e+00  1.698532865108843604e+00  4.675396919250488281e+00
1.780427161592218255e+00  -3.141592629772244738e+00  3.133117474193706897e+00  2.682670267429521971e+00  -2.375392788919093778e+00  1.675695809502774303e+00  4.716756105422973633e+00
1.721101286347043624e+00  -3.141592653589793116e+00  3.114602527096282270e+00  2.738526636966525096e+00  -2.411765972236419753e+00  1.742789843867703636e+00  4.770008087158203125e+00
1.735726727954067128e+00  -3.141592653589793116e+00  3.132931088125578523e+00  2.769676757052043747e+00  -2.372367958229582907e+00  1.791159889906975833e+00  4.815212965011596680e+00
1.692527614345185727e+00  -3.141592035715758957e+00  3.129937764561182334e+00  2.846433807295635887e+00  -2.430087915660804843e+00  1.789640772783571476e+00  4.865121126174926758e+00
0.000000000000000000e+00  0.000000000000000000e+00  0.000000000000000000e+00  0.000000000000000000e+00  0.000000000000000000e+00  0.000000000000000000e+00  4.901504993438720703e+00
0.000000000000000000e+00  0.000000000000000000e+00  0.000000000000000000e+00  0.000000000000000000e+00  0.000000000000000000e+00  0.000000000000000000e+00  4.942274093627929688e+00
3.141592653589793116e+00  -1.109660092603601544e+00  1.324536034050212141e+00  -3.027251044830248650e-01  2.867959903727478999e+00  4.296854024333788824e-01  5.770046949386596680e+00
3.141592653589793116e+00  -1.215046256104464151e+00  1.442797101058256759e+00  -3.066283283712831209e-01  3.141592653589793116e+00  5.106662365898237965e-01  5.845366954803466797e+00
3.141592653589793116e+00  -8.753322333449418124e-01  1.095121480098028011e+00  -5.659729781054440023e-01  3.141592653589793116e+00  3.273655533297845088e-01  5.942909955978393555e+00
3.141592653589793116e+00  3.131605996681779969e-02  9.066514743629215667e-02  -9.310532736653194252e-01  3.141592653589793116e+00  -1.055206983495270839e-01  6.033246994018554688e+00
2.803399134673016935e+00  2.989562734496173380e-01  -1.745451596278790873e-01  -1.213341525246922847e+00  -1.408031093419952251e+00  -2.824130560314891958e-01  6.128037929534912109e+00
3.141592653589793116e+00  4.528303360838636382e-01  -3.167157228117922774e-01  -1.537297428448329617e+00  3.141592653589793116e+00  -2.990062910787270600e-01  6.209948062896728516e+00
3.141592653589793116e+00  8.103682944649627240e-01  -7.150583723811478887e-01  -1.679833572627937421e+00  3.141592653589793116e+00  -4.078725661681296688e-01  6.279330015182495117e+00
3.141592653589793116e+00  9.708093061400254742e-01  -8.609565736617678100e-01  -1.748480098591132625e+00  3.141592653589793116e+00  -4.867794549939015725e-01  6.330522060394287109e+00
3.141592653589793116e+00  1.029550586717474792e+00  -9.487465305353863787e-01  -1.825232679931085178e+00  3.141592653589793116e+00  -5.392747238648394337e-01  6.376608133316040039e+00
3.141592538353296771e+00  1.183992838829699190e+00  -1.108740176829981383e+00  -1.903157859168098209e+00  3.141592375447580743e+00  -5.069381365413355711e-01  6.434371948242187500e+00
2.518838623088213158e+00  3.141592653589793116e+00  -3.141592653589793116e+00  -3.141592653589793116e+00  3.141592653589793116e+00  -8.558733994959788483e-01  6.493238925933837891e+00
2.123759964147176493e+00  3.141592634965784114e+00  -3.141592647475464961e+00  -3.141592557703878796e+00  3.141592415876932609e+00  -8.360154605173666376e-01  6.551938056945800781e+00
2.030926197175284553e+00  3.141592653589793116e+00  -3.141592653589793116e+00  -3.141592653589793116e+00  3.141592650602422321e+00  -8.010916253187928548e-01  6.621366977691650391e+00
4.655284991086741653e-01  3.141592653589793116e+00  -3.141592653589793116e+00  -3.141592624500625597e+00  3.141592625849404019e+00  -8.635385573477053489e-01  6.671046018600463867e+00
-1.176267362241515402e+00  3.141592653589793116e+00  -3.141592653589793116e+00  -3.141592653589793116e+00  3.141592406881320798e+00  -8.553122610205841081e-01  6.725064992904663086e+00
4.799934759451450761e-01  3.141592653589793116e+00  -3.141592653589793116e+00  -3.141592650740482995e+00  3.141592632442710364e+00  -8.222088016265836075e-01  6.787094116210937500e+00
5.472715448900384860e-01  3.141592653589793116e+00  -3.141592653589793116e+00  -3.141592653589793116e+00  3.141592616736561983e+00  -8.013069770209426679e-01  6.839424133300781250e+00
7.545940429262428806e-01  3.141592653589793116e+00  -3.141592653589793116e+00  -3.141592653589793116e+00  3.141592563983175435e+00  -7.787939246819550743e-01  6.890905141830444336e+00
-1.375529604895881830e+00  3.141592653589793116e+00  -3.141592653589793116e+00  -3.141592653589793116e+00  2.933185357094312828e-01  -7.889688500551992334e-01  6.942469120025634766e+00
-1.356989095393089650e+00  3.141592653589793116e+00  -3.141592653589793116e+00  -3.141592653589793116e+00  1.433576234940148464e-01  -7.318321666315744656e-01  7.012915134429931641e+00
-1.360957213459489390e+00  3.141592653589793116e+00  -3.141592653589793116e+00  -3.141592653589793116e+00  2.860901018344126981e-02  -7.093726087638632105e-01  7.058661937713623047e+00
-1.548361546851342974e+00  3.141592653589793116e+00  -3.141592653589793116e+00  -3.141592653589793116e+00  -1.784481108861492860e-01  -6.964735247825480924e-01  7.097594976425170898e+00
-1.733071245738258659e+00  3.141592641666882457e+00  -3.141592653589793116e+00  -3.141592565460680664e+00  -8.002449226032651852e-01  -6.587665863872229632e-01  7.141798973083496094e+00
-1.919615243523394854e+00  3.141592653589793116e+00  -3.141592653589793116e+00  -2.107883274530589990e+00  -1.394788346946599145e+00  -7.597889504909988156e-01  7.188193082809448242e+00
-2.024182966917028814e+00  2.068244191360259610e+00  -2.056993011976520069e+00  3.816133470822539175e-01  -1.628023033659261820e+00  -7.213502200754067228e-01  7.262525081634521484e+00
-2.013747669808673368e+00  1.466232104656517876e+00  -1.470396990118852276e+00  1.676850137127646079e+00  -1.720053417671162155e+00  -7.014038359052591209e-01  7.309572935104370117e+00
-2.047081768577499794e+00  1.094347375621728347e+00  -1.179743022188632251e+00  2.431352634734244234e+00  -1.883546477399734131e+00  -6.739954418178968343e-01  7.356182098388671875e+00
-2.113045684663329205e+00  7.538497065596855284e-01  -9.110610631059850029e-01  2.675159116615910992e+00  -1.994649824418735395e+00  -6.735200740042778245e-01  7.398355960845947266e+00
-1.988679536555892025e+00  -5.572785078985517115e-01  1.600971622801715122e-01  2.966282738683029496e+00  -1.899002513110673807e+00  -6.990942400519252198e-01  7.438699007034301758e+00
-2.033017135201311998e+00  -2.390259700556377709e+00  2.215356710012709396e+00  3.059133465354528791e+00  -2.178745543470489210e+00  -6.495256140203108375e-01  7.490272045135498047e+00
-1.965727794565322206e+00  -2.432561741083608897e+00  2.283536034774099388e+00  3.086058455378271503e+00  -2.144684022285297420e+00  -6.314668099086923059e-01  7.540199995040893555e+00
-2.016968965422244242e+00  -2.709396508238651080e+00  2.598278719379702562e+00  3.141592653589793116e+00  -2.298293863991122343e+00  -6.227520075883824502e-01  7.579401016235351562e+00
-1.955275893920385810e+00  -2.714175913827538977e+00  2.617148450192619880e+00  3.141592653589793116e+00  -2.222964156708660433e+00  -6.003259719057159050e-01  7.618016958236694336e+00
-1.913573269039996916e+00  -2.760617747108255138e+00  2.672333365883153622e+00  3.141592653589793116e+00  -2.207873299370033404e+00  -5.812342870658130378e-01  7.664809942245483398e+00
-1.899079185956497939e+00  -2.793183409220364677e+00  2.709732964475152439e+00  3.141592545654910307e+00  -2.197925428833824579e+00  -5.700575973837296306e-01  7.698122024536132812e+00
-1.901895752709459320e+00  -2.853504845473750162e+00  2.776470875253111092e+00  3.141592653589793116e+00  -2.201110574860322355e+00  -5.781262912168234624e-01  7.730406045913696289e+00
-1.861901877802813576e+00  -2.871964291748946518e+00  2.798003475895406211e+00  3.141592653589793116e+00  -2.170797788443139087e+00  -5.562729626087145052e-01  7.764045000076293945e+00
-1.865504590126824569e+00  -2.854823994254049868e+00  2.788809754581122569e+00  3.141592653589793116e+00  -2.089115997228979449e+00  -5.584699646211325197e-01  7.804390907287597656e+00
-1.892695128561330264e+00  -2.875179240310550721e+00  2.807072205191335712e+00  3.141592653589793116e+00  -2.095033345125486779e+00  -5.675951296171890537e-01  7.837167024612426758e+00
-1.912924398069638432e+00  -2.910230735575025651e+00  2.854808041680564124e+00  3.141592653589793116e+00  -2.088895674360088162e+00  -5.738071157486579477e-01  7.880043029785156250e+00
-1.901558120236105820e+00  -2.928703059405821207e+00  2.860119346551762032e+00  3.141592653589793116e+00  -2.035961940135877946e+00  -5.593596336255199919e-01  7.918767929077148438e+00
-1.903029551519869411e+00  -2.957344267893618373e+00  2.896393887669243661e+00  3.141592653589793116e+00  -2.049519043820196895e+00  -5.720437695661576560e-01  7.948722124099731445e+00
0.000000000000000000e+00  0.000000000000000000e+00  0.000000000000000000e+00  0.000000000000000000e+00  0.000000000000000000e+00  0.000000000000000000e+00  7.982350111007690430e+00
0.000000000000000000e+00  0.000000000000000000e+00  0.000000000000000000e+00  0.000000000000000000e+00  0.000000000000000000e+00  0.000000000000000000e+00  8.016704082489013672e+00
0.000000000000000000e+00  0.000000000000000000e+00  0.000000000000000000e+00  0.000000000000000000e+00  0.000000000000000000e+00  0.000000000000000000e+00  8.043692111968994141e+00
-3.141592653589793116e+00  1.796374469672836760e+00  -2.376755475642942983e+00  5.410476279227520724e-01  -2.785490262153796692e+00  -7.133107957055062620e-01  8.873434066772460938e+00
-3.141592653589793116e+00  1.555503455364042331e+00  -1.953991045135765159e+00  1.588066471182679462e-01  3.141592653589793116e+00  -6.176738290825801725e-01  8.956838130950927734e+00
4.350550556667177049e-01  1.575137271534654104e+00  -1.841859794234658620e+00  2.465744609199637338e+00  3.141592653589793116e+00  -6.100742991433028006e-01  9.025103092193603516e+00
1.845363242660440495e+00  1.611902182916468362e+00  -1.908664429319880451e+00  1.221570351013366640e+00  3.141592653589793116e+00  3.230353275730502016e-01  9.097414970397949219e+00
1.734010109952137224e+00  1.748033859935180123e+00  -2.016777412030185790e+00  3.581963917753656218e-02  3.141592653589793116e+00  2.780809950265359931e-01  9.166579961776733398e+00
1.879694100988878791e+00  1.821648337129097239e+00  -2.002139503788952002e+00  7.019399174403161412e-01  3.141592653589793116e+00  1.676053706876637697e-02  9.224725008010864258e+00
3.099810349964737366e+00  2.060745513747745505e+00  -5.679310433208051290e-01  1.920004535012975522e+00  3.141592653589793116e+00  -1.582547533881656643e-01  9.280334949493408203e+00
-3.141592653589793116e+00  2.826110691858143564e+00  -3.093663339481449448e+00  -4.166878428021619785e-01  3.976623288649793198e-01  8.332114755943008377e-02  9.362565994262695312e+00
-3.141592653589793116e+00  2.582112201618858016e+00  -2.673616731158269477e+00  -5.122768394939026804e-01  -1.221085965611244273e+00  4.608806796593712535e-02  9.428997039794921875e+00
-3.141592653589793116e+00  3.141592653589793116e+00  -3.141592653589793116e+00  -5.409532637444719461e-01  -1.586171848846359145e-01  1.230594545313723996e-02  9.493087053298950195e+00
-3.141592653589793116e+00  3.067809979722801561e+00  -3.141592653589793116e+00  -7.542811915478376816e-01  -2.116268341029323263e+00  8.768909083826012529e-02  9.561224937438964844e+00
2.946149639181988800e+00  -3.425191440640156793e-01  2.492253137223954695e+00  -3.141592653589793116e+00  -7.270508872896149777e-01  5.126812814912568017e-01  9.620378017425537109e+00
3.141592653589793116e+00  -8.834047078586486634e-01  2.923055663273255167e+00  -3.141592589331740015e+00  1.332403428374557386e+00  5.776261486621846464e-01  9.678735017776489258e+00
3.141592653589793116e+00  -1.395673108758206160e+00  3.141592653589793116e+00  -3.141592653589793116e+00  -1.427317910045727389e+00  5.340812554323620676e-01  9.728518009185791016e+00
3.040516949169556060e+00  1.135004442570850536e-01  1.217923634626410401e+00  -3.141592653589793116e+00  1.345841853798703802e-01  5.967113745759657917e-01  9.790163993835449219e+00
1.711804941891575282e+00  2.351936446533850589e+00  -1.417116915601689398e+00  -3.141592653589793116e+00  2.949649099387772200e-01  5.562383615617354504e-01  9.845021963119506836e+00
1.884007571342230181e+00  2.908010590451390875e+00  -2.286609409001759019e+00  -3.141592653589793116e+00  2.800144779992795874e-01  5.638126937940883820e-01  9.911456108093261719e+00
1.997056641263885934e+00  2.176532119557863520e+00  -1.775097056503757598e+00  -3.141592653589793116e+00  4.982550880755831080e-01  6.122370830981781475e-01  9.972082138061523438e+00
2.138024769160830729e+00  2.359752268230716488e-01  3.397790969417990858e-02  -3.141592653589793116e+00  6.764351109929881423e-01  6.877699308317305471e-01  1.002382493019104004e+01
2.325605384087651828e+00  -2.882713994025911219e+00  2.916344898934651653e+00  -1.883738966193905684e+00  4.825513762618656721e-01  7.927839256521591604e-01  1.010520100593566895e+01
2.454991129230225333e+00  -2.959804617706802254e+00  2.957914137017696454e+00  -1.740100412943730968e+00  5.350861759013954000e-01  7.999816848389752488e-01  1.015255212783813477e+01
2.349818277663812793e+00  3.141592653589793116e+00  -3.141592653589793116e+00  -3.141592653589793116e+00  1.198683996182875244e+00  4.129114260048041274e-01  1.019730401039123535e+01
2.751753864340011013e+00  3.141592581706635467e+00  -3.141592585880573996e+00  -3.141592563337130439e+00  1.269387647123900731e+00  5.710690722968139177e-01  1.029086995124816895e+01
3.141592653589793116e+00  -1.769798568061622834e+00  1.355345025431977213e+00  -3.141592653589793116e+00  1.597231908707325898e+00  8.321309195469616116e-01  1.035160398483276367e+01
2.726115169488605883e+00  -3.141592653589793116e+00  3.069390709418846619e+00  -1.247236031245091858e+00  1.303634693240035114e+00  8.264434889464727929e-01  1.042228198051452637e+01
2.683515361012649425e+00  -3.141592653589793116e+00  3.050674945554390227e+00  -9.183737108787640713e-01  1.296554750218971153e+00  7.643547965664010402e-01  1.047647404670715332e+01
2.559585994454293356e+00  -3.141592653589793116e+00  3.061253259458980303e+00  -6.949733372639605999e-01  1.237925139692384935e+00  7.432923312970091123e-01  1.051653194427490234e+01
2.278990545712730409e+00  -3.141592653589793116e+00  3.097202430356444491e+00  2.554760438063756744e+00  1.538457459166686914e-01  9.167851606032902945e-01  1.055180597305297852e+01
2.175580583667973578e+00  -3.141592653589793116e+00  3.096863539820261746e+00  2.670034737866179508e+00  5.864210605256493097e-02  9.164300400553521131e-01  1.058931303024291992e+01
1.823760323344043810e+00  -3.141592653589793116e+00  3.098431513390409009e+00  2.881706256241675312e+00  -1.086665094631707129e+00  1.090760063525353152e+00  1.062902092933654785e+01
1.715108811436984793e+00  -3.141592653589793116e+00  3.102631483936479029e+00  2.849775686511789807e+00  -1.166946438570913180e+00  1.094998136197118388e+00  1.066574907302856445e+01
1.613375597451425669e+00  -3.107202301357998131e+00  3.080476476890301907e+00  2.902708652753905216e+00  -1.236090201159240731e+00  1.084699747718876006e+00  1.070836400985717773e+01
1.564966061398290309e+00  -3.141592635338847916e+00  3.117651986296407607e+00  2.991739114293333390e+00  -1.287791007043819880e+00  1.106039894958401382e+00  1.074491596221923828e+01
1.340506385330777261e+00  -3.125282343532938434e+00  3.097024983494294670e+00  2.844210043958369294e+00  -1.452049736156690640e+00  1.101490108840935678e+00  1.078342700004577637e+01
1.217176765459134558e+00  -3.043368844463503198e+00  3.026112921846352055e+00  2.902282611544602542e+00  -1.535683977170587022e+00  1.089738941697882435e+00  1.083746194839477539e+01
6.894326382374430517e-01  -3.053341505212997298e+00  3.014775732567886557e+00  2.898312656041429847e+00  -2.062742996095683345e+00  1.273241491611541987e+00  1.087802290916442871e+01
6.601035393439346199e-01  -3.111638381523829988e+00  3.101136245026192562e+00  3.032810071496162330e+00  -2.170420235886161286e+00  1.253959802041724192e+00  1.091865897178649902e+01
6.197804248164745511e-01  -3.103726806675424221e+00  3.067771323765227098e+00  3.066583362621401854e+00  -2.286709277418370156e+00  1.358484090089019602e+00  1.096318411827087402e+01
5.220480538135420234e-01  -3.018572075684284428e+00  3.001548271237636456e+00  3.002819020245564907e+00  -2.295102403389914780e+00  1.328681992040410709e+00  1.101318693161010742e+01
0.000000000000000000e+00  0.000000000000000000e+00  0.000000000000000000e+00  0.000000000000000000e+00  0.000000000000000000e+00  0.000000000000000000e+00  1.105711102485656738e+01
0.000000000000000000e+00  0.000000000000000000e+00  0.000000000000000000e+00  0.000000000000000000e+00  0.000000000000000000e+00  0.000000000000000000e+00  1.110032200813293457e+01
0.000000000000000000e+00  0.000000000000000000e+00  0.000000000000000000e+00  0.000000000000000000e+00  0.000000000000000000e+00  0.000000000000000000e+00  1.113540005683898926e+01
3.141592653589793116e+00  -1.453629305604436484e+00  1.792761573781848305e+00  -4.439159568220096275e-01  2.712927318101945318e+00  1.671354090726469566e-01  1.194332408905029297e+01
3.141592653589793116e+00  -1.222478243160359801e+00  1.575026692690848940e+00  -5.067206096987658670e-01  3.141592653589793116e+00  1.310145573860010959e-01  1.202399110794067383e+01
3.141592653589793116e+00  -9.993715723731932954e-01  1.335578190006321941e+00  -5.860190438998154061e-01  3.141592653589793116e+00  1.959194697325748052e-02  1.210181403160095215e+01
3.141592653589793116e+00  -4.574115190557472843e-01  7.888305855464966543e-01  -7.511438863227432039e-01  3.141592653589793116e+00  -2.442771381867655245e-01  1.216559696197509766e+01
1.560540958082397012e+00  -5.760151353084875803e-01  9.838090619784104485e-01  -1.101062383295788205e+00  1.712772427893557214e+00  -2.549360998829601765e-01  1.226371097564697266e+01
3.141592653589793116e+00  -9.999995082293079707e-03  2.047424932031667866e-01  -1.303092554850530771e+00  3.141592653589793116e+00  -3.195358560623949296e-01  1.231108808517456055e+01
3.141592653589793116e+00  4.346560601740842578e-01  -2.592428589246363324e-01  -1.111052103806556612e+00  3.141592616183229936e+00  -4.319171084523951154e-01  1.239359402656555176e+01
3.141592653589793116e+00  2.678585378905190897e-02  7.551924032752646565e-02  -5.625681723655728828e-01  3.141592653589793116e+00  -4.716917992427900885e-01  1.249312090873718262e+01
3.141592653589793116e+00  3.273101575009371850e-02  5.353251283356355583e-02  -7.328160416519670095e-01  3.141592026285713324e+00  -4.339198269197573343e-01  1.258982110023498535e+01
3.141592653589793116e+00  9.113689814934635702e-01  -8.343068785974000479e-01  -1.445710397840803241e+00  3.141592653589793116e+00  -3.977170104591980504e-01  1.266592097282409668e+01
3.141592653589793116e+00  1.066421477383846739e+00  -9.710399076618806413e-01  -1.620406830014436972e+00  3.141592653589793116e+00  -4.882239528115887572e-01  1.276715111732482910e+01
3.141592653589793116e+00  9.087455911925780283e-01  -8.698804398078364697e-01  -1.323154241823111921e+00  3.141592653589793116e+00  -4.285018411329796217e-01  1.282970094680786133e+01
3.141592653589793116e+00  3.141592653589793116e+00  -3.141592653589793116e+00  -3.141592653589793116e+00  3.141592653589793116e+00  -4.813789243780068339e-01  1.288794994354248047e+01
3.141592653589793116e+00  3.141592653589793116e+00  -3.141592653589793116e+00  -3.141592653589793116e+00  3.141592653589793116e+00  -4.803671986084335210e-01  1.293695712089538574e+01
3.141592651899770328e+00  3.141592613997838956e+00  -3.141592595820287492e+00  -3.141592280567109263e+00  3.141592327258230011e+00  -4.921109689818682353e-01  1.298165011405944824e+01
2.812844817823356713e+00  3.141592653589793116e+00  -3.141592653589793116e+00  -3.141592644872804652e+00  3.141592650334163128e+00  -4.897893322331399180e-01  1.304003095626831055e+01
2.337055731537160064e+00  3.141592653589793116e+00  -3.141592653589793116e+00  -3.141592613220125507e+00  3.141592653589793116e+00  -4.901337252056928162e-01  1.309574198722839355e+01
1.990673443324555869e+00  3.141592653589793116e+00  -3.141592653589793116e+00  -3.141592638262619364e+00  3.141592653589793116e+00  -4.752372887846239569e-01  1.313804697990417480e+01
1.626489780003685715e+00  3.141592653589793116e+00  -3.141592653589793116e+00  -3.141592645977565823e+00  3.141592653589793116e+00  -4.708623309419326386e-01  1.318129491806030273e+01
1.181644393085060862e+00  3.141592653589793116e+00  -3.141592653589793116e+00  -3.141592651548118287e+00  3.141592653589793116e+00  -4.531998610417169449e-01  1.322228407859802246e+01
8.636519832195862501e-01  3.141592653589793116e+00  -3.141592653589793116e+00  -3.141592653481387387e+00  3.141592653589793116e+00  -4.395238611891598701e-01  1.326167702674865723e+01
4.088933897175641152e-01  3.141592653589793116e+00  -3.141592653589793116e+00  -3.141592653589793116e+00  3.141592653589793116e+00  -4.248476509453368299e-01  1.331139993667602539e+01
-1.099709247204711526e-01  3.141592653589793116e+00  -3.141592653589793116e+00  -3.141592653589793116e+00  3.008374785951291486e+00  -4.192526081028986606e-01  1.335222506523132324e+01
-4.951317423642761506e-01  3.141592653589793116e+00  -3.141592653589793116e+00  -3.141592653589793116e+00  2.318128936898256054e+00  -4.005565495003028387e-01  1.341092109680175781e+01
-2.347748734496984735e+00  3.141592653589793116e+00  -3.141592653589793116e+00  -3.141592653589793116e+00  -7.777905128550172131e-01  -3.778609465220797992e-01  1.346510791778564453e+01
-2.859516846335839801e+00  2.350541432751656945e+00  -2.554694426594005918e+00  1.255376312344073098e-01  -2.681610484085414026e+00  -3.718544399535895773e-01  1.352694797515869141e+01
-2.958275090807136465e+00  2.092118619028609849e+00  -2.279425473473239094e+00  1.006011526145814905e+00  -3.039095433933777901e+00  -3.409759761086119667e-01  1.357418298721313477e+01
-3.024108399619540588e+00  1.734030311373915945e+00  -1.914875520573380729e+00  1.697127210808013542e+00  -3.141592585813012484e+00  -3.514383794498488478e-01  1.362416005134582520e+01
-2.957834543739613409e+00  1.175527767855683692e+00  -1.449795088807435572e+00  2.358496600167149015e+00  -3.141592653589793116e+00  -3.276971034740022160e-01  1.366653800010681152e+01
-2.955812540121225851e+00  8.539520306304637653e-01  -1.170218256860323436e+00  2.673812762698926093e+00  -3.017644590065608590e+00  -3.061483758594710780e-01  1.370980811119079590e+01
-2.915156455474575470e+00  3.263434854636062532e-01  -7.534496758632632796e-01  2.813892232669748861e+00  -3.038046940834544962e+00  -3.059221925548069043e-01  1.375008606910705566e+01
-2.974974757324123864e+00  -2.105988644866971349e+00  1.680533035758762006e+00  3.047723494178022019e+00  -3.104522596947025814e+00  -2.397699902162124808e-01  1.380340600013732910e+01
-2.986275793349414620e+00  -2.460248662604021419e+00  2.248945197223721326e+00  3.117448384500808967e+00  -3.079498204183353849e+00  -1.752555567279598936e-01  1.385153198242187500e+01
-2.915716564462703442e+00  -2.503552844981378644e+00  2.298570765294847718e+00  3.141592653589793116e+00  -3.009370224606899402e+00  -1.530751445316265447e-01  1.389969897270202637e+01
-2.836046130644978014e+00  -2.565942480329388875e+00  2.363519626666958029e+00  3.141592653589793116e+00  -2.954412246424338306e+00  -1.450228258053678776e-01  1.395291709899902344e+01
-2.820979900814451824e+00  -2.636874327490764003e+00  2.430710339255407249e+00  3.141592653589793116e+00  -2.949211622348802297e+00  -1.325494619771654947e-01  1.399892497062683105e+01
-2.768022288961088595e+00  -2.683439344768407953e+00  2.486749473059586713e+00  3.141592653589793116e+00  -2.900274970351572001e+00  -1.259843625142944012e-01  1.403816294670104980e+01
-2.732975913321316064e+00  -2.734582628595457976e+00  2.548768775317398649e+00  3.141592653589793116e+00  -2.857985456897699894e+00  -1.318378170932661131e-01  1.407812690734863281e+01
-2.664113967900327395e+00  -2.765554644115441274e+00  2.609092456153597972e+00  3.141592653589793116e+00  -2.734713667399027326e+00  -5.684129263505275503e-02  1.411504793167114258e+01
-2.702235599839752034e+00  -2.799482123799692523e+00  2.678611546861621839e+00  3.141592653589793116e+00  -2.775670883273244183e+00  -5.297863540292355872e-02  1.414819812774658203e+01
-2.686215384682099305e+00  -2.869169152939562650e+00  2.713363587325865467e+00  3.141592653589793116e+00  -2.779262174992777279e+00  -1.308985550980172330e-01  1.418838310241699219e+01
-2.594326223458337743e+00  -2.827323533180709170e+00  2.683707685855512448e+00  3.141592653589793116e+00  -2.696931372944369798e+00  5.840968369458485188e-02  1.423162412643432617e+01
0.000000000000000000e+00  0.000000000000000000e+00  0.000000000000000000e+00  0.000000000000000000e+00  0.000000000000000000e+00  0.000000000000000000e+00  1.426047992706298828e+01
0.000000000000000000e+00  0.000000000000000000e+00  0.000000000000000000e+00  0.000000000000000000e+00  0.000000000000000000e+00  0.000000000000000000e+00  1.430214500427246094e+01
0.000000000000000000e+00  0.000000000000000000e+00  0.000000000000000000e+00  0.000000000000000000e+00  0.000000000000000000e+00  0.000000000000000000e+00  1.433685803413391113e+01
-3.141592653589793116e+00  1.673092648208349242e+00  -2.232420642791824505e+00  -1.595496999753792111e-01  -2.913227311701405142e+00  -6.958845430688446188e-01  1.515551209449768066e+01
-2.282409750311531482e+00  1.424968866315953653e+00  -1.787553550017123571e+00  1.947673904715646331e-01  3.141592653589793116e+00  -6.080728117220246531e-01  1.524864602088928223e+01
2.957063724438508512e+00  1.491496759576039333e+00  -5.740763123282799363e-01  1.461412028863235291e+00  3.141592653589793116e+00  -5.220166139902165936e-01  1.533815002441406250e+01
3.141592653589793116e+00  1.542670581985748690e+00  -9.171506952890939868e-01  -1.543573927565792259e-01  3.141592653589793116e+00  -4.071795867699142812e-01  1.540936899185180664e+01
3.141592653589793116e+00  1.621737483860213658e+00  -4.083379172972370075e-01  1.502547455716711111e+00  3.141592653589793116e+00  -3.360979971130038102e-01  1.547365307807922363e+01
3.141592653589793116e+00  1.675221073166891061e+00  -7.810535186565382704e-01  1.333116978972250788e+00  3.141592653589793116e+00  -3.107196843732272784e-01  1.553544807434082031e+01
3.141592653589793116e+00  1.708661827155907753e+00  -3.079301390490858381e-01  9.867331224050110983e-01  3.141592653589793116e+00  -2.727777115158803722e-01  1.559857797622680664e+01
3.141592653589793116e+00  1.730673047745314497e+00  -1.644551819454460329e-01  4.576416342284689298e-01  3.141592653589793116e+00  -2.416184721802560054e-01  1.565422701835632324e+01
3.141592653589793116e+00  1.730195088318174701e+00  -2.102894807652989917e-02  -4.918112055500692414e-02  3.141592653589793116e+00  -2.273275639765129641e-01  1.571668100357055664e+01
3.141592653589793116e+00  1.735183500265735201e+00  -5.226880232389236047e-01  -4.145539147391564261e-01  3.141592653589793116e+00  -2.237869861778905844e-01  1.576622295379638672e+01
3.141592653589793116e+00  1.728631142902958606e+00  -1.050807530313695892e+00  -1.727238702135937276e-01  3.141592653589793116e+00  -2.414732514118388129e-01  1.583200311660766602e+01
3.141592653589793116e+00  1.052212790411482191e+00  -7.230229516416708524e-01  7.323036910589509896e-01  3.141592653589793116e+00  -2.460792165467137194e-01  1.589384603500366211e+01
3.141591584616203914e+00  4.247309377709210243e-01  -4.251794850757389388e-01  -1.224747262515106350e+00  3.141561994958096182e+00  -1.131935420940338721e-01  1.597581911087036133e+01
2.544419508516821971e-01  3.141592653589793116e+00  -2.550750933628321171e+00  -1.596565902812983273e+00  3.141592653589793116e+00  -1.566472080838882119e-01  1.607057094573974609e+01
1.495897418116435562e-01  3.141592653589793116e+00  -2.759280266412313054e+00  -1.688540527258534985e+00  3.141592653589793116e+00  -1.807634409308034873e-01  1.612639212608337402e+01
1.255274407337885423e+00  -3.336269228600846071e-01  6.922692270309126206e-02  -3.141592653589793116e+00  3.141592653589793116e+00  1.467570061887127908e-01  1.617182898521423340e+01
1.350628385117946140e+00  -1.634067278461786232e+00  1.720802176426513785e+00  -2.612622814460447973e+00  2.730837872701653790e+00  2.008782745418906945e-01  1.622542309761047363e+01
1.393959521504172239e+00  -2.198824858405044047e+00  2.226314399855741755e+00  -2.191741091785801565e+00  2.787578582587555864e+00  2.326634333542245137e-01  1.626827812194824219e+01
1.478532764364967500e+00  -2.546524818948051827e+00  2.469719522688853974e+00  -2.092907835579695064e+00  3.068489801837631870e+00  2.679517726084223450e-01  1.630483913421630859e+01
1.590284170737378933e+00  -2.934435815112311552e+00  2.798803140235265108e+00  -1.927448729417929218e+00  3.141592653589793116e+00  3.124962825443466374e-01  1.634254598617553711e+01
1.713167430125348778e+00  -3.098614274597347951e+00  2.985806082486969881e+00  -1.804679546032419202e+00  3.038821313903982357e+00  3.653071002707405368e-01  1.638746595382690430e+01
1.742063199611671775e+00  -3.138147084767383355e+00  3.050562554753748490e+00  -1.305709354627534902e+00  2.505641329564816111e+00  4.109287427782700175e-01  1.642761301994323730e+01
1.650061153795855828e+00  -3.141592653589793116e+00  3.053516234091987691e+00  -6.321666484838394107e-01  1.650984182030342584e+00  5.257528800638308075e-01  1.647068810462951660e+01
1.701646012993688339e+00  -3.141592653589793116e+00  3.063537750083463518e+00  -5.221700030986465846e-01  1.117996189995621448e+00  5.536502156345681769e-01  1.650758314132690430e+01
1.709770361181496723e+00  -3.141592653589793116e+00  3.071601879084554731e+00  -3.460629257242173185e-01  4.027552460584204463e-01  5.767241807769039053e-01  1.654608201980590820e+01
1.734592910836450619e+00  -3.141592653589793116e+00  3.076228284293979875e+00  -2.256192333972791286e-01  -1.316076677032394227e-01  5.984484138750747473e-01  1.658937811851501465e+01
1.742411159147235766e+00  -3.141592653589793116e+00  3.084817818591708782e+00  -1.377560008994973828e-01  -4.551380201367725697e-01  6.264352580841301421e-01  1.662669992446899414e+01
1.727909524571580313e+00  -3.141592653589793116e+00  3.089376442027925052e+00  -1.202548280423326212e-02  -8.005125835800739331e-01  6.445645232960789395e-01  1.665927410125732422e+01
1.705132445603280589e+00  -3.141592653589793116e+00  3.083804043099168002e+00  7.643387249725164256e-02  -1.070178465605816642e+00  6.489675407305002253e-01  1.669600892066955566e+01
1.687366740234042872e+00  -3.141592653589793116e+00  3.087351620188399703e+00  1.250489708669084987e-01  -1.212163048240256780e+00  6.450384578035746053e-01  1.673120808601379395e+01
1.681824117859300083e+00  -3.141592653589793116e+00  3.097928461514204646e+00  2.376449508154962198e-01  -1.492354233451787637e+00  6.575132432394396043e-01  1.675722813606262207e+01
1.670904343191676800e+00  -3.141592653589793116e+00  3.095601703089807533e+00  5.696834598114770554e-01  -2.179837434425674125e+00  7.343824215764339636e-01  1.684722495079040527e+01
1.676822735669030617e+00  -3.141592653589793116e+00  3.116361563338575280e+00  6.627186477207939186e-01  -2.402963210517737647e+00  7.477665543464546705e-01  1.688027596473693848e+01
1.429814460556472877e+00  -3.141592653589793116e+00  3.117660603095254057e+00  1.911164503340335719e+00  -2.949616359570371937e+00  1.016322322797454714e+00  1.691921997070312500e+01
1.394692168474478633e+00  -3.141592653589793116e+00  3.123764791474809233e+00  1.995448049853836059e+00  -2.984772466003642322e+00  1.029647237336952514e+00  1.695599699020385742e+01
1.360756240201696388e+00  -3.141592653589793116e+00  3.111220585050127774e+00  2.058921984750340162e+00  -2.978406109166706006e+00  1.037120681450340642e+00  1.699517393112182617e+01
1.118103105279464327e+00  -3.141592609233895939e+00  3.123863385916925584e+00  2.533655738390006906e+00  -2.949428234378831615e+00  1.306293316208331667e+00  1.703400611877441406e+01
1.094849925630432930e+00  -3.141592653589793116e+00  3.136738082760321955e+00  2.582126864801645549e+00  -2.937130168567843036e+00  1.313809782286165406e+00  1.707053303718566895e+01
1.051806740890901759e+00  -3.141592653589793116e+00  3.129348308798700184e+00  2.635620393262618322e+00  -2.906321351263919883e+00  1.331430273917413309e+00  1.711478710174560547e+01
1.013716549891974461e+00  -3.141592653589793116e+00  3.115633534001348348e+00  2.667954194612981667e+00  -2.886337113783709718e+00  1.356516650810434044e+00  1.715695500373840332e+01
9.840057501051006073e-01  -3.141592623138089735e+00  3.133296035817326963e+00  2.715868188573371977e+00  -2.898132226729160710e+00  1.381237553539623741e+00  1.720014595985412598e+01
7.341400265422671767e-01  -3.141592653589793116e+00  3.141006534981371168e+00  2.822080290315044149e+00  -2.824713682487921318e+00  1.649904804420285531e+00  1.723815202713012695e+01
7.086800673435112996e-01  -3.141592653589793116e+00  3.135249737688625693e+00  2.813811977742302517e+00  -2.809864538943353196e+00  1.658713394796286211e+00  1.728150391578674316e+01
6.821615967485591403e-01  -3.141592596593279385e+00  3.131870281738641904e+00  2.942588927807038512e+00  -2.774900016276882653e+00  1.718336175820177170e+00  1.732110500335693359e+01
6.485430997281690368e-01  -3.141592395171595609e+00  3.134715432590938988e+00  2.960321547332796399e+00  -2.798980220515821848e+00  1.714000122549149019e+00  1.735966205596923828e+01
0.000000000000000000e+00  0.000000000000000000e+00  0.000000000000000000e+00  0.000000000000000000e+00  0.000000000000000000e+00  0.000000000000000000e+00  1.740154409408569336e+01
0.000000000000000000e+00  0.000000000000000000e+00  0.000000000000000000e+00  0.000000000000000000e+00  0.000000000000000000e+00  0.000000000000000000e+00  1.745076012611389160e+01
0.000000000000000000e+00  0.000000000000000000e+00  0.000000000000000000e+00  0.000000000000000000e+00  0.000000000000000000e+00  0.000000000000000000e+00  1.749696803092956543e+01
3.141592653589793116e+00  -1.592178904388648064e+00  2.326735224341750730e+00  -5.170705207167290707e-02  2.806058580016197013e+00  1.045280792636456152e-01  1.830704903602600098e+01
2.165028116771183342e+00  -2.252090355884501793e+00  2.465433156937882675e+00  -3.336082225097708465e-01  1.777019981186825914e+00  -3.695974319698259181e-01  1.838061594963073730e+01
3.141592653589793116e+00  -1.787087884650520930e+00  1.888668919897639409e+00  1.574247307365111981e-01  3.141592653589793116e+00  4.278523293193142729e-02  1.848826193809509277e+01
3.141592653589793116e+00  -5.288179342454454313e-01  1.480719738052477474e+00  7.494311519348678674e-01  -2.388965917389783034e+00  5.037830311205510059e-01  1.856364893913269043e+01
3.141592653589793116e+00  -9.223589076376276230e-01  1.741790371016403549e+00  -5.955320827360560676e-01  3.141592653589793116e+00  -3.471007000445160973e-01  1.865479803085327148e+01
3.141589353441832433e+00  -8.903266660355535489e-01  4.688687309071027931e-01  9.454997067343784423e-02  3.141583279059027678e+00  -4.479651961925431580e-01  1.873296308517456055e+01
3.141592653589793116e+00  -2.611386946463374881e-01  1.074808466334262080e+00  6.202073630748440678e-04  2.532414153464487505e+00  -3.225802632524539248e-01  1.882920193672180176e+01
3.141592653589793116e+00  6.014271515227195136e-02  5.142411972217232341e-01  1.786540549175925086e-01  3.141592653589793116e+00  5.186396095783565308e-01  1.891242599487304688e+01
3.141592653589793116e+00  3.067064404926560517e-01  -1.563595055739723239e-01  -6.430238876614843280e-01  3.141592653589793116e+00  1.499650847854055169e-01  1.900016212463378906e+01
3.141592653589793116e+00  4.536258939668126877e-01  -2.796359199323905087e-01  -8.264392016433567134e-01  3.141592653589793116e+00  1.287901629591201857e-01  1.905953812599182129e+01
3.141592653589793116e+00  6.159634039696590957e-01  -3.176676531976964091e-01  -8.900327990542826750e-01  3.141592653589793116e+00  -6.125178933153110905e-02  1.910648798942565918e+01
3.141592653589793116e+00  3.141592653589793116e+00  -3.141592653589793116e+00  -3.141592653589793116e+00  3.141592653589793116e+00  -2.491968868185734098e-01  1.916202497482299805e+01
2.841934031021582374e+00  3.141592653589793116e+00  -3.141592653589793116e+00  -3.141592641940496922e+00  3.141592653589793116e+00  -4.679231039625502686e-01  1.922171902656555176e+01
2.990181780910205145e+00  3.141592653589793116e+00  -3.141592653589793116e+00  -3.141592653589793116e+00  3.141592653589793116e+00  -4.640513964674964908e-01  1.929295706748962402e+01
2.326432696050100724e+00  3.141592653589793116e+00  -3.141592653589793116e+00  -3.141592653589793116e+00  3.141592653589793116e+00  -4.945139845111258814e-01  1.936278510093688965e+01
2.104090923235104604e+00  3.141592653589793116e+00  -3.141592653589793116e+00  -3.141592653589793116e+00  3.141592653589793116e+00  -5.249877044145379035e-01  1.941451001167297363e+01
1.916108903355941973e+00  3.141592653589793116e+00  -3.141592653589793116e+00  -3.141592653589793116e+00  3.141592653589793116e+00  -5.383262836475938284e-01  1.945654392242431641e+01
1.801122314810014613e+00  3.141592653589793116e+00  -3.141592653589793116e+00  -3.141592653589793116e+00  3.141592653589793116e+00  -5.334959673420547333e-01  1.949679613113403320e+01
1.739778860662005489e+00  3.141592653589793116e+00  -3.141592653589793116e+00  -3.141592653589793116e+00  3.141592653589793116e+00  -5.382898082589507860e-01  1.953783893585205078e+01
1.807729975043936843e+00  3.141592653589793116e+00  -3.141592653589793116e+00  -3.141592653589793116e+00  3.141592653589793116e+00  -5.325848455416670735e-01  1.958152198791503906e+01
2.207594882472183606e+00  3.141592653589793116e+00  -3.141592653589793116e+00  -2.295042132396457824e+00  3.141592653589793116e+00  -5.102900728854961043e-01  1.962738013267517090e+01
-1.063534377579405499e+00  3.141592653589793116e+00  -3.141592653589793116e+00  -2.085659986938034560e+00  3.141592653589793116e+00  -4.973653047178605568e-01  1.968322396278381348e+01
-1.850109175525956440e+00  3.141592653589793116e+00  -3.141592653589793116e+00  -2.893080719287065783e+00  1.681002191079225883e+00  -5.110770771342514340e-01  1.977056598663330078e+01
-2.436196016349393201e+00  2.581285756023413924e+00  -2.231788163393614521e+00  -1.603224253509854202e+00  -9.664211120040882008e-01  -4.891668787237609672e-01  1.986144804954528809e+01
-2.555225010480935754e+00  2.312280072093698902e+00  -1.953145163707846965e+00  -1.103082938296939597e+00  -1.776331730984640478e+00  -4.664283255597023725e-01  1.990961909294128418e+01
-2.137199998196861905e+00  1.795897631501774949e+00  -1.531019831742131965e+00  9.009164416717834190e-01  -2.825532071684440982e+00  -4.580606281026732840e-01  1.994408202171325684e+01
-2.342510209418716016e+00  1.637077367689784513e+00  -1.409932366343887411e+00  1.102360795997214371e+00  -3.141591975084832455e+00  -4.337587515442966057e-01  2.000080609321594238e+01
-2.454709390565477545e+00  1.470088018434739130e+00  -1.222970028312704516e+00  1.393546649323499365e+00  -3.141592653589793116e+00  -4.354879916418580299e-01  2.004722595214843750e+01
-2.529661025074421588e+00  1.286334456908113433e+00  -1.100748575182451949e+00  1.701696108810777819e+00  -3.141592653589793116e+00  -4.285063350474361266e-01  2.008977699279785156e+01
-2.588331921528356006e+00  1.066958980857276362e+00  -9.418609507966257954e-01  1.906250974945584931e+00  -3.141592653589793116e+00  -4.071412051015854128e-01  2.012809300422668457e+01
-2.489551957645212088e+00  5.912909511466626356e-01  -5.520666641497399274e-01  2.062459987076063594e+00  -3.141591822649461463e+00  -4.008465081701913513e-01  2.016650295257568359e+01
-2.600876794447423368e+00  -1.577920805372177604e+00  1.036677281749393664e+00  2.544127772382200892e+00  -3.132881797081416675e+00  -3.493407832441936534e-01  2.020813202857971191e+01
-2.496562641223111001e+00  -2.374173819171568667e+00  1.939359810850468602e+00  2.644599517615249251e+00  -3.040067154580693654e+00  -2.739350903628512413e-01  2.025933194160461426e+01
-2.427859551643983149e+00  -2.385158955262252523e+00  1.973484214760110600e+00  2.654818585218568838e+00  -2.952205194569729851e+00  -2.578581024958923051e-01  2.030009603500366211e+01
-2.384558057819343713e+00  -2.437894279633439076e+00  2.033482657286733275e+00  2.677585251341890515e+00  -2.908662265433715977e+00  -2.477855676342068381e-01  2.034074997901916504e+01
-2.381113338085576014e+00  -2.514288193203930266e+00  2.115520248735994979e+00  2.732088512289954529e+00  -2.919421485775206992e+00  -2.497427371658839657e-01  2.038194894790649414e+01
-2.289667740527618900e+00  -2.506642622875718818e+00  2.136717188934722955e+00  2.674881659905921971e+00  -2.803796613994019804e+00  -2.296582226081367861e-01  2.042147493362426758e+01
-2.287011601385924298e+00  -2.596778034604588559e+00  2.226336959995951048e+00  2.733213039262112787e+00  -2.811618782102032643e+00  -2.298453344692094058e-01  2.045924711227416992e+01
-2.245030759715960222e+00  -2.620315867107756880e+00  2.264823485477918119e+00  2.723311361271951281e+00  -2.763026197251907234e+00  -2.223798792364728993e-01  2.049309301376342773e+01
-2.221467909416055875e+00  -2.759503341657038700e+00  2.472453078152708983e+00  2.758826533107154866e+00  -2.745260917614622542e+00  -1.627620158594515476e-01  2.053023099899291992e+01
-2.161498093274083043e+00  -2.783040879401952328e+00  2.514630146293678870e+00  2.730583616104638622e+00  -2.705678359237360109e+00  -1.430934667210559119e-01  2.056805300712585449e+01
-2.072126030241914663e+00  -2.821333291372937424e+00  2.572119410508372894e+00  2.794845564849184338e+00  -2.573178148242062591e+00  -1.061575785566765961e-01  2.060219502449035645e+01
-2.159445231792759934e+00  -2.796900149569318650e+00  2.546919588830220960e+00  2.812994039698260451e+00  -2.677429187167950086e+00  -1.357644656267384120e-01  2.064280700683593750e+01
-2.104243260858573272e+00  -2.843236961653596850e+00  2.593791631974749823e+00  2.765999473152471300e+00  -2.560934478237178791e+00  -1.381205934042225580e-01  2.068670892715454102e+01
0.000000000000000000e+00  0.000000000000000000e+00  0.000000000000000000e+00  0.000000000000000000e+00  0.000000000000000000e+00  0.000000000000000000e+00  2.072388100624084473e+01
0.000000000000000000e+00  0.000000000000000000e+00  0.000000000000000000e+00  0.000000000000000000e+00  0.000000000000000000e+00  0.000000000000000000e+00  2.075510907173156738e+01
0.000000000000000000e+00  0.000000000000000000e+00  0.000000000000000000e+00  0.000000000000000000e+00  0.000000000000000000e+00  0.000000000000000000e+00  2.079150509834289551e+01
-3.141592653589793116e+00  2.493054938215707672e+00  -3.007735201371724898e+00  2.071272156777961004e-01  -2.819839166830661270e+00  -5.145872492900777084e-01  2.160775709152221680e+01
-1.407845576235201790e+00  2.019781227250788014e+00  -2.393989373667130938e+00  1.227848565786271717e-01  3.141592653589793116e+00  -3.963836400595354137e-01  2.169322299957275391e+01
2.058694913503028801e+00  2.063590253149552911e+00  -1.028807405254007490e+00  9.777232418210678178e-02  3.141592653589793116e+00  -4.490992597866743652e-01  2.176752710342407227e+01
3.141592653589793116e+00  2.006218464815508362e+00  -1.864100974556185175e+00  -6.142634955304390743e-02  3.141592653589793116e+00  -4.058875914169689514e-01  2.183412694931030273e+01
3.141592549018310976e+00  1.619873164968876900e+00  -7.486573430308735011e-01  1.020178119309342657e+00  3.141592470458173914e+00  -3.382263813277882614e-01  2.189041495323181152e+01
3.141592653589793116e+00  2.121887302783027618e+00  -4.717758111353977934e-01  4.749248302083838857e-01  3.141592653589793116e+00  -3.219109433796455977e-01  2.193792104721069336e+01
3.141592653589793116e+00  2.141489177001717259e+00  -5.265229326993840775e-02  2.124970356455476439e-01  3.141592653589793116e+00  -3.086820224179602223e-01  2.199154305458068848e+01
3.141592653589793116e+00  2.121466831555093968e+00  3.061576176222333481e-02  2.268320795678749613e-01  3.141592653589793116e+00  -2.832472854351531510e-01  2.203913998603820801e+01
3.141592653589793116e+00  1.845191104107232194e+00  1.619455969497075321e-01  -5.324509225781444144e-01  3.141592653589793116e+00  -2.648509286759119785e-01  2.208960103988647461e+01
3.141592653589793116e+00  1.944912062598471492e+00  3.420391233305494771e-01  -3.930408061875269587e-01  3.141592653589793116e+00  -2.552725923409030484e-01  2.214382600784301758e+01
3.141592653589793116e+00  1.349788312843051230e+00  5.056914248781911869e-01  6.137600242159984426e-02  3.141592653589793116e+00  -2.522505129567881310e-01  2.219210910797119141e+01
3.141592653589793116e+00  4.603426733461422615e-01  7.133943359873509138e-01  -5.144091595775298620e-01  3.141592653589793116e+00  -2.503604665551177888e-01  2.225708413124084473e+01
3.141592653589793116e+00  9.771481722289974969e-02  4.289931112901881338e-01  -5.740395427002155104e-01  3.141592653589793116e+00  -2.475381977987325954e-01  2.231361103057861328e+01
3.141592653589793116e+00  -2.461860084024763973e-02  6.844076933246974193e-01  4.314897467734229441e-01  3.141592653589793116e+00  -2.674431264142188569e-01  2.236587309837341309e+01
4.238227700893633654e-01  3.141592653589793116e+00  -2.709391151191229863e+00  -2.011112167883167601e+00  2.872217008355199219e+00  -2.200697450122088283e-01  2.245669293403625488e+01
1.264113462668330357e+00  3.141592653589793116e+00  -2.704045910227540261e+00  -2.133393321267017306e+00  2.879893436152561215e+00  -2.153825387577045503e-01  2.252324795722961426e+01
1.279729448082401078e+00  -3.141592653589793116e+00  2.503905884236604429e+00  -3.093862137450825500e+00  2.838113641591544223e+00  5.389129863935672449e-02  2.257372307777404785e+01
1.359836639108758627e+00  -3.141592653589793116e+00  2.836140996241395040e+00  -2.626340297671528656e+00  2.519968927836932604e+00  9.967305683663699178e-02  2.263548398017883301e+01
1.477752783368610157e+00  -3.141592653589793116e+00  2.866396450403438045e+00  -2.320671385713902080e+00  2.425051606965378692e+00  1.328049803741856161e-01  2.267962098121643066e+01
1.564501518188723184e+00  -3.141592653589793116e+00  2.919061914901101229e+00  -2.101786194689630349e+00  2.289191143994431243e+00  1.654788812403835407e-01  2.271936202049255371e+01
1.630302716608754476e+00  -3.141592653589793116e+00  2.957307627249774473e+00  -1.950962131636065466e+00  2.165153779361690400e+00  2.018420757036376301e-01  2.275492501258850098e+01
1.728443734644377727e+00  -3.141592653589793116e+00  3.001789822919743944e+00  -1.781333361001734561e+00  1.992003301615786093e+00  2.466396992805873212e-01  2.279655504226684570e+01
1.791050679575925120e+00  -3.141592653589793116e+00  3.003191708844056951e+00  -1.480659828222958607e+00  1.745554249600670405e+00  2.848026965280388012e-01  2.283856606483459473e+01
2.236893966899304420e+00  -2.301988939182246341e+00  1.168524393953608742e+00  -3.141574844515871323e+00  3.141589487905787070e+00  3.323902741603622091e-01  2.288073110580444336e+01
2.526493426335962855e+00  -3.141592653589793116e+00  3.085336597050805096e+00  -8.400596190905367244e-01  8.015150858620629926e-01  4.634343861375782025e-01  2.298833203315734863e+01
2.541105072225313233e+00  -3.141592653589793116e+00  3.083095980274888515e+00  -6.723633983116398261e-01  5.509812320745632874e-01  4.964777013274497830e-01  2.304870200157165527e+01
2.597257775651236944e+00  -3.141592653589793116e+00  3.046498688063290494e+00  -6.014160846543508132e-01  4.175389028121557211e-01  5.100424041413472720e-01  2.308416604995727539e+01
2.658813445235467476e+00  -3.141592653589793116e+00  3.060807106006826483e+00  -5.159176101805097447e-01  2.352019173332930702e-01  5.231640858848275455e-01  2.312878894805908203e+01
2.680130718717964822e+00  -3.141592653589793116e+00  3.079951309968270490e+00  -2.671171455928785243e-01  -1.740775659528474018e-01  5.657045651884814452e-01  2.316636800765991211e+01
2.705801033601764161e+00  -3.141592653589793116e+00  3.099761299457727048e+00  -1.136935441703192801e-02  -5.786516370010249544e-01  5.909705338832443866e-01  2.320708012580871582e+01
2.617355505002320726e+00  -3.141592653589793116e+00  3.110516799824592837e+00  5.293864919854939233e-01  -1.184251549033578765e+00  6.416143479328817456e-01  2.324965000152587891e+01
2.564415618705393918e+00  -3.141592653589793116e+00  3.125065923694939851e+00  7.245101498998074430e-01  -1.471053151060746966e+00  6.331002210540106478e-01  2.329208612442016602e+01
1.951658723980984611e+00  -3.141592653589793116e+00  3.137222457633515482e+00  2.271209749826915925e+00  -3.025397956797241328e+00  9.046107091306353487e-01  2.333453893661499023e+01
1.853885168930171190e+00  -3.141592653589793116e+00  3.122134008733462363e+00  2.365220086916636433e+00  -3.060045503922402155e+00  9.058466177302864075e-01  2.337406206130981445e+01
1.751395555400647508e+00  -3.123990525034085142e+00  3.141592628170357226e+00  2.476269483663254167e+00  -3.077328321985642212e+00  9.046361009897616601e-01  2.341532897949218750e+01
7.920160700951860422e-01  -3.137442345364094720e+00  3.141592639399545028e+00  2.910580320504297713e+00  -2.973019828173958601e+00  1.210013613347345585e+00  2.345439100265502930e+01
6.908439221487078230e-01  -3.141592653589793116e+00  3.140039205128719590e+00  2.949918959921926653e+00  -2.973868227703289069e+00  1.233475959193130800e+00  2.349778604507446289e+01
5.294991847539258778e-01  -3.136290956655380935e+00  3.141592653589793116e+00  2.982251278369154157e+00  -2.974549360946797893e+00  1.257115810234725961e+00  2.354774713516235352e+01
3.940739786819638657e-01  -3.126373989435355938e+00  3.141592653589793116e+00  3.028464925015974085e+00  -2.995805747401669716e+00  1.272697638373855966e+00  2.359588408470153809e+01
-9.743074490471756999e-01  -3.126652955889443586e+00  3.141592653589793116e+00  3.064913273746455058e+00  -2.952909337391671940e+00  1.621942551484470085e+00  2.364051604270935059e+01
-1.099830646862899108e+00  -3.141592653589793116e+00  3.141089472458792997e+00  3.056259247639079302e+00  -2.905822789581311572e+00  1.648560831697648554e+00  2.368246293067932129e+01
-1.305094579763208529e+00  -3.127179363228530296e+00  3.141592592495064284e+00  3.098201437004338921e+00  -2.927334471087219558e+00  1.663340902919618003e+00  2.372891902923583984e+01
-1.459985229133013984e+00  -3.116657405486394250e+00  3.138372796998897929e+00  3.110825845772666298e+00  -2.911569089718820003e+00  1.701413657929037759e+00  2.377541303634643555e+01
0.000000000000000000e+00  0.000000000000000000e+00  0.000000000000000000e+00  0.000000000000000000e+00  0.000000000000000000e+00  0.000000000000000000e+00  2.382597208023071289e+01
0.000000000000000000e+00  0.000000000000000000e+00  0.000000000000000000e+00  0.000000000000000000e+00  0.000000000000000000e+00  0.000000000000000000e+00  2.387260413169860840e+01
0.000000000000000000e+00  0.000000000000000000e+00  0.000000000000000000e+00  0.000000000000000000e+00  0.000000000000000000e+00  0.000000000000000000e+00  2.392035508155822754e+01
3.141592653589793116e+00  -2.307940672292576600e+00  1.578339264098725048e+00  -7.408821272692557303e-01  2.736098692134450339e+00  -3.205994521086456134e-02  2.473779797554016113e+01
3.141368081989988514e+00  -1.308490417235260717e+00  1.700497314748419253e+00  -3.683929276394342089e-01  -3.137489993522748044e+00  -1.334387368031547116e-01  2.481975102424621582e+01
3.141592653589793116e+00  -1.667286577841589512e+00  2.113915933184037588e+00  -7.496263638985987132e-01  3.141592653589793116e+00  -6.943382509910336897e-02  2.491230702400207520e+01
3.141592653589793116e+00  -3.803164623029258729e-01  3.872939317323997321e-01  -8.389805136477441749e-01  3.141592653589793116e+00  -2.766021757408546056e-01  2.500767803192138672e+01
3.141592653589793116e+00  9.041288928865647279e-01  -1.541799938623370947e+00  -2.779982907333682363e+00  3.141592647344757960e+00  -1.934616175983655983e+00  2.509610605239868164e+01
3.141592653589793116e+00  4.937622509640613444e-01  4.186130088378877678e-01  -1.774794676005176375e-01  3.141592653589793116e+00  -3.846643941933133304e-01  2.516812109947204590e+01
3.141592653589793116e+00  -2.200851826030355840e-01  -8.985659646721622096e-01  1.351198404401849074e-01  3.141592653589793116e+00  -4.870539443969371662e-01  2.524005413055419922e+01
3.141589587329697952e+00  -1.088801622933075752e-01  4.875147746915569069e-01  6.565701719702679573e-02  3.141584323896688957e+00  -7.720437198553674607e-01  2.534581613540649414e+01
3.141592653589793116e+00  -3.957370611408486671e-02  8.755992033705229938e-01  9.214056130930919908e-01  3.141592653589793116e+00  -4.849853143326804950e-01  2.544380402565002441e+01
3.141592653589793116e+00  5.569747922000481966e-01  1.820580342240590288e-01  6.205438219124032040e-01  3.141592653589793116e+00  -3.809643247575641989e-01  2.553507494926452637e+01
3.141592653589793116e+00  7.672477466981663108e-01  -2.557401031520372126e-01  -1.436086459782301983e-01  3.141592653589793116e+00  -4.639030925491706703e-01  2.560244894027709961e+01
3.141592653589793116e+00  8.045809604573755935e-01  -4.405653621704178624e-01  -4.247549230624233507e-01  3.141592653589793116e+00  -4.158363109935349078e-01  2.566205501556396484e+01
3.141592653589793116e+00  9.763726005400987784e-01  -5.606613512900314733e-01  -5.322779515608351275e-01  3.141592653589793116e+00  -3.949503886545351894e-01  2.570743894577026367e+01
3.141592653589793116e+00  1.089997153797257701e+00  -7.750733008263435142e-01  -6.200778876472945456e-01  3.141592653589793116e+00  -4.150952188121417308e-01  2.576994013786315918e+01
3.141592653589793116e+00  3.141592653589793116e+00  -3.141592653589793116e+00  -3.141592648717244529e+00  3.141592653589793116e+00  -3.647930272624225756e-01  2.583125090599060059e+01
3.141592653589793116e+00  1.331424576025309170e+00  -1.159337985165456164e+00  -9.725291761170753446e-01  3.141592653589793116e+00  -3.819127286694936063e-01  2.590838599205017090e+01
3.141592653589793116e+00  3.141592653589793116e+00  -3.141592653589793116e+00  -3.141592653589793116e+00  3.141592653589793116e+00  -3.333860914813869813e-01  2.597824692726135254e+01
3.141592653589793116e+00  3.141592653589793116e+00  -3.141592653589793116e+00  -3.141592653589793116e+00  3.141592653589793116e+00  -3.530601770853208365e-01  2.605311894416809082e+01
3.141592653589793116e+00  3.141592653589793116e+00  -3.141592653589793116e+00  -3.141592653589793116e+00  3.141592653589793116e+00  -3.393450320520434715e-01  2.612882614135742188e+01
3.141592653589793116e+00  3.141592653589793116e+00  -3.141592653589793116e+00  -3.141592653589793116e+00  3.141592653589793116e+00  -3.262012205858363934e-01  2.620708012580871582e+01
3.141592653589793116e+00  3.141592653589793116e+00  -3.141592653589793116e+00  -3.141592653589793116e+00  3.141592653589793116e+00  -3.109868388588105659e-01  2.625854301452636719e+01
2.258778275411820857e+00  3.141592653589793116e+00  -3.141592653589793116e+00  -3.141592653589793116e+00  3.141592653589793116e+00  -2.749711554320432572e-01  2.630414605140686035e+01
-3.731910801510982534e-01  3.141592653589793116e+00  -3.141592653589793116e+00  -3.141592653589793116e+00  3.039652849591575112e+00  -2.614926041542685042e-01  2.635243201255798340e+01
-1.761134040242441801e+00  2.235786415237153157e+00  -2.137635594371974701e+00  -1.406186403906948268e+00  1.702263722389312228e+00  -2.201941999891163237e-01  2.640695691108703613e+01
-2.347035476287321121e+00  1.979087083094180466e+00  -1.919908248600599610e+00  -1.079386827038187668e+00  9.579075006116742896e-01  -2.063633838429876632e-01  2.645753097534179688e+01
-3.099711939240440195e+00  1.848938525730233540e+00  -1.834122052823037974e+00  -9.018251606416690658e-01  -5.466609122618536487e-01  -1.857915756907813354e-01  2.650080013275146484e+01
-3.056101818949403803e+00  1.668177825733068387e+00  -1.678983986278988594e+00  -6.700857855460449208e-01  -1.598816477128286673e+00  -1.759338603411945423e-01  2.654646897315979004e+01
-3.087697287832299686e+00  1.379513871261572211e+00  -1.465696720868147507e+00  2.619858061508448244e-01  -3.141592653589793116e+00  -1.460096789848097931e-01  2.659394693374633789e+01
-3.055424694811113895e+00  1.030617008590914541e+00  -1.218561381383777675e+00  6.868268582119219090e-01  -3.141592653589793116e+00  -1.282349113687110131e-01  2.664240002632141113e+01
-3.082601701026014496e+00  7.773286508517366356e-01  -1.040893894746939496e+00  1.002804096786209742e+00  -3.141592653589793116e+00  -1.046035450425802371e-01  2.668484711647033691e+01
-3.072720118174965709e+00  2.536761759492344170e-01  -6.642803096221921999e-01  1.490569169414758033e+00  -3.141592653589793116e+00  -9.832784132879995864e-02  2.672455811500549316e+01
-3.021978774635107445e+00  -2.296800581973424960e-01  -3.157849768802803436e-01  1.852389460662772658e+00  -3.141592653589793116e+00  -4.701450113264446506e-02  2.677435302734375000e+01
-3.020178650550876753e+00  -1.169089469766307010e+00  2.933953582170844565e-01  2.278764550901907882e+00  -3.119445005060822229e+00  -5.629862589725934813e-02  2.682472395896911621e+01
-2.978553847409525002e+00  -1.393736373346833091e+00  4.632456315478640785e-01  2.407413634574593342e+00  -3.072001557514368209e+00  4.110979804266936405e-02  2.686606693267822266e+01
-2.970539822488980075e+00  -2.380834254834295116e+00  1.773298976662553983e+00  2.679529790280605450e+00  -3.039465562543638200e+00  1.066410029358777489e-01  2.690330195426940918e+01
-2.893557592281016611e+00  -2.521198011942544337e+00  2.161607122111786516e+00  2.740651964921146710e+00  -2.937082519366051692e+00  2.536139782802488973e-01  2.694340395927429199e+01
-2.808230281119488581e+00  -2.597302000275774958e+00  2.228556565764879593e+00  2.802663361680845622e+00  -2.873673279767922750e+00  2.618738951500315659e-01  2.699381899833679199e+01
-2.648958821554070475e+00  -2.588772886413535979e+00  2.246774339516260710e+00  2.759931507966660202e+00  -2.738078616925501141e+00  2.584120713999564778e-01  2.703496599197387695e+01
-2.636092710192491584e+00  -2.636299094368632634e+00  2.295286992666951686e+00  2.792594171789911872e+00  -2.745214376544904855e+00  2.751053881837556281e-01  2.706717896461486816e+01
-2.651843100146307641e+00  -2.709914683132190749e+00  2.378894334631398877e+00  2.869123540721564947e+00  -2.777569538841853536e+00  2.858335879393514301e-01  2.711036491394042969e+01
-2.528341644414051181e+00  -2.714370365824607223e+00  2.406425299252505479e+00  2.830947417265483157e+00  -2.654202889406517940e+00  2.982749632688522778e-01  2.717334699630737305e+01
-2.435524835109417197e+00  -2.716612496288513423e+00  2.472940835339260790e+00  2.787264607422857310e+00  -2.468635284953587306e+00  4.405180155090922534e-01  2.721191906929016113e+01
-2.423315688819583258e+00  -2.745459947561796454e+00  2.488555360795490667e+00  2.779954327429371652e+00  -2.430045935979324945e+00  4.584306692654981918e-01  2.724478793144226074e+01
-2.488529702431887980e+00  -2.834129954633051174e+00  2.586811416716145118e+00  2.924761568373517306e+00  -2.536997753955111623e+00  4.782581018702060094e-01  2.728707313537597656e+01
-2.346501933497521453e+00  -2.724095114952997942e+00  2.481233591902554103e+00  2.829898198446910484e+00  -2.413801123930736647e+00  4.618403149481537517e-01  2.732384204864501953e+01
-2.406464546548813477e+00  -2.854730355904587125e+00  2.609165692140863246e+00  2.908006791942011837e+00  -2.452827908580207161e+00  5.294946020371302797e-01  2.736757802963256836e+01
0.000000000000000000e+00  0.000000000000000000e+00  0.000000000000000000e+00  0.000000000000000000e+00  0.000000000000000000e+00  0.000000000000000000e+00  2.740289211273193359e+01
0.000000000000000000e+00  0.000000000000000000e+00  0.000000000000000000e+00  0.000000000000000000e+00  0.000000000000000000e+00  0.000000000000000000e+00  2.743743109703063965e+01
0.000000000000000000e+00  0.000000000000000000e+00  0.000000000000000000e+00  0.000000000000000000e+00  0.000000000000000000e+00  0.000000000000000000e+00  2.748291993141174316e+01
-3.141592653589793116e+00  1.673446917917571275e+00  -2.346714468134743381e+00  3.508789712137767025e-01  -2.830515001434790179e+00  -4.939567857455131605e-01  2.829337596893310547e+01
-3.141539387755690083e+00  1.480759277444365862e+00  -1.983834089015802160e+00  1.284985217617050021e-02  -1.509349802494776904e+00  -1.829273417081220821e+00  2.838577294349670410e+01
3.141592653589793116e+00  1.501568451037244012e+00  -1.920645954073804784e+00  2.607423214638403264e-02  3.141592653589793116e+00  -5.201066394542049887e-01  2.848082304000854492e+01
3.141592653589793116e+00  1.580229456524883558e+00  -1.293240384417276845e+00  -4.465852719783484082e-01  3.141592653589793116e+00  -4.272127385778011210e-01  2.855774807929992676e+01
3.141592653589793116e+00  1.661307555781180056e+00  -1.190262659292624425e+00  -6.340665471525340768e-01  3.141592653589793116e+00  -5.783812653743046761e-01  2.860763192176818848e+01
3.141592653589793116e+00  1.768606230392324230e+00  -1.306207363237956498e+00  -7.476466186241215173e-01  3.141592653589793116e+00  -4.475646845809940211e-01  2.865853095054626465e+01
3.141592653589793116e+00  1.882224683397402343e+00  -1.704272480797263567e+00  -9.452137801950593055e-01  3.141592653589793116e+00  -4.358984292427891538e-01  2.871630001068115234e+01
3.141592653589793116e+00  2.448567937635071079e+00  -6.566000201035701034e-01  6.490881902819636284e-01  7.756591498467665380e-01  -4.819221336871252204e-01  2.877423810958862305e+01
1.504953275993961226e+00  3.047032379646700040e+00  -3.141592653589793116e+00  -1.657035397782282038e+00  2.005364387064996645e+00  -4.504889316407224009e-01  2.884993505477905273e+01
2.327408382525092634e+00  3.141592653589793116e+00  -3.141592653589793116e+00  -1.815653247372658541e+00  2.686680024418061308e+00  -3.778747737902775072e-01  2.892843914031982422e+01
2.611044413370339878e+00  2.914859989923903605e+00  -2.712047123338857002e+00  -1.593416940844513796e+00  2.748014325066273411e+00  -3.250048803290034316e-01  2.900197601318359375e+01
2.592980411988158096e+00  2.533287250580009253e+00  -2.278109746661840518e+00  -1.544817800959965570e+00  2.746779032401771126e+00  -2.824037260381467851e-01  2.904971194267272949e+01
2.829489473736003013e+00  2.541251776500082382e+00  -2.319007250169348833e+00  -1.694755072950502761e+00  3.085698405440361558e+00  -2.393996986718349151e-01  2.910240197181701660e+01
3.141592653589793116e+00  2.801566811847386429e+00  -2.681430858596977718e+00  -1.905952765195295440e+00  3.141592653589793116e+00  -2.058846210707779567e-01  2.915336894989013672e+01
3.141592653589793116e+00  3.141592653589793116e+00  -3.141592653589793116e+00  -2.175197819036302160e+00  3.141592653589793116e+00  -1.682123089807564531e-01  2.920703291893005371e+01
2.800102263510840572e+00  -1.524238040042183329e+00  2.653209257963175638e+00  -2.642040511239582834e+00  2.652267597383093811e+00  1.101873088689307445e-01  2.925529503822326660e+01
2.735374901213066590e+00  -2.047723933982897648e+00  2.821706726997961212e+00  -2.395439745167230683e+00  2.645102120041360028e+00  1.389069237670089718e-01  2.931215190887451172e+01
2.581675336643684204e+00  -2.483454692295959720e+00  2.952399788332352504e+00  -1.780776337156940281e+00  2.701329399506594342e+00  1.719560849735895514e-01  2.935299205780029297e+01
2.566967685889992801e+00  -2.728345905613983380e+00  3.044045221497758025e+00  -1.607147009709720020e+00  2.559990374044584183e+00  2.098353803860762423e-01  2.939538598060607910e+01
2.663752438112009013e+00  -2.997635698977189289e+00  3.141592653589793116e+00  -1.468717374889881189e+00  2.592930433042020866e+00  2.456866685366796144e-01  2.943396711349487305e+01
2.660689060286564267e+00  -3.025982002396927051e+00  3.141592437477807920e+00  -9.534942872123172153e-01  2.474645709084917211e+00  3.366904070372989666e-01  2.947503805160522461e+01
2.511633675389756792e+00  -3.053080323415996222e+00  3.141592653589793116e+00  -7.221941632795866317e-01  2.290261060360764489e+00  3.689912753611455098e-01  2.951507592201232910e+01
2.353799190023132759e+00  -3.076800172974082148e+00  3.141592653589793116e+00  -5.772513244218014927e-01  1.943670451757223860e+00  3.982114812358095723e-01  2.955623102188110352e+01
2.191047497731718252e+00  -3.090819314564328124e+00  3.141592653589793116e+00  -3.955215698373883426e-01  1.456682965363899740e+00  4.189321259194003222e-01  2.960155797004699707e+01
1.974608104074826009e+00  -3.106372932119063623e+00  3.141592653589793116e+00  -1.604148524374197082e-01  8.956289332586198082e-01  4.605210535706580899e-01  2.964541602134704590e+01
1.793582545790332272e+00  -3.132209430272343553e+00  3.141592653589793116e+00  -4.458854401247587529e-02  6.174459220473162979e-01  4.916730353318479740e-01  2.968850207328796387e+01
1.544297844266229847e+00  -3.141592653589793116e+00  3.140794794331550843e+00  1.177686121508610406e-01  1.609105234382788852e-01  5.091404745567730261e-01  2.974041199684143066e+01
1.321530219992287591e+00  -3.141592653589793116e+00  3.129076028805368725e+00  2.441175156895331877e-01  -2.272230462069601276e-01  5.287366074294077567e-01  2.979017710685729980e+01
1.073751773202383797e+00  -3.141592653589793116e+00  3.127024448343681762e+00  4.014246736574892949e-01  -6.339457595015420832e-01  5.237897786300026448e-01  2.983343291282653809e+01
7.928274588956656377e-01  -3.141592653589793116e+00  3.116192344368813760e+00  5.939033440430976363e-01  -1.126642831931436772e+00  5.491136289114885161e-01  2.987753701210021973e+01
5.061286619308298373e-01  -3.141592653589793116e+00  3.110545334048447241e+00  8.341409303205163939e-01  -1.477946302011579949e+00  5.617812985032416551e-01  2.991515898704528809e+01
-9.803075738655174787e-01  -3.141592637057981641e+00  3.104410117216828358e+00  1.937586634983635703e+00  -3.032330600917100494e+00  8.620186859506300259e-01  2.995666408538818359e+01
-1.087095377163668219e+00  -3.141592653589793116e+00  3.100891065314598904e+00  1.999844401914323999e+00  -3.061649192521040952e+00  8.668289383037813822e-01  2.999768209457397461e+01
-1.175274389554635146e+00  -3.141592653589793116e+00  3.097733238384511090e+00  2.042808575786121406e+00  -3.066023295160070106e+00  8.699565677569787159e-01  3.003217411041259766e+01
-3.006494254411939959e+00  -3.141592639223535155e+00  3.114450645366523940e+00  2.689631395518369494e+00  -3.016409720655527593e+00  1.223325688372713937e+00  3.008267903327941895e+01
-2.983362971893977367e+00  -3.141592653589793116e+00  3.117394295364101175e+00  2.734394539668314028e+00  -2.990673126921663094e+00  1.232671610254180150e+00  3.012543392181396484e+01
-2.924641633620027825e+00  -3.141592653589793116e+00  3.110401510613514109e+00  2.745795144348676331e+00  -2.928107853608429068e+00  1.253128835088701098e+00  3.016045808792114258e+01
-2.930735713237037743e+00  -3.141592653589793116e+00  3.104128996587331102e+00  2.780744078711812950e+00  -2.933052112283583313e+00  1.283626265157190804e+00  3.019572091102600098e+01
-2.963064691740916246e+00  -3.141592653589793116e+00  3.113387704103315112e+00  2.815783537864637864e+00  -2.924853947569069579e+00  1.308884938346113191e+00  3.023283505439758301e+01
-2.995279823549951370e+00  -3.141592578584990747e+00  3.105350103417551910e+00  2.846356694714128110e+00  -2.939867712170260994e+00  1.323030243085226987e+00  3.026585698127746582e+01
-2.949651757648971362e+00  -3.141592586664109010e+00  3.115690786976804905e+00  2.876260538535960531e+00  -2.855217541447919505e+00  1.738976493215833141e+00  3.029949903488159180e+01
-2.852756643690754323e+00  -3.141592437603412780e+00  3.112754936605746980e+00  2.865878830292643453e+00  -2.808779445528250207e+00  1.753099209724033880e+00  3.033414793014526367e+01
-2.911039216374121885e+00  -3.141592566496271832e+00  3.113993903895126092e+00  2.895166462227765525e+00  -2.825469130193219769e+00  1.766321436845831316e+00  3.036804294586181641e+01
-2.948310300402988027e+00  -3.141592653589793116e+00  3.128823863808830374e+00  2.985257395755494425e+00  -2.885045155922638216e+00  1.810118833485960588e+00  3.040630793571472168e+01
-2.902374575424313985e+00  -3.141592653589793116e+00  3.106171825363889916e+00  3.007711268179515951e+00  -2.807927206607081949e+00  1.896495477210139669e+00  3.044073605537414551e+01
0.000000000000000000e+00  0.000000000000000000e+00  0.000000000000000000e+00  0.000000000000000000e+00  0.000000000000000000e+00  0.000000000000000000e+00  3.048413610458374023e+01
0.000000000000000000e+00  0.000000000000000000e+00  0.000000000000000000e+00  0.000000000000000000e+00  0.000000000000000000e+00  0.000000000000000000e+00  3.052241611480712891e+01
0.000000000000000000e+00  0.000000000000000000e+00  0.000000000000000000e+00  0.000000000000000000e+00  0.000000000000000000e+00  0.000000000000000000e+00  3.055999612808227539e+01
3.141592653589793116e+00  -9.941408222843862719e-01  2.372738231921945218e+00  -1.304675240005554460e-01  3.141592653589793116e+00  -3.300526488413973447e-01  3.137843394279479980e+01
-4.008163725429593760e-01  -1.982824259567227188e+00  2.307417304270222402e+00  -4.388432477261223763e-01  -8.691324118254021291e-01  -1.921328297681105801e-01  3.146018290519714355e+01
2.296728594566032289e+00  -2.212197646226701231e+00  3.141592653589793116e+00  -2.278258947765559872e-01  3.057566796135303910e+00  -1.401040658095052960e-01  3.154076004028320312e+01
3.009873324997871968e+00  -2.066751877200766696e+00  3.141592653589793116e+00  1.803448835726710053e-01  2.979590054904006191e+00  -3.183597293701291298e-01  3.160922312736511230e+01
3.063314640899894137e+00  -1.751017612276150937e+00  3.141592653589793116e+00  2.184500409169710944e-01  2.924891361337654150e+00  -4.237825320815578611e-01  3.165929698944091797e+01
3.080048861025242335e+00  -1.593771337800122145e+00  2.269262287129115485e+00  5.237662121643310575e-01  2.938331051323717524e+00  -4.594161239793775331e-01  3.170629811286926270e+01
2.991901170997830484e+00  -1.519013735156499845e+00  1.874354681229816855e+00  6.667887470730552435e-01  2.675116089270955566e+00  -4.895333264448138433e-01  3.175252199172973633e+01
3.141592653589793116e+00  -1.862908595989405391e+00  2.763059459940684359e+00  8.351722293749419546e-01  3.141592650236233908e+00  -3.881704507373668900e-01  3.179259109497070312e+01
3.086321514750343109e+00  3.102601937970407064e+00  -3.141592653589793116e+00  -1.028365862447986112e+00  2.956708343465468847e+00  -5.343015690978913934e-01  3.185475993156433105e+01
3.141592653589793116e+00  3.141592647146045358e+00  -3.141592649830579731e+00  -3.141592613479925244e+00  3.141592653589793116e+00  -5.291634582230582140e-01  3.191009092330932617e+01
3.141592653589793116e+00  3.141592653589793116e+00  -3.141592653589793116e+00  -3.141592653009296576e+00  3.141592653589793116e+00  -5.357983736367497585e-01  3.198775410652160645e+01
3.141592653589793116e+00  3.141592653589793116e+00  -3.141592653589793116e+00  -3.141592653589793116e+00  3.141592653589793116e+00  -5.094522954760698497e-01  3.203469109535217285e+01
3.141592653589793116e+00  3.141592653589793116e+00  -3.141592653589793116e+00  -3.141592653589793116e+00  3.141592653589793116e+00  -4.992121381664751389e-01  3.208903503417968750e+01
3.141592653589793116e+00  3.141592653589793116e+00  -3.141592653589793116e+00  -3.141592653589793116e+00  3.141592653589793116e+00  -4.927360980961650316e-01  3.215174007415771484e+01
3.141592653589793116e+00  3.141592561787441173e+00  -3.141592500555958622e+00  -3.141591991442473919e+00  3.141592513595282909e+00  -4.916292742348056244e-01  3.221622490882873535e+01
3.141592653589793116e+00  3.141592653589793116e+00  -3.141592648212583772e+00  -3.141592554076844568e+00  3.141592649653574210e+00  -4.610842351998878930e-01  3.227725505828857422e+01
3.141592540165114578e+00  3.141592024180558607e+00  -3.141592034898399888e+00  -3.141590547810455103e+00  3.141592048029949513e+00  -4.340023041938721460e-01  3.232635998725891113e+01
3.141592653589793116e+00  3.141592653589793116e+00  -3.141592653589793116e+00  -3.141592653589793116e+00  3.141592653589793116e+00  -4.210214939746468876e-01  3.237362813949584961e+01
3.141592653589793116e+00  3.141592653589793116e+00  -3.141592653589793116e+00  -3.141592653589793116e+00  3.141592653589793116e+00  -4.003968741314634650e-01  3.241977405548095703e+01
3.066672622765135081e+00  3.141592653589793116e+00  -3.141592653589793116e+00  -3.141592653589793116e+00  3.141592653589793116e+00  -3.909223441990204995e-01  3.247081208229064941e+01
5.165677092557248162e-01  3.141592653589793116e+00  -3.141592653589793116e+00  -3.141592649667656723e+00  3.097594746005907673e+00  -3.199763849610542943e-01  3.255249214172363281e+01
-2.581378223594756882e+00  2.848454792403739333e+00  -2.957194911878708865e+00  -2.489537577892052322e+00  3.427795512745122619e-01  -3.030628121272375686e-01  3.260671901702880859e+01
-3.074496869220909367e+00  2.470732147899793674e+00  -2.538002006635547314e+00  -2.046444854003833136e+00  -6.239974732411623926e-01  -3.027396989047814180e-01  3.265870594978332520e+01
-3.134844387539167609e+00  2.241964724264641884e+00  -2.295840569142080678e+00  -1.734535683864287137e+00  -1.637807609661352082e+00  -2.661907919876055906e-01  3.270306491851806641e+01
-3.141592653589793116e+00  2.083060291168056466e+00  -2.158323125618389238e+00  -1.358363646422488413e+00  -2.945794307637053411e+00  -2.541421036083844065e-01  3.274670100212097168e+01
-3.141592653589793116e+00  1.839879928770641326e+00  -1.853728075493470184e+00  -4.366534279894569992e-01  -3.068770674623860550e+00  -2.346767531977164145e-01  3.279624509811401367e+01
-3.141592653589793116e+00  1.339749844915493870e+00  -1.484959062457428258e+00  9.409658551110550162e-01  -3.068509263223049732e+00  -1.398625788064462583e-01  3.284728598594665527e+01
-3.141592626877875993e+00  4.464852090304912147e-01  -9.556825611011999788e-01  1.936900394238879164e+00  -3.125959576742970203e+00  -4.322935703539215746e-02  3.289897203445434570e+01
-3.056335190110710531e+00  2.286100286043513397e-01  -7.670369709409613490e-01  1.925788397443182420e+00  -3.053331550430715247e+00  -2.859126334266286554e-02  3.294673490524291992e+01
-2.992527111361232617e+00  1.166286989758843207e-01  -6.760112897637736706e-01  1.981781763128475093e+00  -3.031340697400638273e+00  -1.856164403485259518e-02  3.299664592742919922e+01
-3.015643574607625776e+00  2.633517999266882931e-02  -6.120925330657289720e-01  2.080767811122777644e+00  -3.021082443014109664e+00  -6.421572857897605777e-03  3.304210996627807617e+01
-3.002266017355238681e+00  -9.118113195195852450e-02  -5.397909653398644814e-01  2.157780264118001501e+00  -3.015363651264026057e+00  -1.260552653145568386e-02  3.308606791496276855e+01
-2.936339852560963415e+00  -1.012035268956697820e+00  -6.177592947294421183e-02  2.345851120011708701e+00  -2.967067263729991300e+00  2.145446874262054437e-01  3.313017702102661133e+01
-2.884867830747727790e+00  -1.111252881877355270e+00  2.660890476711525940e-02  2.455787678115611605e+00  -2.906137039124186305e+00  3.732236494093539581e-02  3.317615413665771484e+01
-2.736340507631724428e+00  -1.187431608114825510e+00  7.128953783013902701e-02  2.401411827861938519e+00  -2.765676945395418418e+00  -4.501460136270164780e-02  3.321961593627929688e+01
-2.669641308290791493e+00  -1.295529894866008780e+00  1.367281040034188655e-01  2.414468484649531010e+00  -2.702634192734222118e+00  1.078082039746919990e-01  3.326919794082641602e+01
0.000000000000000000e+00  0.000000000000000000e+00  0.000000000000000000e+00  0.000000000000000000e+00  0.000000000000000000e+00  0.000000000000000000e+00  3.330978012084960938e+01
0.000000000000000000e+00  0.000000000000000000e+00  0.000000000000000000e+00  0.000000000000000000e+00  0.000000000000000000e+00  0.000000000000000000e+00  3.336172008514404297e+01
0.000000000000000000e+00  0.000000000000000000e+00  0.000000000000000000e+00  0.000000000000000000e+00  0.000000000000000000e+00  0.000000000000000000e+00  3.339697813987731934e+01
7.928153155750014003e-01  2.835216419463269855e+00  -3.141592653589793116e+00  5.689151155963068085e-01  9.703531011289754371e-01  -3.749070864182739715e-01  3.422110009193420410e+01
7.994964135342276235e-01  2.695249228148064446e+00  -3.141592653589793116e+00  5.173247484117408090e-01  9.553896630731176787e-01  -3.254010719752123970e-01  3.428188991546630859e+01
8.284941401750828271e-01  2.692552146058425855e+00  -3.141592610784132322e+00  4.859303416475314052e-01  9.788508126269293008e-01  -3.715276708899066249e-01  3.433038210868835449e+01
1.013196647312136767e+00  2.694791698750639064e+00  -3.141592653589793116e+00  2.770205009786531614e-01  1.126856120319759125e+00  -3.463367801701889293e-01  3.437514305114746094e+01
1.315693557857872342e+00  2.776442218252443972e+00  -3.141592653589793116e+00  5.868420040423295847e-02  1.454558013038937503e+00  -3.161502768910658401e-01  3.442155313491821289e+01
1.535790671538564522e+00  2.910444206459333660e+00  -3.141592653589793116e+00  -1.464358675043470615e-01  1.715401739983156260e+00  -3.206103600297238176e-01  3.446633005142211914e+01
1.755393507136806308e+00  3.139358148230975587e+00  -3.141592653589793116e+00  -3.423328630745087198e-01  2.078666975129154437e+00  -3.172190047710707894e-01  3.451087403297424316e+01
2.144792933834850146e+00  3.078568964431149357e+00  -2.978193678161184188e+00  -5.302187428677549441e-01  2.528165097736000178e+00  -3.333614767335144058e-01  3.457131600379943848e+01
2.312326211781780216e+00  2.864970431213260227e+00  -2.365841216030248884e+00  -5.144801497179035676e-01  2.588695085835757137e+00  -3.278793386625903361e-01  3.462283992767333984e+01
2.422442508491394531e+00  2.664593033230945540e+00  -1.982522310204153371e+00  -5.136291004367599111e-01  2.546373701526292166e+00  -3.192412677713543090e-01  3.466693711280822754e+01
2.565954355645208906e+00  2.426972645253946403e+00  -1.435146360023884959e+00  -6.063952834203986120e-01  2.627496992026735700e+00  -3.039466258889444994e-01  3.473928403854370117e+01
2.607740238579768555e+00  2.162153737226267136e+00  -1.158863874604120880e+00  -6.725012504905051314e-01  2.453851104112178660e+00  -2.900498419448080956e-01  3.478508400917053223e+01
2.574651904016990400e+00  1.990394841073245047e+00  -9.192787053636016781e-01  -7.330764969920340324e-01  2.363395806934778243e+00  -2.788688343605364439e-01  3.482825613021850586e+01
2.490805587895450479e+00  1.831868690343381623e+00  -7.136514105265088226e-01  -7.912966693516731986e-01  2.224007603745733253e+00  -2.701244272869468555e-01  3.486890602111816406e+01
2.056094125754522217e+00  -2.769902411860531544e+00  3.141592653589793116e+00  -1.371315887654556809e+00  1.607725708655511676e+00  -1.404543714704653834e-01  3.490396213531494141e+01
1.957057665837957039e+00  -2.842038657146268132e+00  3.141592653589793116e+00  -1.236430465643893362e+00  1.481620254468418940e+00  -1.262889540746021388e-01  3.494623804092407227e+01
1.827842119821126765e+00  -2.908307747847070690e+00  3.141592653589793116e+00  -1.071807733661032991e+00  1.306768254977556332e+00  -1.021907819744767298e-01  3.498732805252075195e+01
1.731175948087761762e+00  -2.956732525664373057e+00  3.141592653589793116e+00  -9.552767444594590929e-01  1.157525930964580452e+00  -8.007070869414051328e-02  3.502742910385131836e+01
1.637212819675362807e+00  -2.999796250414649812e+00  3.141592653589793116e+00  -8.848257539765597146e-01  1.002732379820622022e+00  -5.436072899174695244e-02  3.506688094139099121e+01
1.533078093212723925e+00  -3.035370702883217753e+00  3.141592468727728793e+00  -8.198488712636405884e-01  8.509947561477553268e-01  -3.644699287803719601e-02  3.510732197761535645e+01
1.409235400465710608e+00  -3.051099419543912727e+00  3.141592389607340330e+00  -7.581157519865078243e-01  6.391067073149356847e-01  -1.023353741523210132e-02  3.515093493461608887e+01
1.298538993224231053e+00  -3.085264075435746545e+00  3.141592511597352200e+00  -7.030975035695691266e-01  4.957370827998206497e-01  1.519266040032537894e-02  3.519024395942687988e+01
1.152911242550419990e+00  -3.109664973260177323e+00  3.141592653589793116e+00  -6.565071640926614105e-01  3.501032482471976293e-01  3.835395800571620578e-02  3.522922801971435547e+01
1.037552019808752002e+00  -3.128559489836575391e+00  3.141592653589793116e+00  -6.115328233411011505e-01  2.252240241920004105e-01  4.995340432119483448e-02  3.527135896682739258e+01
8.826112582403908835e-01  -3.135590097100981577e+00  3.141592653589793116e+00  -5.813064347440625168e-01  5.408998594301616530e-02  6.586733554618388886e-02  3.531387996673583984e+01
7.134802341470946052e-01  -3.141592653589793116e+00  3.121958293699723885e+00  -5.281354171059726710e-01  -1.004061548137398230e-01  8.218205886762798562e-02  3.535753297805786133e+01
4.656963259204158212e-01  -3.141592653589793116e+00  3.110652665263871519e+00  -4.266815101346593253e-01  -3.888089265791724869e-01  1.023329645592120501e-01  3.540355801582336426e+01
3.414181961849087621e-01  -3.141592618609982512e+00  3.099857736142541675e+00  -3.676240859771541247e-01  -4.876404802134667871e-01  1.310489263729174569e-01  3.545355296134948730e+01
2.358480570335632076e-01  -3.141592653589793116e+00  3.100532457667568131e+00  -3.608743425475203770e-01  -5.811958733156185053e-01  1.549188668475916242e-01  3.549193096160888672e+01
1.350692685621586175e-01  -3.141592625112261228e+00  3.085866447373729837e+00  -2.874095853905156428e-01  -6.851774723896877362e-01  1.622580324789177075e-01  3.552926206588745117e+01
-1.280115075742697117e+00  -3.141592653589793116e+00  3.086087195217687817e+00  3.173280572162898855e-02  -2.008787880104528689e+00  4.061881863690254280e-01  3.556187796592712402e+01
-1.400003885671219805e+00  -3.141592653589793116e+00  3.064111144232566364e+00  1.060314009210400338e-01  -2.089994608078858285e+00  4.188878494485328008e-01  3.560009598731994629e+01
-1.485439860052515826e+00  -3.141592653589793116e+00  3.054685018097798910e+00  1.312971943043243495e-01  -2.136359853912721096e+00  4.384649366384733571e-01  3.563612508773803711e+01
-1.577937711812007038e+00  -3.141592653589793116e+00  3.043835720886470586e+00  1.564099057984103813e-01  -2.191155984931688394e+00  4.374177719038362389e-01  3.567004704475402832e+01
-2.886640048089070376e+00  -3.141592612759033898e+00  3.064097087150491561e+00  5.362234215655254932e-01  -2.845458216143024632e+00  7.702593828913165686e-01  3.570769500732421875e+01
-2.909549703451852487e+00  -3.141592653589793116e+00  3.059019561722537972e+00  5.782135812573900857e-01  -2.858905354403698418e+00  7.948093991021991656e-01  3.574042201042175293e+01
-2.958770798576785044e+00  -3.141592646132220779e+00  3.089376868521865216e+00  6.176177225246618496e-01  -2.886178307600103299e+00  8.162838540790534614e-01  3.577547812461853027e+01
-2.940850905761556611e+00  -3.141592653589793116e+00  3.059302644349091160e+00  6.892633293678593898e-01  -2.852871218049965130e+00  8.394947198189234294e-01  3.580694007873535156e+01
-2.952232549823201158e+00  -3.141592563957118056e+00  3.087508651693506856e+00  7.337287235063001400e-01  -2.857310775583317142e+00  8.666133129028894544e-01  3.584014701843261719e+01
-2.967210514041215053e+00  -3.141592653589793116e+00  3.062257213461933247e+00  7.949219896325504520e-01  -2.852431470290812232e+00  8.907446779945913384e-01  3.587318801879882812e+01
-3.017453995979025194e+00  -3.141592503341854137e+00  3.087086931670846468e+00  8.268298394661627304e-01  -2.884162874813548161e+00  9.208000343564726187e-01  3.590040111541748047e+01
-2.992534294548573559e+00  -3.141592653589793116e+00  3.083698903704413130e+00  1.568633102339203722e+00  -2.886685962919622650e+00  1.384285787839886872e+00  3.593311190605163574e+01
-2.959760873844379692e+00  -3.141592653589793116e+00  3.084638664616660808e+00  1.569345797059338077e+00  -2.869153611917951263e+00  1.380301760329268213e+00  3.597307491302490234e+01
-2.968274103117341856e+00  -3.141592653589793116e+00  3.079052877777363140e+00  1.701014015913676181e+00  -2.881135069505111446e+00  1.410724773596785386e+00  3.601244401931762695e+01
-2.974245147834372549e+00  -3.141592653589793116e+00  3.089692673092276465e+00  1.753495597475664747e+00  -2.840209854093640462e+00  1.463694715477689590e+00  3.604960894584655762e+01
0.000000000000000000e+00  0.000000000000000000e+00  0.000000000000000000e+00  0.000000000000000000e+00  0.000000000000000000e+00  0.000000000000000000e+00  3.608098411560058594e+01
0.000000000000000000e+00  0.000000000000000000e+00  0.000000000000000000e+00  0.000000000000000000e+00  0.000000000000000000e+00  0.000000000000000000e+00  3.611934304237365723e+01
0.000000000000000000e+00  0.000000000000000000e+00  0.000000000000000000e+00  0.000000000000000000e+00  0.000000000000000000e+00  0.000000000000000000e+00  3.615500903129577637e+01
