t1
0.000000000000000000e+00
7.762694358825683594e-02
1.619551181793212891e-01
2.388510704040527344e-01
3.064451217651367188e-01
3.609459400177001953e-01
4.079871177673339844e-01
4.644799232482910156e-01
5.167679786682128906e-01
5.760729312896728516e-01
6.309270858764648438e-01
6.727991104125976562e-01
7.244861125946044922e-01
7.697420120239257812e-01
8.128979206085205078e-01
8.553919792175292969e-01
9.130499362945556641e-01
9.525921344757080078e-01
1.004529953002929688e+00
1.041439056396484375e+00
1.078649044036865234e+00
1.122757911682128906e+00
1.172131061553955078e+00
1.216690063476562500e+00
1.257326126098632812e+00
1.299081087112426758e+00
1.336597919464111328e+00
1.374490022659301758e+00
1.415636062622070312e+00
1.458997964859008789e+00
1.501100063323974609e+00
1.548444032669067383e+00
1.593266963958740234e+00
1.642514944076538086e+00
1.680409908294677734e+00
1.724509954452514648e+00
1.761847019195556641e+00
1.807368993759155273e+00
1.843822002410888672e+00
1.879075050354003906e+00
1.914835929870605469e+00
1.939223051071166992e+00
1.970659971237182617e+00
2.008872032165527344e+00
2.819404125213623047e+00
2.889881134033203125e+00
2.972275972366333008e+00
3.047269105911254883e+00
3.124273061752319336e+00
3.176687002182006836e+00
3.234429121017456055e+00
3.307126045227050781e+00
3.400244951248168945e+00
3.472902059555053711e+00
3.517270088195800781e+00
3.570809125900268555e+00
3.625555992126464844e+00
3.673273086547851562e+00
3.708769083023071289e+00
3.759491920471191406e+00
3.813966035842895508e+00
3.857499122619628906e+00
3.904251098632812500e+00
3.950891971588134766e+00
3.999288082122802734e+00
4.045838117599487305e+00
4.086264133453369141e+00
4.129485130310058594e+00
4.172964096069335938e+00
4.217416048049926758e+00
4.255203008651733398e+00
4.300692081451416016e+00
4.348093986511230469e+00
4.385823965072631836e+00
4.423205137252807617e+00
4.471358060836791992e+00
4.514864921569824219e+00
4.558875083923339844e+00
4.596605062484741211e+00
4.637047052383422852e+00
4.675396919250488281e+00
4.716756105422973633e+00
4.770008087158203125e+00
4.815212965011596680e+00
4.865121126174926758e+00
4.901504993438720703e+00
4.942274093627929688e+00
5.770046949386596680e+00
5.845366954803466797e+00
5.942909955978393555e+00
6.033246994018554688e+00
6.128037929534912109e+00
6.209948062896728516e+00
6.279330015182495117e+00
6.330522060394287109e+00
6.376608133316040039e+00
6.434371948242187500e+00
6.493238925933837891e+00
6.551938056945800781e+00
6.621366977691650391e+00
6.671046018600463867e+00
6.725064992904663086e+00
6.787094116210937500e+00
6.839424133300781250e+00
6.890905141830444336e+00
6.942469120025634766e+00
7.012915134429931641e+00
7.058661937713623047e+00
7.097594976425170898e+00
7.141798973083496094e+00
7.188193082809448242e+00
7.262525081634521484e+00
7.309572935104370117e+00
7.356182098388671875e+00
7.398355960845947266e+00
7.438699007034301758e+00
7.490272045135498047e+00
7.540199995040893555e+00
7.579401016235351562e+00
7.618016958236694336e+00
7.664809942245483398e+00
7.698122024536132812e+00
7.730406045913696289e+00
7.764045000076293945e+00
7.804390907287597656e+00
7.837167024612426758e+00
7.880043029785156250e+00
7.918767929077148438e+00
7.948722124099731445e+00
7.982350111007690430e+00
8.016704082489013672e+00
8.043692111968994141e+00
8.873434066772460938e+00
8.956838130950927734e+00
9.025103092193603516e+00
9.097414970397949219e+00
9.166579961776733398e+00
9.224725008010864258e+00
9.280334949493408203e+00
9.362565994262695312e+00
9.428997039794921875e+00
9.493087053298950195e+00
9.561224937438964844e+00
9.620378017425537109e+00
9.678735017776489258e+00
9.728518009185791016e+00
9.790163993835449219e+00
9.845021963119506836e+00
9.911456108093261719e+00
9.972082138061523438e+00
1.002382493019104004e+01
1.010520100593566895e+01
1.015255212783813477e+01
1.019730401039123535e+01
1.029086995124816895e+01
1.035160398483276367e+01
1.042228198051452637e+01
1.047647404670715332e+01
1.051653194427490234e+01
1.055180597305297852e+01
1.058931303024291992e+01
1.062902092933654785e+01
1.066574907302856445e+01
1.070836400985717773e+01
1.074491596221923828e+01
1.078342700004577637e+01
1.083746194839477539e+01
1.087802290916442871e+01
1.091865897178649902e+01
1.096318411827087402e+01
1.101318693161010742e+01
1.105711102485656738e+01
1.110032200813293457e+01
1.113540005683898926e+01
1.194332408905029297e+01
1.202399110794067383e+01
1.210181403160095215e+01
1.216559696197509766e+01
1.226371097564697266e+01
1.231108808517456055e+01
1.239359402656555176e+01
1.249312090873718262e+01
1.258982110023498535e+01
1.266592097282409668e+01
1.276715111732482910e+01
1.282970094680786133e+01
1.288794994354248047e+01
1.293695712089538574e+01
1.298165011405944824e+01
1.304003095626831055e+01
1.309574198722839355e+01
1.313804697990417480e+01
1.318129491806030273e+01
1.322228407859802246e+01
1.326167702674865723e+01
1.331139993667602539e+01
1.335222506523132324e+01
1.341092109680175781e+01
1.346510791778564453e+01
1.352694797515869141e+01
1.357418298721313477e+01
1.362416005134582520e+01
1.366653800010681152e+01
1.370980811119079590e+01
1.375008606910705566e+01
1.380340600013732910e+01
1.385153198242187500e+01
1.389969897270202637e+01
1.395291709899902344e+01
1.399892497062683105e+01
1.403816294670104980e+01
1.407812690734863281e+01
1.411504793167114258e+01
1.414819812774658203e+01
1.418838310241699219e+01
1.423162412643432617e+01
1.426047992706298828e+01
1.430214500427246094e+01
1.433685803413391113e+01
1.515551209449768066e+01
1.524864602088928223e+01
1.533815002441406250e+01
1.540936899185180664e+01
1.547365307807922363e+01
1.553544807434082031e+01
1.559857797622680664e+01
1.565422701835632324e+01
1.571668100357055664e+01
1.576622295379638672e+01
1.583200311660766602e+01
1.589384603500366211e+01
1.597581911087036133e+01
1.607057094573974609e+01
1.612639212608337402e+01
1.617182898521423340e+01
1.622542309761047363e+01
1.626827812194824219e+01
1.630483913421630859e+01
1.634254598617553711e+01
1.638746595382690430e+01
1.642761301994323730e+01
1.647068810462951660e+01
1.650758314132690430e+01
1.654608201980590820e+01
1.658937811851501465e+01
1.662669992446899414e+01
1.665927410125732422e+01
1.669600892066955566e+01
1.673120808601379395e+01
1.675722813606262207e+01
1.684722495079040527e+01
1.688027596473693848e+01
1.691921997070312500e+01
1.695599699020385742e+01
1.699517393112182617e+01
1.703400611877441406e+01
1.707053303718566895e+01
1.711478710174560547e+01
1.715695500373840332e+01
1.720014595985412598e+01
1.723815202713012695e+01
1.728150391578674316e+01
1.732110500335693359e+01
1.735966205596923828e+01
1.740154409408569336e+01
1.745076012611389160e+01
1.749696803092956543e+01
1.830704903602600098e+01
1.838061594963073730e+01
1.848826193809509277e+01
1.856364893913269043e+01
1.865479803085327148e+01
1.873296308517456055e+01
1.882920193672180176e+01
1.891242599487304688e+01
1.900016212463378906e+01
1.905953812599182129e+01
1.910648798942565918e+01
1.916202497482299805e+01
1.922171902656555176e+01
1.929295706748962402e+01
1.936278510093688965e+01
1.941451001167297363e+01
1.945654392242431641e+01
1.949679613113403320e+01
1.953783893585205078e+01
1.958152198791503906e+01
1.962738013267517090e+01
1.968322396278381348e+01
1.977056598663330078e+01
1.986144804954528809e+01
1.990961909294128418e+01
1.994408202171325684e+01
2.000080609321594238e+01
2.004722595214843750e+01
2.008977699279785156e+01
2.012809300422668457e+01
2.016650295257568359e+01
2.020813202857971191e+01
2.025933194160461426e+01
2.030009603500366211e+01
2.034074997901916504e+01
2.038194894790649414e+01
2.042147493362426758e+01
2.045924711227416992e+01
2.049309301376342773e+01
2.053023099899291992e+01
2.056805300712585449e+01
2.060219502449035645e+01
2.064280700683593750e+01
2.068670892715454102e+01
2.072388100624084473e+01
2.075510907173156738e+01
2.079150509834289551e+01
2.160775709152221680e+01
2.169322299957275391e+01
2.176752710342407227e+01
2.183412694931030273e+01
2.189041495323181152e+01
2.193792104721069336e+01
2.199154305458068848e+01
2.203913998603820801e+01
2.208960103988647461e+01
2.214382600784301758e+01
2.219210910797119141e+01
2.225708413124084473e+01
2.231361103057861328e+01
2.236587309837341309e+01
2.245669293403625488e+01
2.252324795722961426e+01
2.257372307777404785e+01
2.263548398017883301e+01
2.267962098121643066e+01
2.271936202049255371e+01
2.275492501258850098e+01
2.279655504226684570e+01
2.283856606483459473e+01
2.288073110580444336e+01
2.298833203315734863e+01
2.304870200157165527e+01
2.308416604995727539e+01
2.312878894805908203e+01
2.316636800765991211e+01
2.320708012580871582e+01
2.324965000152587891e+01
2.329208612442016602e+01
2.333453893661499023e+01
2.337406206130981445e+01
2.341532897949218750e+01
2.345439100265502930e+01
2.349778604507446289e+01
2.354774713516235352e+01
2.359588408470153809e+01
2.364051604270935059e+01
2.368246293067932129e+01
2.372891902923583984e+01
2.377541303634643555e+01
2.382597208023071289e+01
2.387260413169860840e+01
2.392035508155822754e+01
2.473779797554016113e+01
2.481975102424621582e+01
2.491230702400207520e+01
2.500767803192138672e+01
2.509610605239868164e+01
2.516812109947204590e+01
2.524005413055419922e+01
2.534581613540649414e+01
2.544380402565002441e+01
2.553507494926452637e+01
2.560244894027709961e+01
2.566205501556396484e+01
2.570743894577026367e+01
2.576994013786315918e+01
2.583125090599060059e+01
2.590838599205017090e+01
2.597824692726135254e+01
2.605311894416809082e+01
2.612882614135742188e+01
2.620708012580871582e+01
2.625854301452636719e+01
2.630414605140686035e+01
2.635243201255798340e+01
2.640695691108703613e+01
2.645753097534179688e+01
2.650080013275146484e+01
2.654646897315979004e+01
2.659394693374633789e+01
2.664240002632141113e+01
2.668484711647033691e+01
2.672455811500549316e+01
2.677435302734375000e+01
2.682472395896911621e+01
2.686606693267822266e+01
2.690330195426940918e+01
2.694340395927429199e+01
2.699381899833679199e+01
2.703496599197387695e+01
2.706717896461486816e+01
2.711036491394042969e+01
2.717334699630737305e+01
2.721191906929016113e+01
2.724478793144226074e+01
2.728707313537597656e+01
2.732384204864501953e+01
2.736757802963256836e+01
2.740289211273193359e+01
2.743743109703063965e+01
2.748291993141174316e+01
2.829337596893310547e+01
2.838577294349670410e+01
2.848082304000854492e+01
2.855774807929992676e+01
2.860763192176818848e+01
2.865853095054626465e+01
2.871630001068115234e+01
2.877423810958862305e+01
2.884993505477905273e+01
2.892843914031982422e+01
2.900197601318359375e+01
2.904971194267272949e+01
2.910240197181701660e+01
2.915336894989013672e+01
2.920703291893005371e+01
2.925529503822326660e+01
2.931215190887451172e+01
2.935299205780029297e+01
2.939538598060607910e+01
2.943396711349487305e+01
2.947503805160522461e+01
2.951507592201232910e+01
2.955623102188110352e+01
2.960155797004699707e+01
2.964541602134704590e+01
2.968850207328796387e+01
2.974041199684143066e+01
2.979017710685729980e+01
2.983343291282653809e+01
2.987753701210021973e+01
2.991515898704528809e+01
2.995666408538818359e+01
2.999768209457397461e+01
3.003217411041259766e+01
3.008267903327941895e+01
3.012543392181396484e+01
3.016045808792114258e+01
3.019572091102600098e+01
3.023283505439758301e+01
3.026585698127746582e+01
3.029949903488159180e+01
3.033414793014526367e+01
3.036804294586181641e+01
3.040630793571472168e+01
3.044073605537414551e+01
3.048413610458374023e+01
3.052241611480712891e+01
3.055999612808227539e+01
3.137843394279479980e+01
3.146018290519714355e+01
3.154076004028320312e+01
3.160922312736511230e+01
3.165929698944091797e+01
3.170629811286926270e+01
3.175252199172973633e+01
3.179259109497070312e+01
3.185475993156433105e+01
3.191009092330932617e+01
3.198775410652160645e+01
3.203469109535217285e+01
3.208903503417968750e+01
3.215174007415771484e+01
3.221622490882873535e+01
3.227725505828857422e+01
3.232635998725891113e+01
3.237362813949584961e+01
3.241977405548095703e+01
3.247081208229064941e+01
3.255249214172363281e+01
3.260671901702880859e+01
3.265870594978332520e+01
3.270306491851806641e+01
3.274670100212097168e+01
3.279624509811401367e+01
3.284728598594665527e+01
3.289897203445434570e+01
3.294673490524291992e+01
3.299664592742919922e+01
3.304210996627807617e+01
3.308606791496276855e+01
3.313017702102661133e+01
3.317615413665771484e+01
3.321961593627929688e+01
3.326919794082641602e+01
3.330978012084960938e+01
3.336172008514404297e+01
3.339697813987731934e+01
3.422110009193420410e+01
3.428188991546630859e+01
3.433038210868835449e+01
3.437514305114746094e+01
3.442155313491821289e+01
3.446633005142211914e+01
3.451087403297424316e+01
3.457131600379943848e+01
3.462283992767333984e+01
3.466693711280822754e+01
3.473928403854370117e+01
3.478508400917053223e+01
3.482825613021850586e+01
3.486890602111816406e+01
3.490396213531494141e+01
3.494623804092407227e+01
3.498732805252075195e+01
3.502742910385131836e+01
3.506688094139099121e+01
3.510732197761535645e+01
3.515093493461608887e+01
3.519024395942687988e+01
3.522922801971435547e+01
3.527135896682739258e+01
3.531387996673583984e+01
3.535753297805786133e+01
3.540355801582336426e+01
3.545355296134948730e+01
3.549193096160888672e+01
3.552926206588745117e+01
3.556187796592712402e+01
3.560009598731994629e+01
3.563612508773803711e+01
3.567004704475402832e+01
3.570769500732421875e+01
3.574042201042175293e+01
3.577547812461853027e+01
3.580694007873535156e+01
3.584014701843261719e+01
3.587318801879882812e+01
3.590040111541748047e+01
3.593311190605163574e+01
3.597307491302490234e+01
3.601244401931762695e+01
3.604960894584655762e+01
3.608098411560058594e+01
3.611934304237365723e+01
3.615500903129577637e+01
