q1     q2   q3   q4  q5   q6   t1
-1.039763454773146911e+00  -1.134935734154221443e+00  1.544872252839711413e+00  -2.096906428039345904e+00  -1.569977022699239555e+00  -3.569893124165631093e+00  0.000000000000000000e+00
-1.039771533877635434e+00  -1.134938582461645140e+00  1.544872531949548655e+00  -2.096907366085996038e+00  -1.569982773723577196e+00  -3.569888323576142941e+00  9.168386459350585938e-02
-1.043036214308374454e+00  -1.136776734985833315e+00  1.543063964526837140e+00  -2.099348896844233536e+00  -1.576378079538390153e+00  -3.569661492651031498e+00  1.770660877227783203e-01
-1.054845236214486448e+00  -1.144599352908283407e+00  1.536336238006799526e+00  -2.108904438202586107e+00  -1.600374775005640515e+00  -3.568744910487831490e+00  2.385680675506591797e-01
-1.070683466100314618e+00  -1.167493673205635574e+00  1.536293064354524951e+00  -2.122738488139011892e+00  -1.630070012462425666e+00  -3.566601880630881904e+00  3.189399242401123047e-01
-1.073547746992665530e+00  -1.188103060576224834e+00  1.548258750506050108e+00  -2.131519202191725526e+00  -1.637516900863939640e+00  -3.561642264144894376e+00  3.694500923156738281e-01
-1.071402130017002463e+00  -1.203776390863648516e+00  1.560432892480912548e+00  -2.134894313320049974e+00  -1.644579522384553627e+00  -3.555926612193056613e+00  4.113819599151611328e-01
-1.061301729637690094e+00  -1.229950993130984216e+00  1.582348185608150049e+00  -2.131542051324699649e+00  -1.667969606207652333e+00  -3.544571993831819423e+00  4.774050712585449219e-01
-1.042228663477988704e+00  -1.261730426741422662e+00  1.610969129903850217e+00  -2.118128071663848644e+00  -1.707412285513690620e+00  -3.530055888480269743e+00  5.459609031677246094e-01
-1.021432687416914398e+00  -1.287870540943021780e+00  1.636304226070650181e+00  -2.102656730155611164e+00  -1.741073012124264352e+00  -3.518014633363807153e+00  5.993080139160156250e-01
-1.006849039410151470e+00  -1.306780689463559852e+00  1.655351340614550137e+00  -2.089709566734711643e+00  -1.764966301262177240e+00  -3.509391035979132045e+00  6.402668952941894531e-01
-9.882591024348386100e-01  -1.332691276801885039e+00  1.682152805460349843e+00  -2.069932831307874643e+00  -1.798221625563940052e+00  -3.497544884740407589e+00  6.960399150848388672e-01
-9.714258498021388633e-01  -1.354179207486946979e+00  1.705144250126474637e+00  -2.051531230190100530e+00  -1.825655953643916973e+00  -3.487523353728607223e+00  7.443900108337402344e-01
-9.556565376135504053e-01  -1.371579723995107969e+00  1.724330014114762166e+00  -2.035261106073300574e+00  -1.846929201180827818e+00  -3.479283780552982375e+00  7.838940620422363281e-01
-9.382195340510879333e-01  -1.388406213419472124e+00  1.743355101229899784e+00  -2.018424363450764147e+00  -1.866321752188214944e+00  -3.471219893311207727e+00  8.295710086822509766e-01
-9.155821881635377579e-01  -1.407664945338847673e+00  1.765733427620862273e+00  -1.997788517585613377e+00  -1.886794420844454478e+00  -3.461786551227994835e+00  8.758120536804199219e-01
-8.918337248266876571e-01  -1.425703497214872328e+00  1.787182525762837537e+00  -1.977263308672675635e+00  -1.904051674734791533e+00  -3.452703527559870089e+00  9.255869388580322266e-01
-8.675487418245495519e-01  -1.442317948901308711e+00  1.807455649753225035e+00  -1.957213417018350832e+00  -1.917992767003052990e+00  -3.444077658566445432e+00  9.664149284362792969e-01
-8.471877598162116385e-01  -1.454933502344331941e+00  1.823261462360862506e+00  -1.941121934703551766e+00  -1.927087176304340232e+00  -3.437252246693357716e+00  1.007659912109375000e+00
-8.268147131708865061e-01  -1.466341114766033016e+00  1.837918448078275091e+00  -1.925813905055925979e+00  -1.933924214927712271e+00  -3.430759064168432459e+00  1.045984983444213867e+00
-8.105274963105735253e-01  -1.474564937613344284e+00  1.848812354143275272e+00  -1.914210982925500737e+00  -1.937817446285333034e+00  -3.425817647641919983e+00  1.083371877670288086e+00
-7.861371722401981899e-01  -1.485363408456446876e+00  1.863597031838150286e+00  -1.898058453035377013e+00  -1.941167371783684814e+00  -3.418887547072407163e+00  1.126435995101928711e+00
-7.658594979464483643e-01  -1.492820943190073635e+00  1.874410321774425237e+00  -1.885920002580101951e+00  -1.941737881343984284e+00  -3.413573153147207329e+00  1.173667907714843750e+00
-7.454593272938732085e-01  -1.498818415485573041e+00  1.883707495266325305e+00  -1.875136820666625681e+00  -1.940270212118058168e+00  -3.408661275536607249e+00  1.211005926132202148e+00
-7.246958959279359291e-01  -1.503212153364186676e+00  1.891363526381750537e+00  -1.865919577523926343e+00  -1.936615831931783660e+00  -3.404161066970995186e+00  1.247828960418701172e+00
-7.028275253644853393e-01  -1.505883646903098949e+00  1.897253575995875297e+00  -1.858419051329776472e+00  -1.930578877386208703e+00  -3.400095626881345368e+00  1.288775920867919922e+00
-6.791157573407229364e-01  -1.506594871657350510e+00  1.901206553668162824e+00  -1.852868553443363986e+00  -1.922213275474522476e+00  -3.396474976735845530e+00  1.327672004699707031e+00
-6.537499202977974377e-01  -1.505330428212812599e+00  1.903120451144125314e+00  -1.849383946790788436e+00  -1.911890185291435174e+00  -3.393297657278733226e+00  1.366957902908325195e+00
-6.273094482037100406e-01  -1.502198100271763259e+00  1.903026453611561308e+00  -1.847916505956074928e+00  -1.899983567828984476e+00  -3.390529141592520723e+00  1.410113096237182617e+00
-5.998990452875592183e-01  -1.497261088158226450e+00  1.900982075191071985e+00  -1.848341418628461241e+00  -1.886458326925372297e+00  -3.388092421632582951e+00  1.453684091567993164e+00
-5.657716441010096631e-01  -1.489157601989389512e+00  1.896122066252623029e+00  -1.851115792935246418e+00  -1.867808510926583843e+00  -3.385533482595146193e+00  1.502115964889526367e+00
-5.310946550898352214e-01  -1.479155753576989696e+00  1.889073810335895942e+00  -1.855966477663944403e+00  -1.846792460012371961e+00  -3.383342976419096093e+00  1.542519092559814453e+00
-5.082844986675851828e-01  -1.471760065175752530e+00  1.883461501307708730e+00  -1.860109303419282156e+00  -1.831740120941083738e+00  -3.382071079199471253e+00  1.578845977783203125e+00
-4.806464013112616840e-01  -1.461842483527302505e+00  1.875672563703258078e+00  -1.866091007293457338e+00  -1.812036303929058789e+00  -3.380684577490596254e+00  1.619332075119018555e+00
-4.492265355533620053e-01  -1.449007655579766407e+00  1.865288220020120846e+00  -1.874323098715409586e+00  -1.787606460079371296e+00  -3.379287063086983345e+00  1.663716077804565430e+00
-4.248307086288241052e-01  -1.437639087739778887e+00  1.855846958797744861e+00  -1.881957675074385605e+00  -1.767029921786033242e+00  -3.378320862648458434e+00  1.704444885253906250e+00
-4.066032176702742973e-01  -1.428242971481853196e+00  1.847938233968569932e+00  -1.888452210076886573e+00  -1.750760807581857925e+00  -3.377655443952408021e+00  1.741472005844116211e+00
-3.856034512298487371e-01  -1.416396106030852309e+00  1.837847820981593827e+00  -1.896869123860586370e+00  -1.731081858765132431e+00  -3.376949087513645864e+00  1.776890993118286133e+00
-3.666554535924611002e-01  -1.404714620474101672e+00  1.827739014875968238e+00  -1.905384720789136566e+00  -1.712491530318532185e+00  -3.376357334469733296e+00  1.814491987228393555e+00
-3.529932092675736044e-01  -1.395665814965738605e+00  1.819857999682756855e+00  -1.912080513121310332e+00  -1.698654316374745399e+00  -3.375966060212308051e+00  1.852500915527343750e+00
-3.406643830717870358e-01  -1.387032420011201417e+00  1.812319511294855801e+00  -1.918550854412462314e+00  -1.685902124116433143e+00  -3.375647095116495411e+00  1.885251045227050781e+00
-3.221149424311988696e-01  -1.373105458674750423e+00  1.800014372811393315e+00  -1.929246059317772932e+00  -1.666209605656358228e+00  -3.375250415567283113e+00  1.937524080276489258e+00
-3.130062445389496517e-01  -1.365802845719024994e+00  1.793501181042543635e+00  -1.934962961641172541e+00  -1.656356014113957720e+00  -3.375101377799883284e+00  1.974030017852783203e+00
-3.005136152201126620e-01  -1.355480938728661933e+00  1.784237810953653636e+00  -1.943121769025747625e+00  -1.642745831488120700e+00  -3.374957479098058322e+00  2.014971017837524414e+00
-2.337912336421101855e-01  -1.285436095757152231e+00  1.718743516943974647e+00  -2.004166832598397008e+00  -1.570665855391276011e+00  -3.375519389452556140e+00  2.831541061401367188e+00
-2.338285744968597868e-01  -1.285474065011339206e+00  1.718778090339024400e+00  -2.004135452456795363e+00  -1.570687342717574708e+00  -3.375508046956081643e+00  2.884975910186767578e+00
-2.338412596504477747e-01  -1.285508166849353984e+00  1.718814214165236720e+00  -2.004126930470206958e+00  -1.570724161266561225e+00  -3.375490056680417794e+00  2.913655996322631836e+00
-2.333876281734976743e-01  -1.286117905342525347e+00  1.719501833400111757e+00  -2.004243177201781023e+00  -1.570746142465235806e+00  -3.374977197643367788e+00  2.944041013717651367e+00
-2.317377693718478682e-01  -1.288221591105813246e+00  1.721831466759486728e+00  -2.004635376781219946e+00  -1.570733286405335605e+00  -3.373223321650205442e+00  2.977056026458740234e+00
-2.286880403524857996e-01  -1.292073273142936074e+00  1.726104864968261765e+00  -2.005395144623497217e+00  -1.570720166636148996e+00  -3.370007184265430666e+00  3.009651899337768555e+00
-2.216938302003113037e-01  -1.300971173932850888e+00  1.736008798039699208e+00  -2.007082538743773625e+00  -1.570603837323198526e+00  -3.362692148999942621e+00  3.058148860931396484e+00
-2.139800972760230735e-01  -1.310779070843928196e+00  1.747223896705086821e+00  -2.008786374737510982e+00  -1.570562201249462220e+00  -3.354668570918905246e+00  3.097110033035278320e+00
-2.086921594020729742e-01  -1.317556196430428983e+00  1.755129619249161887e+00  -2.009900749166973810e+00  -1.570559834509274388e+00  -3.349183502835605175e+00  3.121845960617065430e+00
-2.029817831974600750e-01  -1.324886575640842779e+00  1.763797121671337065e+00  -2.011053800321924712e+00  -1.570571812844161030e+00  -3.343290619602218072e+00  3.147367954254150391e+00
-1.948805445194468078e-01  -1.335379460987756062e+00  1.776350682792399605e+00  -2.012683776367236277e+00  -1.570619054685872484e+00  -3.334935600613918361e+00  3.174797058105468750e+00
-1.863776043111089464e-01  -1.346468785550268166e+00  1.789826464103662085e+00  -2.014383805270213657e+00  -1.570634740461272827e+00  -3.326192828568980797e+00  3.208910942077636719e+00
-1.776058465083334426e-01  -1.357980432719454456e+00  1.803935414737874554e+00  -2.016160442424789423e+00  -1.570640299528808015e+00  -3.317223936075343715e+00  3.243891954421997070e+00
-1.686594002845334117e-01  -1.369727158952080970e+00  1.818432261552499485e+00  -2.017987225492364090e+00  -1.570685087354609877e+00  -3.308136401518143366e+00  3.273408889770507812e+00
-1.596730077764467737e-01  -1.381570567912069336e+00  1.833065742447949509e+00  -2.019837753007662329e+00  -1.570707465855071483e+00  -3.299003123463980724e+00  3.304821014404296875e+00
-1.507788470597963837e-01  -1.393427920484469951e+00  1.847664930340862099e+00  -2.021705720285812191e+00  -1.570721087183947873e+00  -3.289963940090855576e+00  3.334860086441040039e+00
-1.420071950132220095e-01  -1.405186453345821818e+00  1.862120495537024745e+00  -2.023553778936875602e+00  -1.570730605114810885e+00  -3.281111611757055346e+00  3.368808031082153320e+00
-1.334255468751095464e-01  -1.416755364672532380e+00  1.876231124999612199e+00  -2.025387817209574948e+00  -1.570724178301809104e+00  -3.272511068149018154e+00  3.404721021652221680e+00
-1.251109405717727441e-01  -1.428038028901656986e+00  1.889897750342587113e+00  -2.027194119243901582e+00  -1.570715063319621407e+00  -3.264220441103668158e+00  3.436142921447753906e+00
-1.151567688504107068e-01  -1.441626278021207241e+00  1.906236147077424503e+00  -2.029391166027426863e+00  -1.570635875005683246e+00  -3.254359096341018276e+00  3.471570014953613281e+00
-1.075684675136105994e-01  -1.451993828887371052e+00  1.918636348837037042e+00  -2.031096231533588536e+00  -1.570586558643881858e+00  -3.246906827359518299e+00  3.503336906433105469e+00
-1.021432781518356592e-01  -1.459394089966657759e+00  1.927455649909562085e+00  -2.032325946546162498e+00  -1.570550474016906506e+00  -3.241605587162718294e+00  3.533355951309204102e+00
-9.369010714011061225e-02  -1.470929805609582530e+00  1.941161742955662239e+00  -2.034246115829262180e+00  -1.570496053191081209e+00  -3.233347871524143269e+00  3.567916870117187500e+00
-8.751691561057217683e-02  -1.479335669694982869e+00  1.951084680345187339e+00  -2.035652696030298969e+00  -1.570406407522193071e+00  -3.227361262451305723e+00  3.606150865554809570e+00
-8.177963011017208572e-02  -1.487111729091882495e+00  1.960192286754662394e+00  -2.036945966423811427e+00  -1.570244064890830238e+00  -3.221855193531518058e+00  3.636439085006713867e+00
-7.647787777415970822e-02  -1.494236997019157798e+00  1.968521795127537333e+00  -2.038138769833736319e+00  -1.570075718389681185e+00  -3.216821903280917994e+00  3.664998054504394531e+00
-7.163253300079741592e-02  -1.500766816563984918e+00  1.976107935160212214e+00  -2.039229868140649771e+00  -1.569917526203306046e+00  -3.212247117510480532e+00  3.700615882873535156e+00
-2.053235229353234104e-02  -1.569375992931796304e+00  2.051459595171957417e+00  -2.052932297256479188e+00  -1.570783582269127621e+00  -3.162046495249189793e+00  4.518148899078369141e+00
-2.055663754074288363e-02  -1.569340266347433399e+00  2.051426584848819346e+00  -2.052929292298129482e+00  -1.570774445401615260e+00  -3.162074403340590312e+00  4.560229063034057617e+00
-2.057123437800356669e-02  -1.569321275576195163e+00  2.051410034727693343e+00  -2.052913324397541928e+00  -1.570766550012678842e+00  -3.162089333012351844e+00  4.589075088500976562e+00
-2.077811975396670618e-02  -1.568936241637745255e+00  2.050895668172842079e+00  -2.052836096139391664e+00  -1.570749632683116737e+00  -3.162311090779500233e+00  4.620110988616943359e+00
-2.172215036470603877e-02  -1.567141925825219495e+00  2.048497888701628966e+00  -2.052385626344278791e+00  -1.570644846650016468e+00  -3.163279658276248796e+00  4.650276899337768555e+00
-2.436888771585543623e-02  -1.562107244938932382e+00  2.041759968043692197e+00  -2.051051397855165881e+00  -1.570453530922015339e+00  -3.166049002278722213e+00  4.690823078155517578e+00
-2.869683236773923340e-02  -1.553879968357194663e+00  2.030779333552379384e+00  -2.048780357555489928e+00  -1.570204409923690925e+00  -3.170495362234809988e+00  4.729690074920654297e+00
-3.327206244387781453e-02  -1.545216510679369826e+00  2.019139069976692014e+00  -2.046305097764665071e+00  -1.569991351668528878e+00  -3.175067910885861266e+00  4.762809038162231445e+00
-4.011074897945299256e-02  -1.532124034433270054e+00  2.001380692519829196e+00  -2.042541463237738775e+00  -1.569715086780592017e+00  -3.181790416639774577e+00  4.799424886703491211e+00
-4.470892547850269239e-02  -1.523176303659270481e+00  1.989145037183803311e+00  -2.039996544542051815e+00  -1.569493817293229121e+00  -3.186285523015149224e+00  4.828665971755981445e+00
-5.133870946113816558e-02  -1.510076380645171135e+00  1.971110804528652949e+00  -2.036321130589777262e+00  -1.569178699571692093e+00  -3.192731506870760683e+00  4.859960079193115234e+00
-6.027218212989993162e-02  -1.492132820671033144e+00  1.946175671732277124e+00  -2.031342342038664484e+00  -1.568785451335753756e+00  -3.201342980004035610e+00  4.895977020263671875e+00
-6.782337193198983982e-02  -1.476717750176820942e+00  1.924603270597502913e+00  -2.027089469738551308e+00  -1.568488952146528170e+00  -3.208576075096136293e+00  4.927016973495483398e+00
-7.367144886238996548e-02  -1.464656743288382579e+00  1.907652766956378088e+00  -2.023768874786163074e+00  -1.568337270058865585e+00  -3.214155633728509542e+00  4.956001043319702148e+00
-8.164165844430115726e-02  -1.448028635129270825e+00  1.884225375037452466e+00  -2.019190938326225648e+00  -1.568149906359965762e+00  -3.221770384234712736e+00  4.987334966659545898e+00
-8.976248493732441602e-02  -1.430936686934995095e+00  1.860129880565814631e+00  -2.014448213514125285e+00  -1.568055530866579339e+00  -3.229520270922286329e+00  5.014609098434448242e+00
-9.794684133706077489e-02  -1.413501095760057780e+00  1.835653181910913645e+00  -2.009610255409338464e+00  -1.568049382499653532e+00  -3.237323535192299317e+00  5.050472974777221680e+00
-1.081393410233992824e-01  -1.391535162150519866e+00  1.804782539008925824e+00  -2.003477298895062653e+00  -1.568098660760014695e+00  -3.247060243833512772e+00  5.088881969451904297e+00
-1.162401266336985373e-01  -1.373821842513144986e+00  1.779978478556776267e+00  -1.998508442307150190e+00  -1.568185789431689514e+00  -3.254831080056913351e+00  5.119616031646728516e+00
-1.222853269853114710e-01  -1.360467857148532467e+00  1.761337999850638880e+00  -1.994767010761425041e+00  -1.568256432141041046e+00  -3.260615872004287041e+00  5.149456024169921875e+00
-1.302261691892354634e-01  -1.342576924036645636e+00  1.736589695839800385e+00  -1.989741539752812649e+00  -1.568300386607640817e+00  -3.268232810186399107e+00  5.181427955627441406e+00
-1.379849593659230322e-01  -1.324773699029369922e+00  1.712120137498787997e+00  -1.984723909334512371e+00  -1.568250385869391472e+00  -3.275686609480576550e+00  5.209970951080322266e+00
-1.473206451899482516e-01  -1.302916523263870197e+00  1.682408548617500443e+00  -1.978520099324950543e+00  -1.568131170133116647e+00  -3.284697497308913583e+00  5.248416900634765625e+00
-1.544445361618240753e-01  -1.285933247260882872e+00  1.659555401547875952e+00  -1.973694585306875027e+00  -1.568031831489479444e+00  -3.291603765217825384e+00  5.283235073089599609e+00
-1.628630748797128547e-01  -1.265503154373982753e+00  1.632349094833938530e+00  -1.967865289058586598e+00  -1.568020140132615481e+00  -3.299832115208001682e+00  5.319998979568481445e+00
-1.692189449042125204e-01  -1.249856697060882205e+00  1.611709126905488176e+00  -1.963338405684636356e+00  -1.568141852801490543e+00  -3.306084452661476547e+00  5.353950023651123047e+00
-1.766963109261894260e-01  -1.231241994862319444e+00  1.587366936232100123e+00  -1.957871521416399752e+00  -1.568351268766727813e+00  -3.313507860365277224e+00  5.391609907150268555e+00
-1.809318457834265814e-01  -1.220637107391982390e+00  1.573627245461074686e+00  -1.954700912541174951e+00  -1.568453700339976109e+00  -3.317729054199741512e+00  5.419697046279907227e+00
-1.862783545737514146e-01  -1.207142221906181589e+00  1.556291927375899498e+00  -1.950625749097300243e+00  -1.568550145462202394e+00  -3.323069203580203634e+00  5.453665971755981445e+00
-1.924972422446380449e-01  -1.191172997598044070e+00  1.536094004628575149e+00  -1.945763777835850306e+00  -1.568547443629677574e+00  -3.329317495556288975e+00  5.489646911621093750e+00
-1.971098817154892657e-01  -1.179197408989494100e+00  1.521096561261987112e+00  -1.942094818992862848e+00  -1.568464975987865273e+00  -3.333971534672812709e+00  5.517988920211791992e+00
-2.024111139560247352e-01  -1.165132107147406337e+00  1.503790158216848916e+00  -1.937773436573712260e+00  -1.568349251855314819e+00  -3.339376953849949814e+00  5.558352947235107422e+00
-2.072002921939741782e-01  -1.152301098812719360e+00  1.488217083368860827e+00  -1.933765424012924505e+00  -1.568235458846301889e+00  -3.344300430105450417e+00  5.602483034133911133e+00
-2.107007169959498327e-01  -1.142831654369905969e+00  1.476874194497573178e+00  -1.930775087081037178e+00  -1.568129434109113873e+00  -3.347921261992325981e+00  5.631342887878417969e+00
-2.138838139191481247e-01  -1.134097695343781353e+00  1.466498547058822766e+00  -1.927992587296836646e+00  -1.568007739316288784e+00  -3.351239742846978231e+00  5.668870925903320312e+00
-2.174534390442097731e-01  -1.124177770133942822e+00  1.454796494419034580e+00  -1.924819393633611320e+00  -1.567839805417325927e+00  -3.354987261747039540e+00  5.704247951507568359e+00
-2.212054934508955739e-01  -1.113680927716680813e+00  1.442540016118433854e+00  -1.921451366811536055e+00  -1.567708334174400697e+00  -3.358913849662528150e+00  5.751681089401245117e+00
-2.464063012453889812e-01  -1.044965153816722392e+00  1.367777774334909546e+00  -1.893625846377325672e+00  -1.570834389174144974e+00  -3.388047653559586703e+00  6.579391002655029297e+00
-2.463865968724014976e-01  -1.044999263068158157e+00  1.367823543019459187e+00  -1.893636639719675330e+00  -1.570807564555257052e+00  -3.388035583262648753e+00  6.629611968994140625e+00
-2.463761746741770509e-01  -1.045020976058232520e+00  1.367866247896909249e+00  -1.893647046422174185e+00  -1.570791292457081489e+00  -3.388017545674411490e+00  6.659529924392700195e+00
-2.460736497790145805e-01  -1.045839111959830703e+00  1.368813264309221678e+00  -1.893817761479962059e+00  -1.570781001237756769e+00  -3.387686154227049329e+00  6.688720941543579102e+00
-2.445732575981773849e-01  -1.049852223005103724e+00  1.373448115879996712e+00  -1.894620125074787609e+00  -1.570745722803307487e+00  -3.386061972204786663e+00  6.726145982742309570e+00
-2.422678726646774194e-01  -1.055823355617816262e+00  1.380387673748958877e+00  -1.895818198970289359e+00  -1.570692981609194128e+00  -3.383553318471574478e+00  6.762842893600463867e+00
-2.380576598873522798e-01  -1.066730139185128934e+00  1.393069106162721393e+00  -1.898009722157500079e+00  -1.570617301403819610e+00  -3.379004315650324664e+00  6.803729057312011719e+00
-2.324831652528773773e-01  -1.081301429889578003e+00  1.410108693406971314e+00  -1.900904717581425984e+00  -1.570499603645457043e+00  -3.373069408479837161e+00  6.843771934509277344e+00
-2.257946207033647568e-01  -1.099109878742353885e+00  1.431193985618483655e+00  -1.904427983014226555e+00  -1.570357289329519901e+00  -3.365936621497874537e+00  6.883781909942626953e+00
-2.182778444853017419e-01  -1.119651393379164972e+00  1.455937988054008647e+00  -1.908454271692225035e+00  -1.570202265810258346e+00  -3.357842291338324348e+00  6.919931888580322266e+00
-2.117754477771267574e-01  -1.137777707551911988e+00  1.478123270139746204e+00  -1.911991711367988955e+00  -1.570074136538158527e+00  -3.350829869117049054e+00  6.953011035919189453e+00
-2.066521582254514655e-01  -1.152236565109660660e+00  1.496006154955971335e+00  -1.914802125117216036e+00  -1.569982113140382829e+00  -3.345305129147624346e+00  6.981251955032348633e+00
-1.977299943502019985e-01  -1.177721059833622519e+00  1.527858611498896568e+00  -1.919749308800277277e+00  -1.569805265130844951e+00  -3.335677354856949606e+00  7.014929056167602539e+00
-1.903428895298135970e-01  -1.199129349399285616e+00  1.554849857733459073e+00  -1.923895818017903991e+00  -1.569696450247957564e+00  -3.327704047030624057e+00  7.046426057815551758e+00
-1.828135630029761316e-01  -1.221232437170348462e+00  1.582857342539021550e+00  -1.928171111028529339e+00  -1.569577343837183392e+00  -3.319590034989662097e+00  7.079782962799072266e+00
-1.751725335905263137e-01  -1.243843471191897976e+00  1.611557996877771348e+00  -1.932536100513580379e+00  -1.569420264524133302e+00  -3.311399992588787367e+00  7.110179901123046875e+00
-1.693998995186261070e-01  -1.260997248914698332e+00  1.633389285143533876e+00  -1.935850582471193349e+00  -1.569221376903495724e+00  -3.305234019142462287e+00  7.141674041748046875e+00
-1.598034075739507287e-01  -1.289780609099285158e+00  1.670077043446508869e+00  -1.941412931830440058e+00  -1.568900703375283534e+00  -3.294984951133762330e+00  7.176261901855468750e+00
-1.522146137667386157e-01  -1.312806046012944705e+00  1.699423131091184036e+00  -1.945884966766863400e+00  -1.568616357023646657e+00  -3.286908470756975120e+00  7.206448078155517578e+00
-1.447258688514390101e-01  -1.335646277631919787e+00  1.728527566768633950e+00  -1.950327996356762128e+00  -1.568333135246422039e+00  -3.278991881593700253e+00  7.241492033004760742e+00
-1.373756353467010527e-01  -1.358261775189681941e+00  1.757235743658646543e+00  -1.954759204816426177e+00  -1.568126571182497209e+00  -3.271267549031050326e+00  7.277720928192138672e+00
-1.284021803593757838e-01  -1.386319075029982528e+00  1.792543026614596302e+00  -1.960286985487815770e+00  -1.567892740123745909e+00  -3.261930102945449939e+00  7.313405036926269531e+00
-1.214640978575625141e-01  -1.408530187438156389e+00  1.820204472317471289e+00  -1.964673842167451667e+00  -1.567738132041532673e+00  -3.254750785126412360e+00  7.346900939941406250e+00
-1.147378137009127386e-01  -1.430379033690030610e+00  1.847210008704583739e+00  -1.968989995837290508e+00  -1.567640530752832717e+00  -3.247850579356600154e+00  7.377822875976562500e+00
-1.082796287874625563e-01  -1.451638583256604775e+00  1.873304095392758661e+00  -1.973204706563528532e+00  -1.567616730564495242e+00  -3.241262639614737928e+00  7.409929037094116211e+00
-1.006412665030111953e-01  -1.477076641860129769e+00  1.904273901978971173e+00  -1.978271565771191121e+00  -1.567662704458546941e+00  -3.233533796752338318e+00  7.447423934936523438e+00
-9.491659276359953878e-02  -1.496425767005566954e+00  1.927647415692146149e+00  -1.982138447708130968e+00  -1.567680054668620038e+00  -3.227795167629038620e+00  7.483687877655029297e+00
-8.818860260494965075e-02  -1.519333314095167253e+00  1.955179759261358674e+00  -1.986771238181692212e+00  -1.567691911978130292e+00  -3.221113662516413623e+00  7.523535013198852539e+00
-8.188381866152472099e-02  -1.540902467289992472e+00  1.980900024463996267e+00  -1.991168554063090568e+00  -1.567714632954317011e+00  -3.214926183644001068e+00  7.563046932220458984e+00
-7.599637418839932934e-02  -1.561204471090707813e+00  2.004923951937033433e+00  -1.995327937291815346e+00  -1.567824978091827859e+00  -3.209229256459313451e+00  7.598160028457641602e+00
-7.158644943009928596e-02  -1.576489945054595054e+00  2.022904740570058646e+00  -1.998457124095391890e+00  -1.567970995152851543e+00  -3.205053159043450783e+00  7.632430076599121094e+00
-6.746395671889882095e-02  -1.590902983261845094e+00  2.039725626061158703e+00  -2.001417712622441059e+00  -1.568222036819749476e+00  -3.201218305002576425e+00  7.669075012207031250e+00
-6.272835001048715498e-02  -1.607612772317697392e+00  2.059082081303695855e+00  -2.004853984071765183e+00  -1.568598022538552073e+00  -3.196870730288614126e+00  7.703155994415283203e+00
-6.009486275407560640e-02  -1.616915679921609339e+00  2.069825551873546221e+00  -2.006765547678778461e+00  -1.568782769966912127e+00  -3.194495202145476220e+00  7.733422994613647461e+00
-5.605689941742575400e-02  -1.631236357903446788e+00  2.086257628675133535e+00  -2.009720980282502012e+00  -1.569038423409951477e+00  -3.190908419557588971e+00  7.771384954452514648e+00
-5.249894770599894400e-02  -1.643975968309334235e+00  2.100759532938958341e+00  -2.012365827448350686e+00  -1.569351797669664705e+00  -3.187786566893225704e+00  7.808896064758300781e+00
-4.935901605514825263e-02  -1.655351912924597713e+00  2.113585028323508475e+00  -2.014738287998699917e+00  -1.569574121448290782e+00  -3.185054934133788596e+00  7.847697019577026367e+00
-4.710725555184769320e-02  -1.663526609998509542e+00  2.122721757522421093e+00  -2.016446293150186975e+00  -1.569686222023204181e+00  -3.183123181527863554e+00  7.879915952682495117e+00
-4.504331459376054170e-02  -1.671071054273323142e+00  2.131106254377820530e+00  -2.018027455321586672e+00  -1.569733146564630033e+00  -3.181364777835839153e+00  7.912575960159301758e+00
-2.440338286150378622e-02  -1.743484376394817126e+00  2.207530660397672762e+00  -2.034843479128062960e+00  -1.570788412867313966e+00  -3.166013816800063552e+00  8.727315902709960938e+00
-2.442805931267955089e-02  -1.743439113718991074e+00  2.207480962218859588e+00  -2.034829619292999325e+00  -1.570779791599576036e+00  -3.166015436734052280e+00  8.777107954025268555e+00
-2.444359044432786732e-02  -1.743406108336841065e+00  2.207440540915474259e+00  -2.034832770250348588e+00  -1.570782927810411955e+00  -3.166025400757238373e+00  8.809482097625732422e+00
-2.450031503420291301e-02  -1.742740400193791395e+00  2.206676597680175433e+00  -2.034805627311861542e+00  -1.570765417255724827e+00  -3.166048415990838194e+00  8.839876890182495117e+00
-2.473093319495411890e-02  -1.739538326506541388e+00  2.203064615622748690e+00  -2.034680851482463027e+00  -1.570692451600949724e+00  -3.166274303154963832e+00  8.877840042114257812e+00
-2.505883499931726988e-02  -1.734725833274977980e+00  2.197598512077323818e+00  -2.034447660275050751e+00  -1.570608129912437256e+00  -3.166592936817288262e+00  8.916109085083007812e+00
-2.564477901832873386e-02  -1.725980145118527709e+00  2.187675797098286523e+00  -2.033873214218237635e+00  -1.570423509172574228e+00  -3.167231580828001825e+00  8.951175928115844727e+00
-2.623487958811487886e-02  -1.717011913108302146e+00  2.177533551886924101e+00  -2.033179592562612825e+00  -1.570147891783062022e+00  -3.167901620299101495e+00  8.989728927612304688e+00
-2.711441596592756298e-02  -1.703698884306827033e+00  2.162573240570562660e+00  -2.032081187695050417e+00  -1.569737059121837142e+00  -3.168864004004527501e+00  9.022739887237548828e+00
-2.791751391352903511e-02  -1.691594362695640008e+00  2.149063968619685738e+00  -2.031131368855025876e+00  -1.569382713354774417e+00  -3.169637569815753508e+00  9.054738998413085938e+00
-2.856635786902828045e-02  -1.681768454368765653e+00  2.138145191564023051e+00  -2.030442726788113106e+00  -1.569123713945011822e+00  -3.170187106170004654e+00  9.082473039627075195e+00
-2.971120633372592579e-02  -1.664222616963814794e+00  2.118758959220260252e+00  -2.029318933904274758e+00  -1.568768349955199426e+00  -3.171080088819653753e+00  9.118493080139160156e+00
-3.065753923201341991e-02  -1.649318450591964691e+00  2.102387591162973024e+00  -2.028415188996037344e+00  -1.568584598399274554e+00  -3.171808762580592855e+00  9.151558876037597656e+00
-3.137671002246378293e-02  -1.637734302051214286e+00  2.089690053208721920e+00  -2.027716086880711366e+00  -1.568462765325324249e+00  -3.172370915125991786e+00  9.181442022323608398e+00
-3.233573152837720954e-02  -1.621918836162163480e+00  2.072383019253784653e+00  -2.026762020588048330e+00  -1.568369523113899433e+00  -3.173121354933604366e+00  9.210248947143554688e+00
-3.329321540352836450e-02  -1.605697461283288163e+00  2.054698150167109105e+00  -2.025786261274623357e+00  -1.568367809890911957e+00  -3.173848691557378032e+00  9.240813016891479492e+00
-3.425729473790184443e-02  -1.589090183564775494e+00  2.036622313561398556e+00  -2.024790198491611015e+00  -1.568440474468513202e+00  -3.174555585235665944e+00  9.272150993347167969e+00
-3.522021254162766013e-02  -1.572215677784662979e+00  2.018303459601273886e+00  -2.023782477661673518e+00  -1.568585245586714194e+00  -3.175256049073890807e+00  9.307080030441284180e+00
-3.617084147630222901e-02  -1.555191950951687829e+00  1.999892676812173420e+00  -2.022770741991574361e+00  -1.568744777639139443e+00  -3.175958442536416015e+00  9.338254928588867188e+00
-3.711165573242780624e-02  -1.538177033361425750e+00  1.981538618629947734e+00  -2.021753323924960988e+00  -1.568905941640426960e+00  -3.176653600539740552e+00  9.367634057998657227e+00
-3.802607265630442157e-02  -1.521369905542263368e+00  1.963410051817810142e+00  -2.020747320297436644e+00  -1.569102063544765002e+00  -3.177346957182280107e+00  9.402482032775878906e+00
-3.891452489363089740e-02  -1.504905177920863757e+00  1.945719280797309381e+00  -2.019740998911086827e+00  -1.569317220854237860e+00  -3.178041975401129093e+00  9.437432050704956055e+00
-3.976689917079490044e-02  -1.488978540788475691e+00  1.928619353025670335e+00  -2.018755226998186103e+00  -1.569470290880250474e+00  -3.178715562672206119e+00  9.467195034027099609e+00
-4.078098592825796231e-02  -1.470059997270412921e+00  1.908373611644357482e+00  -2.017547652904624123e+00  -1.569568807124674947e+00  -3.179468223800533622e+00  9.502449989318847656e+00
-4.153824319700660794e-02  -1.455585975897226270e+00  1.892926162747411212e+00  -2.016600791365136480e+00  -1.569645483107251493e+00  -3.180023961286197576e+00  9.541725873947143555e+00
-4.356678704138161606e-02  -1.415716768121326297e+00  1.850649148854031978e+00  -2.013896884653076036e+00  -1.569656334517052443e+00  -3.181595220760613074e+00  9.638256072998046875e+00
-4.415338020844217226e-02  -1.403593144547388150e+00  1.837876563054170020e+00  -2.013034368757888437e+00  -1.569622031920776095e+00  -3.182182381635724866e+00  9.667006015777587891e+00
-4.469072769504478515e-02  -1.392175835613000956e+00  1.825869108907493654e+00  -2.012195731411176247e+00  -1.569550933840926810e+00  -3.182815382673211957e+00  9.701709032058715820e+00
-4.530011068973038846e-02  -1.379156782035988016e+00  1.812201028121345203e+00  -2.011215889904213405e+00  -1.569384365548664562e+00  -3.183663513667962519e+00  9.737096071243286133e+00
-4.573778158906804947e-02  -1.369723753116938170e+00  1.802355998534283188e+00  -2.010482196908263575e+00  -1.569178190667313899e+00  -3.184351141058890278e+00  9.772268056869506836e+00
-4.623087966475480926e-02  -1.359119720089650762e+00  1.791314865379970200e+00  -2.009648028549776200e+00  -1.568951720765588753e+00  -3.185202115552165480e+00  9.810271978378295898e+00
-4.666835949349490420e-02  -1.349742748648125712e+00  1.781551574662131543e+00  -2.008920573614839000e+00  -1.568879025931563476e+00  -3.185982049414104011e+00  9.848520994186401367e+00
-4.699429029075830044e-02  -1.342758417628588496e+00  1.774288969855032150e+00  -2.008364585217201181e+00  -1.568898187294762714e+00  -3.186570292180952890e+00  9.884922027587890625e+00
-5.049343279357199066e-02  -1.274651317366821246e+00  1.704236773105703984e+00  -2.000352604900314191e+00  -1.570808510350190090e+00  -3.192046294707068466e+00  1.069599795341491699e+01
-5.046913309443379347e-02  -1.274704528191772823e+00  1.704291200991953970e+00  -2.000354725068098638e+00  -1.570785111959664526e+00  -3.192034582697207412e+00  1.075148797035217285e+01
-5.045134638654680259e-02  -1.274729311800410159e+00  1.704319774019453781e+00  -2.000372805616684957e+00  -1.570779353837290060e+00  -3.192039007028069975e+00  1.078155589103698730e+01
-5.004548002315889477e-02  -1.275228333953860371e+00  1.704913204893241385e+00  -2.000471227682110609e+00  -1.570774788800002320e+00  -3.191650423410994808e+00  1.080907487869262695e+01
-4.862318749480909474e-02  -1.276916355342422094e+00  1.706931466065954028e+00  -2.000796095583897483e+00  -1.570764928637028213e+00  -3.190294290249295006e+00  1.084257388114929199e+01
-4.511588016807177581e-02  -1.280968178804499757e+00  1.711836310655791671e+00  -2.001671891738912024e+00  -1.570755431955791259e+00  -3.186831864203683029e+00  1.087987089157104492e+01
-3.995151673030949979e-02  -1.286963676661063261e+00  1.719087573959804160e+00  -2.003016165624810441e+00  -1.570732767195615942e+00  -3.181609528849820290e+00  1.092316102981567383e+01
-3.344873475981025024e-02  -1.294603105425427003e+00  1.728382389755516613e+00  -2.004854959791433799e+00  -1.570702049543453604e+00  -3.174979185058670161e+00  1.095880699157714844e+01
-2.899211448559846360e-02  -1.299912248510125323e+00  1.734837617036291579e+00  -2.006130302828372791e+00  -1.570690494709278795e+00  -3.170453271352207558e+00  1.098781800270080566e+01
-2.254676228928609305e-02  -1.307704988394661427e+00  1.744372719393941562e+00  -2.007943889402261206e+00  -1.570677533455604014e+00  -3.163918505848144935e+00  1.101899600028991699e+01
-1.560564470137393300e-02  -1.316204623633087323e+00  1.754848402598016666e+00  -2.009847274329722211e+00  -1.570656503964904083e+00  -3.156899497428557577e+00  1.105117607116699219e+01
-8.272564172823848594e-03  -1.325252783419674785e+00  1.766027337951504128e+00  -2.011820999905985730e+00  -1.570622239042141821e+00  -3.149498675572332651e+00  1.108397293090820312e+01
1.222957252476675194e-03  -1.337116834248760711e+00  1.780687112562866714e+00  -2.014346835429147831e+00  -1.570568799936216564e+00  -3.139923497981432998e+00  1.111991500854492188e+01
8.935526205276675057e-03  -1.346860376163423467e+00  1.792761136944791778e+00  -2.016380928696047903e+00  -1.570535512109041854e+00  -3.132161888492245527e+00  1.115207195281982422e+01
1.667181584830167498e-02  -1.356709944603373685e+00  1.804970317086766807e+00  -2.018405115971821928e+00  -1.570499352969680018e+00  -3.124408956176920160e+00  1.118364095687866211e+01
2.242968564952668026e-02  -1.364074546173187130e+00  1.814112701794091898e+00  -2.019895205519020465e+00  -1.570471552260305437e+00  -3.118646218778470480e+00  1.120940804481506348e+01
2.997247495156418057e-02  -1.373829731208362048e+00  1.826197127155117172e+00  -2.021855296665982848e+00  -1.570447460952418162e+00  -3.111071503748095157e+00  1.123960709571838379e+01
3.731748221141419075e-02  -1.383472199711574646e+00  1.838096225239091996e+00  -2.023773076569455043e+00  -1.570415197464142487e+00  -3.103708220082419977e+00  1.127404808998107910e+01
4.446163343468919477e-02  -1.392937392922274142e+00  1.849782549660454523e+00  -2.025626541056617214e+00  -1.570394368433917442e+00  -3.096597578292819897e+00  1.130582904815673828e+01
5.134060839056420189e-02  -1.402142655251335412e+00  1.861123157834979613e+00  -2.027416943828992402e+00  -1.570374630547142658e+00  -3.089761185902269780e+00  1.134147906303405762e+01
5.951168848455169746e-02  -1.413219501838010927e+00  1.874714772540917229e+00  -2.029558775744854771e+00  -1.570353936510955783e+00  -3.081644779592132455e+00  1.137694787979125977e+01
6.561102000543919677e-02  -1.421634751475496117e+00  1.884996644208942085e+00  -2.031186765994654309e+00  -1.570342638402156155e+00  -3.075568790361357774e+00  1.140987300872802734e+01
7.133756986386419197e-02  -1.429596014363184509e+00  1.894679618384267128e+00  -2.032742013292216043e+00  -1.570338367851580763e+00  -3.069886811014870265e+00  1.144087195396423340e+01
7.788479412191419426e-02  -1.438801372979897408e+00  1.905851400022429809e+00  -2.034537522068369242e+00  -1.570342679360757998e+00  -3.063412368692907783e+00  1.148145008087158203e+01
8.270440985527668931e-02  -1.445616528823812530e+00  1.914099275621317320e+00  -2.035859832573020611e+00  -1.570345446677495538e+00  -3.058673584174732785e+00  1.151756906509399414e+01
8.816449118175168076e-02  -1.453437109144200434e+00  1.923526487626279868e+00  -2.037374059865207698e+00  -1.570354006720471318e+00  -3.053290904596307698e+00  1.155329203605651855e+01
9.304351028765167619e-02  -1.460486917977474874e+00  1.931998096414380139e+00  -2.038730978055655285e+00  -1.570353042884786277e+00  -3.048512642934707806e+00  1.159449696540832520e+01
9.749528299028915879e-02  -1.466950522850487104e+00  1.939766774355455192e+00  -2.039965002367230440e+00  -1.570349693033324279e+00  -3.044188160219395645e+00  1.163469195365905762e+01
1.337835032753886821e-01  -1.520909084000919620e+00  2.001474066074383273e+00  -2.051384855018762110e+00  -1.570792828382633566e+00  -3.007788071114706696e+00  1.244640898704528809e+01
1.337685189516886197e-01  -1.520878656421669639e+00  2.001447472915446113e+00  -2.051354502993549822e+00  -1.570784973339083734e+00  -3.007812545336921772e+00  1.249255490303039551e+01
1.337556433606383877e-01  -1.520854993652168474e+00  2.001407632154895921e+00  -2.051350081557236749e+00  -1.570777060534646274e+00  -3.007822072789483769e+00  1.251966404914855957e+01
1.336718320254126624e-01  -1.520489163532193544e+00  2.000917227134822340e+00  -2.051209491793786199e+00  -1.570774181127295499e+00  -3.007906045882993595e+00  1.254846286773681641e+01
1.332839545964494832e-01  -1.518668909893806429e+00  1.998520045622061758e+00  -2.050611125481998087e+00  -1.570764692061783485e+00  -3.008291614877554920e+00  1.257989406585693359e+01
1.322187374710868113e-01  -1.513696885206381459e+00  1.991832948483322596e+00  -2.048940729170422692e+00  -1.570745940743433877e+00  -3.009363422216281947e+00  1.261946201324462891e+01
1.300518020675252018e-01  -1.503752025455368901e+00  1.978350735481761546e+00  -2.045693379664684564e+00  -1.570716007971146411e+00  -3.011518192540032501e+00  1.266469907760620117e+01
1.275982192004505578e-01  -1.492492077716568666e+00  1.963000234250136700e+00  -2.042206769527521004e+00  -1.570680490451383804e+00  -3.013889747124011365e+00  1.270452904701232910e+01
1.253045189188890518e-01  -1.481856854872743767e+00  1.948353849369222957e+00  -2.038978915435270878e+00  -1.570656901644309045e+00  -3.016060091940762078e+00  1.273648595809936523e+01
1.227704738301760301e-01  -1.469924645554218756e+00  1.931711127430599362e+00  -2.035379046709707929e+00  -1.570648945687021403e+00  -3.018426486289591537e+00  1.276711297035217285e+01
1.200100558998755673e-01  -1.456770414211144171e+00  1.913173549585359012e+00  -2.031406342364407536e+00  -1.570628127120194506e+00  -3.020978175887492512e+00  1.279924297332763672e+01
1.170596035279629632e-01  -1.442625775410643740e+00  1.892942342202733386e+00  -2.027107839547957369e+00  -1.570619721579919137e+00  -3.023682200365879424e+00  1.283504796028137207e+01
1.139920406237511230e-01  -1.427685334796742644e+00  1.871399779542322506e+00  -2.022541176331818846e+00  -1.570622232574180543e+00  -3.026488566305253869e+00  1.286840486526489258e+01
1.108523316800384961e-01  -1.412124933815817052e+00  1.848905773502295347e+00  -2.017760982226881161e+00  -1.570612240964518236e+00  -3.029364066551689660e+00  1.289794802665710449e+01
1.076696280417142049e-01  -1.396144107109003940e+00  1.825744597766385979e+00  -2.012825626654256794e+00  -1.570567222163457899e+00  -3.032273501438027097e+00  1.293147301673889160e+01
1.036430389994773549e-01  -1.375782002717040875e+00  1.796196985515209121e+00  -2.006512070733819542e+00  -1.570524865697681349e+00  -3.035942999029167311e+00  1.297110795974731445e+01
1.004412092885011987e-01  -1.359329146253765330e+00  1.772349514212034904e+00  -2.001410751367431295e+00  -1.570420995248643870e+00  -3.038876647163641920e+00  1.300313305854797363e+01
9.728752839550125486e-02  -1.342803470424489554e+00  1.748431609657622232e+00  -1.996267054623580783e+00  -1.570292912578056921e+00  -3.041799748389053093e+00  1.303428292274475098e+01
9.416319700803832404e-02  -1.326179177990352009e+00  1.724456434852660536e+00  -1.991063533980005573e+00  -1.570182826705145196e+00  -3.044715358741303390e+00  1.306976294517517090e+01
9.105798784337526541e-02  -1.309514789262300916e+00  1.700522100765960332e+00  -1.985794319959331311e+00  -1.570066560271007994e+00  -3.047600845559740534e+00  1.309875488281250000e+01
8.728866526376322099e-02  -1.288766572165975788e+00  1.670961184236422703e+00  -1.979163421516768828e+00  -1.570019405800483270e+00  -3.051133651002588820e+00  1.313943600654602051e+01
8.368753683126328724e-02  -1.268404167122977100e+00  1.642209785497322549e+00  -1.972609564421143880e+00  -1.570038434953158202e+00  -3.054555203566589938e+00  1.317499399185180664e+01
8.161195244277585914e-02  -1.256513889467189671e+00  1.625565247271247848e+00  -1.968768677459769023e+00  -1.570024623663071495e+00  -3.056537339108102103e+00  1.320338702201843262e+01
7.830616581640192919e-02  -1.237454503900965008e+00  1.599053361265072581e+00  -1.962553446369868837e+00  -1.569997891361534670e+00  -3.059708486925988069e+00  1.324022388458251953e+01
7.523554818555311385e-02  -1.219438842731539907e+00  1.574279246550135625e+00  -1.956592358703018952e+00  -1.570046278229161096e+00  -3.062704701033013066e+00  1.328614091873168945e+01
7.183939796640359532e-02  -1.198888785844339999e+00  1.546553201744698569e+00  -1.949687192212493869e+00  -1.570073816355296970e+00  -3.066107806425661053e+00  1.332956790924072266e+01
6.920115808555404868e-02  -1.182658865727464814e+00  1.525005560586386366e+00  -1.944164741568306987e+00  -1.569959388570172365e+00  -3.068771215451935319e+00  1.336905908584594727e+01
6.720078225376635572e-02  -1.170258162566215177e+00  1.508804267245411168e+00  -1.939918831092719564e+00  -1.569854097059872444e+00  -3.070791021625812078e+00  1.340318894386291504e+01
6.532615290345411552e-02  -1.158456193936765466e+00  1.493555927151886564e+00  -1.935846485374732140e+00  -1.569721287397896958e+00  -3.072711160090074500e+00  1.343750286102294922e+01
6.358139338010460051e-02  -1.147274147964990831e+00  1.479312054143361976e+00  -1.931944659507281337e+00  -1.569568926414533827e+00  -3.074532910421810428e+00  1.346641993522644043e+01
6.196423154613039941e-02  -1.136792493049078701e+00  1.466085331983586926e+00  -1.928244824321343920e+00  -1.569473907337558316e+00  -3.076253962316259916e+00  1.349509692192077637e+01
6.047279186533049966e-02  -1.127009794142203702e+00  1.453854662961549415e+00  -1.924751617610519716e+00  -1.569385490145482898e+00  -3.077864586542148118e+00  1.353334403038024902e+01
5.877748239824320819e-02  -1.115911802964353328e+00  1.440137902441287920e+00  -1.920754187728507034e+00  -1.569246282281645755e+00  -3.079688991808785303e+00  1.357187008857727051e+01
5.724848986428110464e-02  -1.105902148084240366e+00  1.427925104253863431e+00  -1.917124083742431928e+00  -1.569132121375784727e+00  -3.081322159483697476e+00  1.360926198959350586e+01
5.589952579160684110e-02  -1.096990757943102857e+00  1.417103215696587704e+00  -1.913861547660395068e+00  -1.569074509681158247e+00  -3.082778080187534187e+00  1.364982390403747559e+01
5.490708228836993499e-02  -1.090340504998315474e+00  1.409049799462249730e+00  -1.911428549779507158e+00  -1.569070064836733280e+00  -3.083868323656982824e+00  1.368081998825073242e+01
4.487281245142948904e-02  -1.025019422196779217e+00  1.336298824906523741e+00  -1.882055596171468892e+00  -1.570830267172661721e+00  -3.096661025730278460e+00  1.449331688880920410e+01
4.490837779582947803e-02  -1.025071446125519259e+00  1.336350998823136127e+00  -1.882072576450092072e+00  -1.570829342260310568e+00  -3.096672981476828568e+00  1.454380798339843750e+01
4.492825109571697839e-02  -1.025102980392981422e+00  1.336383030575211128e+00  -1.882071674535492178e+00  -1.570822403419647628e+00  -3.096656440131653198e+00  1.457182908058166504e+01
4.510483060991698351e-02  -1.025891914453495701e+00  1.337336516083398319e+00  -1.882254934134655500e+00  -1.570808170307746110e+00  -3.096473693336840416e+00  1.460166692733764648e+01
4.568183676001699028e-02  -1.028644319985797750e+00  1.340665829006673526e+00  -1.882861706038070793e+00  -1.570773651968570661e+00  -3.095787377133315310e+00  1.463524603843688965e+01
4.709854258580448844e-02  -1.035529850047909761e+00  1.348984365408998354e+00  -1.884340588374620040e+00  -1.570722417383858982e+00  -3.094138746774652837e+00  1.467600297927856445e+01
4.928223216746699387e-02  -1.046188878080734241e+00  1.361932672332660577e+00  -1.886557882915035123e+00  -1.570662160543534469e+00  -3.091702004031377626e+00  1.471511697769165039e+01
5.150667722431699624e-02  -1.057143761991035547e+00  1.375371019825335495e+00  -1.888814473183572318e+00  -1.570588686174121840e+00  -3.089283324763252736e+00  1.474943590164184570e+01
5.477194323954199390e-02  -1.073527099506836890e+00  1.395627680199085452e+00  -1.892218967504398108e+00  -1.570493734074696945e+00  -3.085770546091952671e+00  1.478403401374816895e+01
5.769846907037948919e-02  -1.088605917280261792e+00  1.414477574227960499e+00  -1.895418406510762210e+00  -1.570343953288334760e+00  -3.082592046036452427e+00  1.481837201118469238e+01
6.085796119795448822e-02  -1.105161198023999702e+00  1.435525767139397724e+00  -1.899010573165025306e+00  -1.570149428746334230e+00  -3.079121425677014745e+00  1.485313987731933594e+01
6.424114722344198558e-02  -1.122991726582961647e+00  1.458524706398922843e+00  -1.902938406754586254e+00  -1.569963876764184363e+00  -3.075412229624327143e+00  1.488457107543945312e+01
6.781860303276700253e-02  -1.141944686531633835e+00  1.483205796325798076e+00  -1.907151858586662030e+00  -1.569754968694247133e+00  -3.071509338194027272e+00  1.491574406623840332e+01
7.151893822020449765e-02  -1.161801569220109798e+00  1.509209292187023266e+00  -1.911615565913923120e+00  -1.569554646431720712e+00  -3.067461505376765540e+00  1.494763708114624023e+01
7.529043739432950133e-02  -1.182331228166908943e+00  1.536245381160860735e+00  -1.916268906272833306e+00  -1.569335480360783741e+00  -3.063322338833878167e+00  1.498169589042663574e+01
7.913327955126699120e-02  -1.203334454671422193e+00  1.564023826678947904e+00  -1.921074408499682917e+00  -1.569085658415759532e+00  -3.059122873883015625e+00  1.501294803619384766e+01
8.300256765425449712e-02  -1.224647653306398354e+00  1.592262162041197859e+00  -1.926002593475594438e+00  -1.568888252442159903e+00  -3.054898457566527892e+00  1.504150795936584473e+01
8.684412647840449029e-02  -1.246074495796186454e+00  1.620656497859447764e+00  -1.931024118389682798e+00  -1.568678906331760103e+00  -3.050687034160015187e+00  1.507502698898315430e+01
9.065517482446698583e-02  -1.267454843030824563e+00  1.649041727855497852e+00  -1.936062315215796303e+00  -1.568445864269485845e+00  -3.046543230857327700e+00  1.510246491432189941e+01
9.348622262789198223e-02  -1.283384359839152111e+00  1.670160983115222875e+00  -1.939842553810947834e+00  -1.568298467122060558e+00  -3.043491682665877551e+00  1.513235306739807129e+01
9.811907589151697140e-02  -1.309592417642678086e+00  1.704827460115447835e+00  -1.946104267153572209e+00  -1.568204938979922858e+00  -3.038527584070539689e+00  1.516723704338073730e+01
1.017333313675919670e-01  -1.330081678575339765e+00  1.731867434404110284e+00  -1.951057484693922817e+00  -1.568217445365435836e+00  -3.034679334022964969e+00  1.520035099983215332e+01
1.052633420221419647e-01  -1.350238798835126985e+00  1.758311369886285336e+00  -1.955999018895322905e+00  -1.568299870832497334e+00  -3.030958306824177662e+00  1.523572993278503418e+01
1.086856872524169654e-01  -1.370173651840939755e+00  1.784269740009572836e+00  -1.960938714031398078e+00  -1.568455303181810478e+00  -3.027361232525340284e+00  1.526774406433105469e+01
1.119980361710669475e-01  -1.389854552052765868e+00  1.809605559275110354e+00  -1.965836872490585918e+00  -1.568687380750896310e+00  -3.023914175280240091e+00  1.529708504676818848e+01
1.151857285508169487e-01  -1.409081340599817267e+00  1.834156314113335018e+00  -1.970635615184450629e+00  -1.569002992810659691e+00  -3.020644194452565046e+00  1.533335399627685547e+01
1.189512063380669393e-01  -1.432260479778879159e+00  1.863544862292334958e+00  -1.976442543563937448e+00  -1.569405230368186466e+00  -3.016812859097502297e+00  1.537072300910949707e+01
1.224729531942169297e-01  -1.454435760359238827e+00  1.891401934695922549e+00  -1.982039118852572557e+00  -1.569725645800374991e+00  -3.013254341425577465e+00  1.541343498229980469e+01
1.257966484357544434e-01  -1.475439277001425964e+00  1.917616007951210122e+00  -1.987426904532636485e+00  -1.569953647997527568e+00  -3.009974756415090269e+00  1.545197606086730957e+01
1.289359752807169579e-01  -1.495176321858526336e+00  1.942043893310084979e+00  -1.992553997867148041e+00  -1.570144832646402477e+00  -3.006965139018315192e+00  1.548610496520996094e+01
1.312819207382544540e-01  -1.510004317578488298e+00  1.960274194957372540e+00  -1.996443767055747998e+00  -1.570204002372015850e+00  -3.004764023388653005e+00  1.551833701133728027e+01
1.329383972839294492e-01  -1.520581539017801020e+00  1.973185148470285144e+00  -1.999236995877259560e+00  -1.570274242727467851e+00  -3.003223301111328070e+00  1.554649090766906738e+01
1.360216904418419526e-01  -1.540421828499102475e+00  1.997177532465010286e+00  -2.004503873353495891e+00  -1.570385200052916375e+00  -3.000408968158940315e+00  1.559059596061706543e+01
1.388061486730794436e-01  -1.558375163599126978e+00  2.018638047419322401e+00  -2.009327609084383681e+00  -1.570577805009730099e+00  -2.997938260368090191e+00  1.563789987564086914e+01
1.404812041812669443e-01  -1.569233359134212691e+00  2.031485524079159610e+00  -2.012283154416444120e+00  -1.570726378700744164e+00  -2.996482857975940384e+00  1.567256999015808105e+01
1.423552768284794268e-01  -1.581552879628500108e+00  2.045913920165147282e+00  -2.015677347998243718e+00  -1.570886172529984748e+00  -2.994873164561165257e+00  1.571432399749755859e+01
1.439888533078669264e-01  -1.592562985488715555e+00  2.058691884750034617e+00  -2.018745287714043712e+00  -1.570997257173885941e+00  -2.993474646759915370e+00  1.575522589683532715e+01
1.454363002309793929e-01  -1.602358285188115516e+00  2.070012940751622121e+00  -2.021487463174121757e+00  -1.571045507421826137e+00  -2.992258875293840159e+00  1.579316091537475586e+01
1.467270200072168795e-01  -1.611060029116178072e+00  2.079979344226497773e+00  -2.023907202441357356e+00  -1.571026742027475720e+00  -2.991199041138477899e+00  1.583298897743225098e+01
1.479222379593293779e-01  -1.618998084911414281e+00  2.089029303584947428e+00  -2.026102947983643432e+00  -1.570985892759225067e+00  -2.990235475899877482e+00  1.587341904640197754e+01
1.574150359742789718e-01  -1.680619994878609802e+00  2.155356697414664069e+00  -2.045579950044514206e+00  -1.570785238617629531e+00  -2.984226627204925819e+00  1.667995500564575195e+01
1.574039019160160535e-01  -1.680599618574120768e+00  2.155320338530412272e+00  -2.045564290015375875e+00  -1.570784412346115211e+00  -2.984229874821576090e+00  1.671879005432128906e+01
1.574104958685537403e-01  -1.680480017149895033e+00  2.155181900487352920e+00  -2.045524324724651066e+00  -1.570767021437202260e+00  -2.984218365097238479e+00  1.675046086311340332e+01
1.576130602467037400e-01  -1.679658272224708426e+00  2.154221751272126895e+00  -2.045313096745888792e+00  -1.570731189166037822e+00  -2.983964333562388660e+00  1.678177595138549805e+01
1.586727043252162683e-01  -1.675397835437069993e+00  2.149281374834426828e+00  -2.044220685648113545e+00  -1.570664528666275928e+00  -2.982636771570176482e+00  1.681713604927062988e+01
1.607444370096162700e-01  -1.667345325102708387e+00  2.139748921794048186e+00  -2.041999248388099986e+00  -1.570687856943713712e+00  -2.980308071868014164e+00  1.685556101799011230e+01
1.637144908595662696e-01  -1.656085287518357596e+00  2.126152397245773429e+00  -2.038921291840350314e+00  -1.570858366863426170e+00  -2.977121961302989117e+00  1.689504504203796387e+01
1.674531029250287961e-01  -1.641847144788170176e+00  2.108545481738534733e+00  -2.035174504805213225e+00  -1.571162867306814093e+00  -2.973130084155476638e+00  1.694097304344177246e+01
1.727825419091538195e-01  -1.620951408916982750e+00  2.081896086996495754e+00  -2.029856810176625892e+00  -1.571494211660187545e+00  -2.967406091792714307e+00  1.698222708702087402e+01
1.767816259331912998e-01  -1.604893963826270031e+00  2.060922365855871519e+00  -2.025855059303387939e+00  -1.571542751327986487e+00  -2.963118876985301409e+00  1.701982688903808594e+01
1.821847728433038105e-01  -1.582760626983432672e+00  2.031463154270758409e+00  -2.020447534453013283e+00  -1.571489048730399851e+00  -2.957343650600101181e+00  1.705445790290832520e+01
1.867283522386287975e-01  -1.563691039998619914e+00  2.005736299262995459e+00  -2.015837243026037839e+00  -1.571432097069262568e+00  -2.952455276446638521e+00  1.708889794349670410e+01
1.914596642381913016e-01  -1.543616304695345498e+00  1.978398437729609327e+00  -2.011017207175711974e+00  -1.571444801787862389e+00  -2.947382597820276562e+00  1.712267208099365234e+01
1.963174746785663061e-01  -1.522722889290220039e+00  1.949711523404136670e+00  -2.006009952139174324e+00  -1.571528221585364093e+00  -2.942166442435576457e+00  1.715790796279907227e+01
2.024959700594162748e-01  -1.495805321650819586e+00  1.912604922758575299e+00  -1.999583929489311629e+00  -1.571702973165365336e+00  -2.935532506827388755e+00  1.719199991226196289e+01
2.074799960769162510e-01  -1.473807046677432453e+00  1.882306521792077803e+00  -1.994331268329774254e+00  -1.571772719745453628e+00  -2.930188357145126599e+00  1.722886705398559570e+01
2.148975066557537450e-01  -1.440607791316269370e+00  1.836555856018716071e+00  -1.986320243736411584e+00  -1.571660271202577341e+00  -2.922232680068526545e+00  1.727510595321655273e+01
2.197635379120912447e-01  -1.418555279382106349e+00  1.806182569968353135e+00  -1.980917074589149784e+00  -1.571542856468502336e+00  -2.917044315916751618e+00  1.730662608146667480e+01
2.245613879439537497e-01  -1.396623542352081415e+00  1.776090558419991083e+00  -1.975503973524149970e+00  -1.571394065471015011e+00  -2.911957471972301814e+00  1.734051108360290527e+01
2.304570603338037538e-01  -1.369603191583981250e+00  1.739150317836100967e+00  -1.968793276256174174e+00  -1.571174144402101902e+00  -2.905768640343964204e+00  1.737971186637878418e+01
2.350458566420912387e-01  -1.348285338602706496e+00  1.710246226010513126e+00  -1.963459175515874122e+00  -1.571050587941565269e+00  -2.900984745670888820e+00  1.741116690635681152e+01
2.406275163466662370e-01  -1.322029369032105883e+00  1.674928702956414384e+00  -1.956844220687774083e+00  -1.570871473821114250e+00  -2.895238097524013288e+00  1.744739603996276855e+01
2.449128361637787354e-01  -1.301358432949468735e+00  1.647430985412676741e+00  -1.951598940831636320e+00  -1.570634055651276562e+00  -2.890841663625638436e+00  1.748055386543273926e+01
2.490242945608662495e-01  -1.281091420463356556e+00  1.620741717043964414e+00  -1.946416297676186069e+00  -1.570365655459475818e+00  -2.886641270944438453e+00  1.751141905784606934e+01
2.520086245084037779e-01  -1.266232573316781185e+00  1.601325886937526199e+00  -1.942595642923722998e+00  -1.570125097148312499e+00  -2.883622590538638786e+00  1.754094195365905762e+01
2.567670335201287513e-01  -1.242278743587506007e+00  1.570266492754826437e+00  -1.936407036790948055e+00  -1.569727347630037073e+00  -2.878852989221414305e+00  1.757617187500000000e+01
2.611912016830537642e-01  -1.219639438740431459e+00  1.541278875843476115e+00  -1.930487743049448035e+00  -1.569316487163449736e+00  -2.874455632002626881e+00  1.761701393127441406e+01
2.653310683289287764e-01  -1.198290650623781595e+00  1.514246185763013841e+00  -1.924815515833335766e+00  -1.569064417838012204e+00  -2.870402862836239688e+00  1.765410900115966797e+01
2.684156745123787990e-01  -1.182149095897031543e+00  1.494056761493401275e+00  -1.920440591057860580e+00  -1.568924087407962631e+00  -2.867413698917939957e+00  1.769265890121459961e+01
2.719818740423913250e-01  -1.163072455305756314e+00  1.470497735809201068e+00  -1.915163686406235577e+00  -1.568815567829588531e+00  -2.863979059680964667e+00  1.772940492630004883e+01
2.752948740644663994e-01  -1.145139976003993532e+00  1.448668137595164218e+00  -1.910118387537873552e+00  -1.568799659834976268e+00  -2.860844216504902171e+00  1.777064895629882812e+01
2.783592709733289094e-01  -1.128316275297180482e+00  1.428474380212488626e+00  -1.905320008952685384e+00  -1.568877222976711394e+00  -2.857992139653377173e+00  1.780664801597595215e+01
2.806272121853538581e-01  -1.115727764453080084e+00  1.413541902640550241e+00  -1.901681361524947711e+00  -1.568947366825337753e+00  -2.855903206379802217e+00  1.784265398979187012e+01
2.832336201255288288e-01  -1.101102294671417958e+00  1.396422550544399677e+00  -1.897417214514322659e+00  -1.569113950547777137e+00  -2.853522623644477285e+00  1.788181304931640625e+01
2.855850844165913616e-01  -1.087857997313442127e+00  1.381075334662624776e+00  -1.893499518871097465e+00  -1.569377463633426117e+00  -2.851398908463127935e+00  1.791893005371093750e+01
2.876914460627913450e-01  -1.075942095730304082e+00  1.367482529161149429e+00  -1.889934830067883986e+00  -1.569771812529127786e+00  -2.849534971457190036e+00  1.796064591407775879e+01
2.895472367141413428e-01  -1.065302672446378551e+00  1.355436321385662168e+00  -1.886724583825520440e+00  -1.570231123871465684e+00  -2.847917648243440070e+00  1.800111699104309082e+01
2.911608891225663243e-01  -1.055810301975204091e+00  1.344797130138262631e+00  -1.883843235059070587e+00  -1.570681925043615479e+00  -2.846512239548889767e+00  1.804148793220520020e+01
2.923191541663538451e-01  -1.048836528440803662e+00  1.337055867023750011e+00  -1.881715511813120578e+00  -1.570985912604928814e+00  -2.845502912095689840e+00  1.807670998573303223e+01
3.042829623846916576e-01  -9.817254457926019029e-01  1.266537466657235322e+00  -1.855653077688511843e+00  -1.570774421134585097e+00  -2.837261809089929088e+00  1.888395094871520996e+01
3.042673072244292953e-01  -9.817718214937265486e-01  1.266583424477835340e+00  -1.855675650955372902e+00  -1.570785702326023880e+00  -2.837256000068091755e+00  1.893041992187500000e+01
3.042601894252294770e-01  -9.818013848048643410e-01  1.266626770387510259e+00  -1.855693284866859472e+00  -1.570775051857975058e+00  -2.837277934236229981e+00  1.896420097351074219e+01
3.042090597047426570e-01  -9.824483844035256652e-01  1.267518159046497450e+00  -1.855936572996323974e+00  -1.570776493274525620e+00  -2.837320422378066809e+00  1.899620699882507324e+01
3.039967087642914123e-01  -9.855662962844142783e-01  1.271829520500897592e+00  -1.857104583986485480e+00  -1.570746023981612893e+00  -2.837499297676302490e+00  1.902992606163024902e+01
3.035790598552416952e-01  -9.917285477324426779e-01  1.280429766933885105e+00  -1.859452900560299327e+00  -1.570696728334526782e+00  -2.837801980380902478e+00  1.907235407829284668e+01
3.028194152304033437e-01  -1.002942195706054918e+00  1.296121108643122577e+00  -1.863745865345984853e+00  -1.570758812226939583e+00  -2.838503461116253845e+00  1.912042903900146484e+01
3.021620619086293758e-01  -1.012479381990267768e+00  1.309464539927147619e+00  -1.867365934998822752e+00  -1.570933529824012354e+00  -2.839240042750667214e+00  1.915688204765319824e+01
3.012089558483301843e-01  -1.026293602233838698e+00  1.329040389321297644e+00  -1.872555510566474624e+00  -1.571170170727789639e+00  -2.840389235050567507e+00  1.919116401672363281e+01
3.003656395040428251e-01  -1.038679356562763445e+00  1.346841754872222463e+00  -1.877178929572810517e+00  -1.571319362883976112e+00  -2.841437415755418527e+00  1.922483897209167480e+01
2.994706943887806005e-01  -1.052066423843125875e+00  1.366327465508947459e+00  -1.882164679343510727e+00  -1.571378488831475906e+00  -2.842539944135669572e+00  1.925927400588989258e+01
2.982970137342801920e-01  -1.069820608136350160e+00  1.392546008580785033e+00  -1.888780395665598633e+00  -1.571322057778889558e+00  -2.843919239059296444e+00  1.929524588584899902e+01
2.973178918923418124e-01  -1.084683149314949802e+00  1.414648468543772575e+00  -1.894343809149784619e+00  -1.571246179094501372e+00  -2.844998186720410160e+00  1.932834291458129883e+01
2.963182684166660863e-01  -1.099957592277510443e+00  1.437516805817585119e+00  -1.900089594003258497e+00  -1.571130955962963149e+00  -2.846052507478523452e+00  1.936544895172119141e+01
2.953065481539045578e-01  -1.115497205815383808e+00  1.460879242336935002e+00  -1.905955850333221235e+00  -1.570954650980362466e+00  -2.847075746864298651e+00  1.939571690559387207e+01
2.940364191150290907e-01  -1.135105311617646606e+00  1.490426094449047500e+00  -1.913395983286708457e+00  -1.570625322868963281e+00  -2.848304508655310485e+00  1.942998003959655762e+01
2.930331864157791344e-01  -1.150966665023293700e+00  1.514216542405022681e+00  -1.919444146075708346e+00  -1.570359557336712619e+00  -2.849249781087532796e+00  1.946661090850830078e+01
2.920447042888172362e-01  -1.166930982027057695e+00  1.538117281385647850e+00  -1.925570386724707816e+00  -1.570135868216049779e+00  -2.850152570835494004e+00  1.950010108947753906e+01
2.910827080957165691e-01  -1.182947210575070685e+00  1.561961421067485478e+00  -1.931742768278706279e+00  -1.569950130557262291e+00  -2.851021119565494644e+00  1.953229188919067383e+01
2.899284539549782380e-01  -1.202847431508260456e+00  1.591433140306723004e+00  -1.939428644235807297e+00  -1.569815290021737475e+00  -2.852055743537494692e+00  1.956663894653320312e+01
2.890479636827780752e-01  -1.218534937397635076e+00  1.614511421296773053e+00  -1.945509195785632528e+00  -1.569696312435713281e+00  -2.852845820368870022e+00  1.960176086425781250e+01
2.879935040273275959e-01  -1.237644847454347996e+00  1.642452574273048249e+00  -1.952943783815609180e+00  -1.569524726959889094e+00  -2.853778151575667721e+00  1.963932299613952637e+01
2.871978592633528393e-01  -1.252296564043895444e+00  1.663742048168435739e+00  -1.958698336415405805e+00  -1.569365802807127785e+00  -2.854474973046205122e+00  1.967041802406311035e+01
2.862440921633400137e-01  -1.269689559576205440e+00  1.688770261709260589e+00  -1.965572616157544417e+00  -1.569200042679403495e+00  -2.855265445922405831e+00  1.971036100387573242e+01
2.853468407202530699e-01  -1.285938647333367157e+00  1.711909957998323240e+00  -1.972035960955768275e+00  -1.569144700862167952e+00  -2.856003903481056483e+00  1.975394892692565918e+01
2.846661549664153412e-01  -1.298298825776228682e+00  1.729281592947310875e+00  -1.976971794084906975e+00  -1.569206528898806852e+00  -2.856554761782597041e+00  1.978876495361328125e+01
2.838703404354392390e-01  -1.313029295377752703e+00  1.749757942474410966e+00  -1.982884785536871419e+00  -1.569397678481408320e+00  -2.857231629301633546e+00  1.982266092300415039e+01
2.832782163671270226e-01  -1.324235966608878101e+00  1.765162023815036063e+00  -1.987425881798706939e+00  -1.569618761421658348e+00  -2.857750801674757923e+00  1.985670495033264160e+01
2.825861757168652844e-01  -1.337413834001566215e+00  1.783013548170173657e+00  -1.992825655071307267e+00  -1.569966499607208021e+00  -2.858360550815946866e+00  1.989542698860168457e+01
2.819626223243520968e-01  -1.349541436407815098e+00  1.799241019296486277e+00  -1.997810599265704923e+00  -1.570355115721985939e+00  -2.858909687906683317e+00  1.993927597999572754e+01
2.813951500300388986e-01  -1.360562920569762468e+00  1.813833895804448648e+00  -2.002354169942705653e+00  -1.570767797645871156e+00  -2.859418098541572917e+00  1.998008799552917480e+01
2.808914100486772369e-01  -1.370534467326152139e+00  1.826874181710060885e+00  -2.006469752908428106e+00  -1.571103770410356759e+00  -2.859928907939806919e+00  2.001572299003601074e+01
2.802129459465643180e-01  -1.384495993357017340e+00  1.844875247302736110e+00  -2.012231236782788812e+00  -1.571437378591706846e+00  -2.860696997381058537e+00  2.008148908615112305e+01
2.799152632064396684e-01  -1.390835299886980181e+00  1.852982798941836151e+00  -2.014849207096565564e+00  -1.571526552565270407e+00  -2.861072522579274136e+00  2.011656904220581055e+01
2.769862114027423772e-01  -1.453119863582511329e+00  1.926750974286056461e+00  -2.044446220642225143e+00  -1.570785547493972700e+00  -2.864575811917485559e+00  2.093792295455932617e+01
2.770083253138923007e-01  -1.453052055439249202e+00  1.926693365161305849e+00  -2.044412852734612152e+00  -1.570804311346584825e+00  -2.864581178636396164e+00  2.099167799949645996e+01
2.770158889393172785e-01  -1.453029081294548774e+00  1.926665448440203932e+00  -2.044397108749387293e+00  -1.570798471953685826e+00  -2.864592265310395902e+00  2.102179408073425293e+01
2.769031911832788850e-01  -1.452608827031386163e+00  1.926093920329517317e+00  -2.044276481797361100e+00  -1.570756003025423730e+00  -2.864737971772006730e+00  2.105164599418640137e+01
2.763071990503291886e-01  -1.450715939862786463e+00  1.923422172604279723e+00  -2.043726246799486113e+00  -1.570605838833299295e+00  -2.865430636334281189e+00  2.109284186363220215e+01
2.751695567920799945e-01  -1.447107291862536727e+00  1.918239416961617039e+00  -2.042729360764536040e+00  -1.570365747087335784e+00  -2.866756817000130297e+00  2.113017106056213379e+01
2.735086490544311744e-01  -1.441886448228875572e+00  1.910735331020102734e+00  -2.041434525365411368e+00  -1.570115712555812060e+00  -2.868576549730281755e+00  2.117019701004028320e+01
2.714235980092949418e-01  -1.435368288739274689e+00  1.901298762482813487e+00  -2.039843470664536085e+00  -1.569993844097574254e+00  -2.870744420937143104e+00  2.120637893676757812e+01
2.695043018703078275e-01  -1.429360712722662186e+00  1.892634309931601422e+00  -2.038328464331448764e+00  -1.569992812710811592e+00  -2.872661838880731011e+00  2.123896193504333496e+01
2.674064220907830247e-01  -1.422762325024812036e+00  1.883138108668626742e+00  -2.036617083886972601e+00  -1.570065134904309545e+00  -2.874711142949404774e+00  2.127273797988891602e+01
2.651740129222455167e-01  -1.415613585882174341e+00  1.872925393570364250e+00  -2.034725510645935209e+00  -1.570133552557273049e+00  -2.876852664349140554e+00  2.130589604377746582e+01
2.628582237954830703e-01  -1.408014943563399513e+00  1.862135669838377083e+00  -2.032690297715771699e+00  -1.570157613295712906e+00  -2.879051721815191200e+00  2.133963799476623535e+01
2.604900731619332888e-01  -1.400024168724637086e+00  1.850885398739389842e+00  -2.030519823739059149e+00  -1.570195210019464049e+00  -2.881281757310905078e+00  2.136938905715942383e+01
2.574728881988459506e-01  -1.389641073996849663e+00  1.836292220584365253e+00  -2.027668002587883045e+00  -1.570254350384775677e+00  -2.884102991758794587e+00  2.140757107734680176e+01
2.549954864282213407e-01  -1.381036285585187429e+00  1.824171642888941847e+00  -2.025280592554183023e+00  -1.570286438248777117e+00  -2.886373801849632770e+00  2.144153904914855957e+01
2.524947247916964344e-01  -1.372196548998000587e+00  1.811735603687179008e+00  -2.022821540266782847e+00  -1.570386717103414043e+00  -2.888649761709746855e+00  2.147712492942810059e+01
2.493782871808463142e-01  -1.360944065957713001e+00  1.795955248795790382e+00  -2.019661541544758521e+00  -1.570549065666888566e+00  -2.891480878301122104e+00  2.151237797737121582e+01
2.469349912109963796e-01  -1.351889489051825599e+00  1.783251442913302398e+00  -2.017085273785683697e+00  -1.570710891409186516e+00  -2.893715494521373444e+00  2.154461789131164551e+01
2.451283126581467187e-01  -1.345112153103287689e+00  1.773759221473165226e+00  -2.015136368557921109e+00  -1.570815889259083775e+00  -2.895363453466423209e+00  2.157206296920776367e+01
2.421883971264211510e-01  -1.333920251676826041e+00  1.758199516343090352e+00  -2.011889735665582712e+00  -1.570982614696184498e+00  -2.898050388246733888e+00  2.160602807998657227e+01
2.399147828499961221e-01  -1.325126619782038162e+00  1.746103054769003293e+00  -2.009309195496882694e+00  -1.571074774640209171e+00  -2.900129919063921591e+00  2.164077687263488770e+01
2.372347891751083182e-01  -1.314468227944212586e+00  1.731554066450639695e+00  -2.006151856583445969e+00  -1.571215596485858512e+00  -2.902612420251710290e+00  2.167935895919799805e+01
2.347555537091707833e-01  -1.304279593397636994e+00  1.717817157993266619e+00  -2.003116044874896140e+00  -1.571418522828517794e+00  -2.904946882091998361e+00  2.171954393386840820e+01
2.328913991692829200e-01  -1.296475446922198849e+00  1.707420707898716472e+00  -2.000764163038022403e+00  -1.571620056141842525e+00  -2.906709478533770152e+00  2.175333404541015625e+01
2.306913894312208058e-01  -1.287139738650812326e+00  1.695052980416178912e+00  -1.997918733406910619e+00  -1.571936434178105912e+00  -2.908801669309919902e+00  2.178950500488281250e+01
2.290462361395588786e-01  -1.279996964997887510e+00  1.685660681308028153e+00  -1.995730803874936399e+00  -1.572195991335567200e+00  -2.910384221536094884e+00  2.182578206062316895e+01
2.275092759038965795e-01  -1.273152883825448889e+00  1.676752855751903581e+00  -1.993621697424436512e+00  -1.572416711303906922e+00  -2.911883129656821723e+00  2.186114597320556641e+01
2.254399894151086770e-01  -1.263575920189123458e+00  1.664451474335639780e+00  -1.990646833302911034e+00  -1.572648915372845124e+00  -2.913958831522108994e+00  2.190856790542602539e+01
2.239058625137593239e-01  -1.256271332171248645e+00  1.655240987550914866e+00  -1.988377351834548001e+00  -1.572731333248457375e+00  -2.915527182884222412e+00  2.194823908805847168e+01
2.222584167621706186e-01  -1.248289467083961490e+00  1.645385733226726543e+00  -1.985908870322609765e+00  -1.572664210094369963e+00  -2.917196995036800189e+00  2.199576497077941895e+01
2.207989781427945886e-01  -1.241067423405024961e+00  1.636685793876852202e+00  -1.983703569268897127e+00  -1.572603825035344016e+00  -2.918657724238812534e+00  2.204273796081542969e+01
2.196967124461313148e-01  -1.235499233259387708e+00  1.630082704718065933e+00  -1.982021643795884636e+00  -1.572651940571729412e+00  -2.919755999712522865e+00  2.208382892608642578e+01
2.108415541724923958e-01  -1.183243794638549673e+00  1.576572755328906172e+00  -1.964112933953707341e+00  -1.570794837001770361e+00  -2.930712628742788262e+00  2.289510297775268555e+01
2.108542397179923866e-01  -1.183270825146376382e+00  1.576599825062118709e+00  -1.964123660431745577e+00  -1.570797632627158436e+00  -2.930700628898850635e+00  2.294046497344970703e+01
2.108673841105298818e-01  -1.183290434205764186e+00  1.576629614616481323e+00  -1.964129707161745841e+00  -1.570822245236358938e+00  -2.930686126506225619e+00  2.297189998626708984e+01
2.111474304758798881e-01  -1.184139283522913644e+00  1.577594365664343634e+00  -1.964388833783909050e+00  -1.570818960330509384e+00  -2.930395133328476120e+00  2.301283788681030273e+01
2.121313825829423960e-01  -1.187228274097464009e+00  1.581100196662968527e+00  -1.965219163168761440e+00  -1.570860340098120922e+00  -2.929355378740401417e+00  2.305015993118286133e+01
2.139616279282298972e-01  -1.193016718953838762e+00  1.587679920788430898e+00  -1.966643952558438713e+00  -1.570851486132882613e+00  -2.927388151649851444e+00  2.308975100517272949e+01
2.165448381883048612e-01  -1.201302305034850804e+00  1.597087997056068076e+00  -1.968440330148290229e+00  -1.570743259803544234e+00  -2.924574284139276337e+00  2.313175392150878906e+01
2.204469564528548364e-01  -1.213955441810574243e+00  1.611476987680042994e+00  -1.971029782952381737e+00  -1.570618496863243507e+00  -2.920337640077439012e+00  2.317765402793884277e+01
2.234380915544923185e-01  -1.223723999662135853e+00  1.622652338889480461e+00  -1.973057718651281434e+00  -1.570617949236595479e+00  -2.917117489497601301e+00  2.321081709861755371e+01
2.275394751438923613e-01  -1.237130667292625219e+00  1.638155007050630108e+00  -1.975871296114032560e+00  -1.570735777311258019e+00  -2.912726699955551446e+00  2.324831199645996094e+01
2.319462537810298430e-01  -1.251654220353813685e+00  1.655107262491417597e+00  -1.978946152135433678e+00  -1.570835813551120452e+00  -2.907995823384076584e+00  2.328756904602050781e+01
2.356156324761298770e-01  -1.263933087559387047e+00  1.669541413986117551e+00  -1.981546607707860730e+00  -1.570865134643920413e+00  -2.904037242374751582e+00  2.332357788085937500e+01
2.403770424115673487e-01  -1.279909677807960833e+00  1.688400034097917501e+00  -1.984938370653896555e+00  -1.570832306651007926e+00  -2.898951523615951320e+00  2.335734105110168457e+01
2.442476235561548414e-01  -1.293052898993286348e+00  1.704039948362229939e+00  -1.987722990917621502e+00  -1.570679060758295442e+00  -2.894822580734251360e+00  2.339211106300354004e+01
2.481280633984798423e-01  -1.306419131444286563e+00  1.719996208683342465e+00  -1.990559343823584015e+00  -1.570446063894944011e+00  -2.890673468235763544e+00  2.342867207527160645e+01
2.520254053931673677e-01  -1.319877994069560856e+00  1.736163947555442455e+00  -1.993402121975609731e+00  -1.570204740869531435e+00  -2.886541205941825616e+00  2.345988893508911133e+01
2.559182263686298753e-01  -1.333348842238697429e+00  1.752387799165367577e+00  -1.996251106270984010e+00  -1.569986828040680571e+00  -2.882452799988900249e+00  2.349301290512084961e+01
2.607081462092298296e-01  -1.350099563943825132e+00  1.772700237941242651e+00  -1.999786088747347534e+00  -1.569858225776030736e+00  -2.877445410970237649e+00  2.353180193901062012e+01
2.654302169551548407e-01  -1.366822672332776989e+00  1.793031706676317949e+00  -2.003323870353060698e+00  -1.569754530285568883e+00  -2.872554326125049240e+00  2.356761503219604492e+01
2.691103521908672636e-01  -1.380123526950475465e+00  1.809248149803517780e+00  -2.006147816913983917e+00  -1.569659802857120035e+00  -2.868759030257899578e+00  2.360157608985900879e+01
2.735386505693422343e-01  -1.396519521127753904e+00  1.829277316186167957e+00  -2.009658358053087568e+00  -1.569562515615933407e+00  -2.864194926510750250e+00  2.363770008087158203e+01
2.769254345118297156e-01  -1.409303452392867584e+00  1.844905356986355383e+00  -2.012410820918713483e+00  -1.569433562454970676e+00  -2.860731060162513106e+00  2.367512798309326172e+01
2.809337577151296839e-01  -1.424693315766777602e+00  1.863780383639143112e+00  -2.015738920770424158e+00  -1.569246797621607570e+00  -2.856662624313313081e+00  2.371057605743408203e+01
2.839642034774047530e-01  -1.436453907483551617e+00  1.878219734919505335e+00  -2.018291871998311393e+00  -1.569085359708344285e+00  -2.853607267039963258e+00  2.374719905853271484e+01
2.882152377966797352e-01  -1.453020740365477792e+00  1.898571759312705387e+00  -2.021869775869024721e+00  -1.569103361199342572e+00  -2.849391440864763148e+00  2.379012989997863770e+01
2.915103830394297213e-01  -1.466014428966529337e+00  1.914582711206542998e+00  -2.024659158925388169e+00  -1.569245263856629435e+00  -2.846163920260512903e+00  2.382976794242858887e+01
2.945583119902921987e-01  -1.478372716987491842e+00  1.929877162313755390e+00  -2.027307791426665062e+00  -1.569381643357953493e+00  -2.843171986487188274e+00  2.387159991264343262e+01
2.973920315241172507e-01  -1.490087160076114969e+00  1.944406898933867645e+00  -2.029817384525390622e+00  -1.569454853016814866e+00  -2.840423688764138088e+00  2.391048502922058105e+01
3.000238719461422732e-01  -1.501020696726865111e+00  1.958052648043580257e+00  -2.032175359260614655e+00  -1.569472341519290381e+00  -2.837924375063325844e+00  2.395190405845642090e+01
3.024348700868297879e-01  -1.511086563407067374e+00  1.970730246388855189e+00  -2.034342890624913025e+00  -1.569417071872440950e+00  -2.835680354945488535e+00  2.398928403854370117e+01
3.045871846570047392e-01  -1.520237234171815999e+00  1.982323099054192683e+00  -2.036303409749713467e+00  -1.569362356783901902e+00  -2.833690481929014293e+00  2.403078889846801758e+01
3.061237624511797262e-01  -1.526900573500551417e+00  1.990805611980067447e+00  -2.037723083013087688e+00  -1.569369258089288621e+00  -2.832269391293526617e+00  2.406938409805297852e+01
3.081763727711547274e-01  -1.535834619046440253e+00  2.002286083132942540e+00  -2.039603483899750103e+00  -1.569503634409301185e+00  -2.830397896716701833e+00  2.411548995971679688e+01
3.097371597809546739e-01  -1.542572057870927438e+00  2.010972085599505466e+00  -2.041018096062137133e+00  -1.569618872906787033e+00  -2.829010072651539254e+00  2.415420603752136230e+01
