v1     v2   v3   v4  v5   v6   t1
1.190000000000000058e-04  0.000000000000000000e+00  5.599999999999999916e-05  0.000000000000000000e+00  0.000000000000000000e+00  0.000000000000000000e+00  0.000000000000000000e+00
-2.380000000000000117e-04  0.000000000000000000e+00  1.759999999999999954e-04  1.810000000000000085e-04  -1.190000000000000058e-04  0.000000000000000000e+00  9.168386459350585938e-02
-1.218940000000000023e-01  -7.038700000000000512e-02  -6.908799999999999664e-02  -9.393300000000000261e-02  -2.422660000000000091e-01  9.126999999999999696e-03  1.770660877227783203e-01
-2.532150000000000234e-01  -1.967460000000000042e-01  -1.282699999999999951e-01  -2.067650000000000043e-01  -5.103579999999999783e-01  1.952699999999999922e-02  2.385680675506591797e-01
-1.276950000000000029e-01  -3.425489999999999924e-01  1.190329999999999999e-01  -1.550439999999999874e-01  -2.270800000000000041e-01  4.891600000000000115e-02  3.189399242401123047e-01
5.279999999999999971e-03  -3.825609999999999844e-01  2.725980000000000070e-01  -1.408850000000000102e-01  -1.084009999999999974e-01  1.183270000000000016e-01  3.694500923156738281e-01
8.614600000000000035e-02  -3.975009999999999932e-01  3.208710000000000173e-01  -3.944799999999999696e-02  -2.371080000000000132e-01  1.575590000000000046e-01  4.113819599151611328e-01
2.080919999999999992e-01  -4.205150000000000277e-01  3.610769999999999813e-01  1.177799999999999958e-01  -4.586999999999999966e-01  1.891680000000000028e-01  4.774050712585449219e-01
3.181069999999999731e-01  -4.574259999999999993e-01  4.264450000000000185e-01  2.356090000000000129e-01  -5.945519999999999694e-01  2.100370000000000015e-01  5.459609031677246094e-01
3.893440000000000234e-01  -4.716319999999999957e-01  4.687970000000000192e-01  3.041980000000000239e-01  -6.001199999999999868e-01  2.171160000000000034e-01  5.993080139160156250e-01
3.471190000000000109e-01  -4.715960000000000152e-01  4.801099999999999812e-01  3.353360000000000229e-01  -5.959740000000000038e-01  2.145110000000000072e-01  6.402668952941894531e-01
3.307459999999999845e-01  -4.557430000000000092e-01  4.767870000000000164e-01  3.666170000000000262e-01  -5.888510000000000133e-01  2.095229999999999870e-01  6.960399150848388672e-01
3.685559999999999947e-01  -4.424350000000000227e-01  4.801469999999999905e-01  3.949420000000000153e-01  -5.560249999999999915e-01  2.079660000000000120e-01  7.443900108337402344e-01
4.121699999999999808e-01  -4.290280000000000205e-01  4.791929999999999801e-01  4.141079999999999761e-01  -5.139099999999999779e-01  2.044110000000000094e-01  7.838940620422363281e-01
4.512109999999999732e-01  -4.152239999999999820e-01  4.725329999999999808e-01  4.247429999999999817e-01  -4.644070000000000142e-01  1.998800000000000021e-01  8.295710086822509766e-01
4.840809999999999835e-01  -3.899039999999999728e-01  4.587300000000000266e-01  4.306940000000000213e-01  -3.987080000000000068e-01  1.937810000000000088e-01  8.758120536804199219e-01
5.012469999999999981e-01  -3.643029999999999879e-01  4.380140000000000144e-01  4.254240000000000244e-01  -3.307950000000000057e-01  1.855410000000000115e-01  9.255869388580322266e-01
5.068500000000000227e-01  -3.330040000000000222e-01  4.103109999999999813e-01  4.105849999999999778e-01  -2.614040000000000252e-01  1.753810000000000091e-01  9.664149284362792969e-01
5.104739999999999833e-01  -3.035889999999999977e-01  3.840819999999999790e-01  3.956040000000000112e-01  -2.042229999999999879e-01  1.674480000000000135e-01  1.007659912109375000e+00
5.089930000000000287e-01  -2.722249999999999948e-01  3.549160000000000093e-01  3.735800000000000232e-01  -1.484590000000000076e-01  1.587909999999999877e-01  1.045984983444213867e+00
5.084800000000000431e-01  -2.476690000000000003e-01  3.311490000000000267e-01  3.554379999999999762e-01  -1.056330000000000047e-01  1.515450000000000130e-01  1.083371877670288086e+00
5.087220000000000075e-01  -2.081639999999999879e-01  2.908299999999999774e-01  3.220169999999999977e-01  -4.431500000000000022e-02  1.389529999999999932e-01  1.126435995101928711e+00
5.071069999999999744e-01  -1.715510000000000090e-01  2.558730000000000171e-01  2.910659999999999914e-01  6.148999999999999952e-03  1.288189999999999891e-01  1.173667907714843750e+00
5.108430000000000470e-01  -1.344120000000000037e-01  2.159000000000000086e-01  2.544319999999999915e-01  5.780300000000000021e-02  1.186299999999999993e-01  1.211005926132202148e+00
5.280070000000000041e-01  -9.315800000000000469e-02  1.741030000000000078e-01  2.136820000000000108e-01  1.152009999999999978e-01  1.082570000000000060e-01  1.247828960418701172e+00
5.627499999999999725e-01  -4.750800000000000162e-02  1.284470000000000056e-01  1.687359999999999971e-01  1.748129999999999962e-01  9.709399999999999975e-02  1.288775920867919922e+00
6.111459999999999670e-01  2.279000000000000210e-03  7.836700000000000610e-02  1.177030000000000021e-01  2.307079999999999964e-01  8.613600000000000423e-02  1.327672004699707031e+00
6.472329999999999472e-01  5.050000000000000322e-02  2.726699999999999957e-02  6.648199999999999943e-02  2.751810000000000089e-01  7.501900000000000235e-02  1.366957902908325195e+00
6.704729999999999857e-01  9.723600000000000299e-02  -2.201200000000000032e-02  1.742099999999999899e-02  3.127179999999999960e-01  6.534199999999999731e-02  1.410113096237182617e+00
6.961129999999999818e-01  1.412640000000000007e-01  -7.070899999999999408e-02  -2.943099999999999883e-02  3.563799999999999746e-01  5.804200000000000331e-02  1.453684091567993164e+00
7.196280000000000454e-01  1.868769999999999876e-01  -1.223719999999999947e-01  -7.799499999999999489e-02  4.111369999999999747e-01  4.993500000000000022e-02  1.502115964889526367e+00
7.219790000000000374e-01  2.217790000000000039e-01  -1.628159999999999885e-01  -1.162819999999999965e-01  4.559440000000000159e-01  4.263999999999999735e-02  1.542519092559814453e+00
7.072049999999999725e-01  2.369709999999999872e-01  -1.828400000000000025e-01  -1.373560000000000059e-01  4.787410000000000276e-01  3.800300000000000206e-02  1.578845977783203125e+00
6.786750000000000282e-01  2.547090000000000187e-01  -2.026300000000000046e-01  -1.574200000000000044e-01  5.001590000000000202e-01  3.248999999999999805e-02  1.619332075119018555e+00
6.355309999999999571e-01  2.755560000000000231e-01  -2.255570000000000075e-01  -1.808909999999999962e-01  5.131790000000000518e-01  2.663300000000000042e-02  1.663716077804565430e+00
5.923779999999999601e-01  2.893410000000000148e-01  -2.419689999999999896e-01  -1.968239999999999990e-01  5.137730000000000352e-01  2.284699999999999925e-02  1.704444885253906250e+00
5.548319999999999919e-01  2.958279999999999799e-01  -2.499550000000000105e-01  -2.062829999999999941e-01  5.044269999999999587e-01  1.980099999999999916e-02  1.741472005844116211e+00
5.042480000000000295e-01  2.956869999999999776e-01  -2.536660000000000026e-01  -2.128349999999999964e-01  4.821779999999999955e-01  1.615400000000000169e-02  1.776890993118286133e+00
4.526930000000000121e-01  2.885110000000000174e-01  -2.510720000000000174e-01  -2.119050000000000100e-01  4.515290000000000137e-01  1.435900000000000024e-02  1.814491987228393555e+00
4.118839999999999724e-01  2.786959999999999993e-01  -2.431719999999999993e-01  -2.072460000000000135e-01  4.204600000000000004e-01  1.241599999999999995e-02  1.852500915527343750e+00
3.689870000000000094e-01  2.635759999999999770e-01  -2.310059999999999891e-01  -1.988479999999999970e-01  3.850169999999999981e-01  1.045399999999999975e-02  1.885251045227050781e+00
3.049620000000000108e-01  2.373780000000000057e-01  -2.109459999999999946e-01  -1.844739999999999991e-01  3.268579999999999819e-01  7.734000000000000423e-03  1.937524080276489258e+00
2.726080000000000170e-01  2.224260000000000126e-01  -1.986700000000000133e-01  -1.750629999999999964e-01  2.966380000000000128e-01  4.836000000000000021e-03  1.974030017852783203e+00
2.596870000000000012e-01  2.139449999999999963e-01  -1.920840000000000047e-01  -1.689239999999999908e-01  2.825599999999999778e-01  2.399000000000000091e-03  2.014971017837524414e+00
-1.070999999999999903e-03  -2.770000000000000110e-04  9.110000000000000259e-04  2.638999999999999853e-03  -3.282000000000000195e-03  -1.845999999999999985e-03  2.831541061401367188e+00
-6.470000000000000057e-04  4.850000000000000253e-04  6.220000000000000485e-04  2.062000000000000031e-03  9.210000000000000521e-04  -5.410000000000000312e-04  2.884975910186767578e+00
4.690000000000000158e-04  -1.167000000000000069e-03  2.435999999999999797e-03  1.193000000000000050e-03  -7.280000000000000230e-04  2.856000000000000032e-03  2.913655996322631836e+00
2.622100000000000125e-02  -3.351699999999999818e-02  3.818699999999999872e-02  -5.931999999999999773e-03  -2.098000000000000038e-03  3.007900000000000157e-02  2.944041013717651367e+00
6.837600000000000622e-02  -8.614299999999999735e-02  9.576099999999999890e-02  -1.773599999999999829e-02  3.089999999999999756e-04  7.216200000000000392e-02  2.977056026458740234e+00
1.117910000000000015e-01  -1.412809999999999899e-01  1.566670000000000007e-01  -2.871100000000000041e-02  2.418000000000000010e-03  1.173420000000000019e-01  3.009651899337768555e+00
1.693749999999999978e-01  -2.147330000000000072e-01  2.415660000000000029e-01  -3.935199999999999809e-02  1.335000000000000032e-03  1.764070000000000082e-01  3.058148860931396484e+00
2.074519999999999975e-01  -2.649369999999999781e-01  3.058190000000000075e-01  -4.417599999999999999e-02  -1.742999999999999975e-03  2.156059999999999921e-01  3.097110033035278320e+00
2.265649999999999886e-01  -2.905380000000000185e-01  3.407589999999999786e-01  -4.712800000000000322e-02  5.990000000000000316e-04  2.345839999999999870e-01  3.121845960617065430e+00
2.430470000000000130e-01  -3.127099999999999880e-01  3.711690000000000267e-01  -4.868900000000000311e-02  5.609999999999999752e-04  2.506869999999999932e-01  3.147367954254150391e+00
2.588949999999999863e-01  -3.361049999999999871e-01  4.043919999999999737e-01  -5.187300000000000244e-02  3.710000000000000190e-04  2.665600000000000191e-01  3.174797058105468750e+00
2.691569999999999796e-01  -3.525820000000000065e-01  4.299950000000000161e-01  -5.418699999999999906e-02  -2.304000000000000058e-03  2.767000000000000015e-01  3.208910942077636719e+00
2.765799999999999925e-01  -3.635070000000000245e-01  4.466919999999999780e-01  -5.641399999999999887e-02  -7.950000000000000252e-04  2.820380000000000109e-01  3.243891954421997070e+00
2.810239999999999960e-01  -3.687650000000000095e-01  4.558409999999999962e-01  -5.734999999999999820e-02  2.000000000000000164e-05  2.849519999999999831e-01  3.273408889770507812e+00
2.798700000000000077e-01  -3.706559999999999855e-01  4.570179999999999798e-01  -5.831499999999999878e-02  3.390000000000000001e-04  2.851319999999999966e-01  3.304821014404296875e+00
2.764229999999999743e-01  -3.698150000000000048e-01  4.554810000000000247e-01  -5.851699999999999957e-02  -2.256999999999999892e-03  2.806580000000000186e-01  3.334860086441040039e+00
2.725210000000000132e-01  -3.655630000000000268e-01  4.483380000000000143e-01  -5.795899999999999663e-02  -1.173999999999999913e-03  2.740850000000000231e-01  3.368808031082153320e+00
2.657510000000000150e-01  -3.585030000000000161e-01  4.365310000000000024e-01  -5.661900000000000266e-02  1.521000000000000000e-03  2.655199999999999783e-01  3.404721021652221680e+00
2.559520000000000128e-01  -3.485369999999999857e-01  4.209570000000000256e-01  -5.630999999999999894e-02  -2.199999999999999943e-05  2.549819999999999864e-01  3.436142921447753906e+00
2.439449999999999952e-01  -3.333590000000000164e-01  4.000560000000000227e-01  -5.423900000000000249e-02  4.252999999999999836e-03  2.409100000000000130e-01  3.471570014953613281e+00
2.326940000000000119e-01  -3.173989999999999867e-01  3.794130000000000003e-01  -5.245699999999999669e-02  -2.869999999999999830e-04  2.277270000000000127e-01  3.503336906433105469e+00
2.222719999999999974e-01  -3.036670000000000202e-01  3.614209999999999923e-01  -5.038000000000000117e-02  1.557000000000000007e-03  2.172699999999999909e-01  3.533355951309204102e+00
2.023349999999999871e-01  -2.762539999999999996e-01  3.276249999999999996e-01  -4.587299999999999711e-02  3.736999999999999870e-03  1.972869999999999902e-01  3.567916870117187500e+00
1.875479999999999925e-01  -2.551419999999999799e-01  3.000970000000000026e-01  -4.268099999999999672e-02  2.148999999999999869e-03  1.811709999999999987e-01  3.606150865554809570e+00
1.743399999999999950e-01  -2.355679999999999996e-01  2.748889999999999945e-01  -3.936699999999999922e-02  4.441999999999999768e-03  1.665089999999999903e-01  3.636439085006713867e+00
1.603990000000000138e-01  -2.154580000000000106e-01  2.514049999999999896e-01  -3.595700000000000285e-02  6.764000000000000047e-03  1.519699999999999940e-01  3.664998054504394531e+00
1.465200000000000113e-01  -1.974819999999999909e-01  2.280949999999999922e-01  -3.307299999999999823e-02  4.040000000000000188e-03  1.376580000000000026e-01  3.700615882873535156e+00
-6.880000000000000265e-04  8.980000000000000352e-04  -1.054999999999999948e-03  2.648000000000000180e-03  -1.451999999999999949e-03  1.505000000000000044e-03  4.518148899078369141e+00
-4.249999999999999763e-04  9.110000000000000259e-04  -4.859999999999999954e-04  -7.079999999999999705e-04  5.300000000000000078e-05  1.147999999999999932e-03  4.560229063034057617e+00
-6.780000000000000002e-04  7.609999999999999577e-04  -1.023000000000000038e-03  1.178999999999999927e-03  2.518999999999999972e-03  -6.579999999999999478e-04  4.589075088500976562e+00
-1.294299999999999964e-02  2.481999999999999831e-02  -3.295499999999999818e-02  4.355000000000000364e-03  2.334000000000000137e-03  -1.218100000000000085e-02  4.620110988616943359e+00
-4.105199999999999821e-02  7.832100000000000173e-02  -1.048660000000000009e-01  1.848400000000000043e-02  3.422000000000000128e-03  -4.369100000000000067e-02  4.650276899337768555e+00
-8.378900000000000237e-02  1.588310000000000000e-01  -2.124429999999999930e-01  4.361299999999999899e-02  3.049000000000000061e-03  -8.713500000000000412e-02  4.690823078155517578e+00
-1.243979999999999947e-01  2.367930000000000035e-01  -3.163480000000000181e-01  6.636000000000000232e-02  6.074999999999999671e-03  -1.266549999999999898e-01  4.729690074920654297e+00
-1.538470000000000115e-01  2.916190000000000171e-01  -3.925750000000000073e-01  8.390699999999999548e-02  5.301000000000000156e-03  -1.529429999999999956e-01  4.762809038162231445e+00
-1.818740000000000079e-01  3.505499999999999727e-01  -4.781039999999999734e-01  1.008509999999999962e-01  5.838999999999999573e-03  -1.781929999999999903e-01  4.799424886703491211e+00
-1.965629999999999877e-01  3.841999999999999860e-01  -5.256560000000000121e-01  1.089859999999999995e-01  1.048800000000000079e-02  -1.917729999999999990e-01  4.828665971755981445e+00
-2.132199999999999929e-01  4.234999999999999876e-01  -5.858160000000000034e-01  1.179199999999999970e-01  1.031499999999999952e-02  -2.069120000000000126e-01  4.859960079193115234e+00
-2.297180000000000055e-01  4.648649999999999727e-01  -6.482240000000000224e-01  1.283289999999999986e-01  8.836999999999999370e-03  -2.207929999999999893e-01  4.895977020263671875e+00
-2.396340000000000137e-01  4.916269999999999807e-01  -6.890140000000000153e-01  1.357450000000000045e-01  8.299000000000000821e-03  -2.290049999999999863e-01  4.927016973495483398e+00
-2.454810000000000048e-01  5.081670000000000353e-01  -7.146879999999999900e-01  1.394450000000000134e-01  4.206999999999999802e-03  -2.342569999999999930e-01  4.956001043319702148e+00
-2.510760000000000214e-01  5.263330000000000508e-01  -7.409440000000000470e-01  1.447640000000000038e-01  3.521999999999999957e-03  -2.399060000000000081e-01  4.987334966659545898e+00
-2.549390000000000267e-01  5.385490000000000554e-01  -7.584600000000000231e-01  1.497020000000000017e-01  4.575000000000000074e-03  -2.433609999999999940e-01  5.014609098434448242e+00
-2.558159999999999878e-01  5.470279999999999587e-01  -7.673499999999999766e-01  1.520299999999999985e-01  -1.280000000000000105e-03  -2.442070000000000074e-01  5.050472974777221680e+00
-2.540729999999999933e-01  5.506940000000000168e-01  -7.727230000000000487e-01  1.543970000000000065e-01  -3.262999999999999842e-03  -2.431750000000000023e-01  5.088881969451904297e+00
-2.525259999999999727e-01  5.545799999999999619e-01  -7.765379999999999505e-01  1.550070000000000059e-01  -5.338999999999999996e-03  -2.422269999999999979e-01  5.119616031646728516e+00
-2.512190000000000256e-01  5.576809999999999823e-01  -7.763210000000000388e-01  1.562270000000000048e-01  -2.857000000000000164e-03  -2.402340000000000031e-01  5.149456024169921875e+00
-2.462030000000000052e-01  5.584660000000000180e-01  -7.706229999999999469e-01  1.574969999999999981e-01  -2.413000000000000214e-03  -2.362440000000000095e-01  5.181427955627441406e+00
-2.393510000000000082e-01  5.544780000000000264e-01  -7.588909999999999823e-01  1.567570000000000074e-01  3.906000000000000184e-03  -2.307629999999999959e-01  5.209970951080322266e+00
-2.294350000000000001e-01  5.397880000000000456e-01  -7.311779999999999946e-01  1.531700000000000006e-01  3.792999999999999931e-03  -2.214949999999999974e-01  5.248416900634765625e+00
-2.183549999999999935e-01  5.245929999999999760e-01  -7.029300000000000548e-01  1.490869999999999973e-01  4.851000000000000277e-03  -2.125440000000000107e-01  5.283235073089599609e+00
-2.048300000000000121e-01  5.014330000000000176e-01  -6.647330000000000183e-01  1.437289999999999957e-01  3.170000000000000075e-04  -2.011469999999999925e-01  5.319998979568481445e+00
-1.951340000000000019e-01  4.815789999999999793e-01  -6.335509999999999753e-01  1.398280000000000078e-01  -6.871000000000000371e-03  -1.921249999999999902e-01  5.353950023651123047e+00
-1.817620000000000069e-01  4.540660000000000251e-01  -5.903080000000000549e-01  1.343040000000000067e-01  -5.651999999999999906e-03  -1.806649999999999923e-01  5.391609907150268555e+00
-1.736459999999999948e-01  4.357489999999999974e-01  -5.631500000000000394e-01  1.308390000000000108e-01  -2.756000000000000203e-03  -1.731679999999999886e-01  5.419697046279907227e+00
-1.631519999999999915e-01  4.142109999999999959e-01  -5.285959999999999548e-01  1.255330000000000057e-01  -1.062999999999999926e-03  -1.631990000000000107e-01  5.453665971755981445e+00
-1.502660000000000107e-01  3.880850000000000133e-01  -4.893580000000000152e-01  1.182919999999999944e-01  2.131000000000000082e-03  -1.513359999999999983e-01  5.489646911621093750e+00
-1.401249999999999996e-01  3.664740000000000220e-01  -4.558349999999999902e-01  1.123310000000000003e-01  1.507000000000000093e-03  -1.419749999999999901e-01  5.517988920211791992e+00
-1.266879999999999951e-01  3.380119999999999791e-01  -4.145920000000000161e-01  1.044429999999999942e-01  1.696000000000000025e-03  -1.300090000000000134e-01  5.558352947235107422e+00
-1.154349999999999959e-01  3.099410000000000220e-01  -3.735310000000000019e-01  9.756900000000000295e-02  1.064999999999999974e-03  -1.187460000000000043e-01  5.602483034133911133e+00
-1.055809999999999943e-01  2.868419999999999859e-01  -3.430920000000000081e-01  9.064700000000000535e-02  2.508999999999999946e-03  -1.095750000000000057e-01  5.631342887878417969e+00
-9.582899999999999752e-02  2.647039999999999949e-01  -3.131800000000000139e-01  8.460700000000000165e-02  5.891000000000000403e-03  -1.004189999999999944e-01  5.668870925903320312e+00
-8.515999999999999959e-02  2.367950000000000055e-01  -2.786170000000000035e-01  7.597199999999999787e-02  4.374000000000000284e-03  -8.913500000000000589e-02  5.704247951507568359e+00
-7.297399999999999720e-02  2.058109999999999939e-01  -2.386850000000000083e-01  6.571899999999999964e-02  1.807000000000000012e-03  -7.630199999999999483e-02  5.751681089401245117e+00
3.609999999999999928e-04  -1.268999999999999946e-03  9.680000000000000019e-04  -5.249999999999999676e-04  7.089999999999999948e-04  9.000000000000000567e-05  6.579391002655029297e+00
3.480000000000000020e-04  -7.339999999999999520e-04  5.490000000000000088e-04  -3.280000000000000038e-04  5.879999999999999810e-04  4.240000000000000062e-04  6.629611968994140625e+00
7.910000000000000364e-04  -1.828999999999999897e-03  2.864999999999999925e-03  -6.139999999999999625e-04  4.699999999999999859e-04  1.237000000000000035e-03  6.659529924392700195e+00
1.713599999999999846e-02  -4.617899999999999783e-02  5.309099999999999930e-02  -9.684999999999999165e-03  3.660000000000000059e-04  1.836199999999999985e-02  6.688720941543579102e+00
5.302099999999999869e-02  -1.394890000000000019e-01  1.617570000000000119e-01  -2.799000000000000099e-02  1.371999999999999956e-03  5.773099999999999760e-02  6.726145982742309570e+00
8.353499999999999814e-02  -2.156980000000000008e-01  2.510879999999999779e-01  -4.316299999999999998e-02  2.073000000000000190e-03  9.109499999999999542e-02  6.762842893600463867e+00
1.197109999999999980e-01  -3.111619999999999941e-01  3.618549999999999822e-01  -6.209699999999999942e-02  2.488999999999999893e-03  1.284399999999999986e-01  6.803729057312011719e+00
1.521480000000000055e-01  -3.990219999999999878e-01  4.690170000000000172e-01  -7.918799999999999450e-02  3.245000000000000055e-03  1.614909999999999957e-01  6.843771934509277344e+00
1.764610000000000067e-01  -4.742770000000000041e-01  5.649760000000000337e-01  -9.386899999999999411e-02  3.765999999999999816e-03  1.890630000000000088e-01  6.883781909942626953e+00
1.952840000000000131e-01  -5.384060000000000512e-01  6.533740000000000103e-01  -1.056499999999999939e-01  2.750999999999999973e-03  2.106820000000000082e-01  6.919931888580322266e+00
2.077360000000000040e-01  -5.827679999999999527e-01  7.168489999999999585e-01  -1.134219999999999950e-01  3.363000000000000104e-03  2.240989999999999926e-01  6.953011035919189453e+00
2.161029999999999895e-01  -6.121109999999999607e-01  7.589970000000000327e-01  -1.192679999999999990e-01  1.933999999999999955e-03  2.333169999999999966e-01  6.981251955032348633e+00
2.270669999999999911e-01  -6.529570000000000096e-01  8.183970000000000411e-01  -1.272520000000000040e-01  4.479999999999999608e-03  2.451639999999999930e-01  7.014929056167602539e+00
2.326229999999999964e-01  -6.774540000000000006e-01  8.570520000000000360e-01  -1.310449999999999948e-01  2.582999999999999793e-03  2.511749999999999816e-01  7.046426057815551758e+00
2.367249999999999910e-01  -6.972030000000000172e-01  8.841849999999999987e-01  -1.350379999999999914e-01  5.805000000000000264e-03  2.548239999999999950e-01  7.079782962799072266e+00
2.396210000000000007e-01  -7.115160000000000373e-01  9.033670000000000311e-01  -1.373429999999999929e-01  5.157000000000000126e-03  2.566959999999999797e-01  7.110179901123046875e+00
2.408069999999999933e-01  -7.162260000000000293e-01  9.128230000000000510e-01  -1.382140000000000035e-01  9.783999999999999295e-03  2.569119999999999737e-01  7.141674041748046875e+00
2.389519999999999977e-01  -7.206909999999999705e-01  9.190500000000000336e-01  -1.392009999999999914e-01  7.290999999999999738e-03  2.548810000000000242e-01  7.176261901855468750e+00
2.361449999999999938e-01  -7.182140000000000191e-01  9.157330000000000192e-01  -1.393909999999999871e-01  7.790000000000000049e-03  2.507170000000000232e-01  7.206448078155517578e+00
2.327700000000000047e-01  -7.107769999999999921e-01  9.049430000000000529e-01  -1.385740000000000027e-01  8.151000000000000259e-03  2.451500000000000068e-01  7.241492033004760742e+00
2.280320000000000125e-01  -7.043209999999999749e-01  8.932600000000000540e-01  -1.384170000000000122e-01  8.259000000000000716e-03  2.387819999999999943e-01  7.277720928192138672e+00
2.210930000000000117e-01  -6.993780000000000552e-01  8.753630000000000022e-01  -1.378520000000000023e-01  4.961000000000000132e-03  2.297029999999999905e-01  7.313405036926269531e+00
2.148319999999999952e-01  -6.901380000000000292e-01  8.573690000000000477e-01  -1.361279999999999990e-01  6.226999999999999896e-03  2.212349999999999872e-01  7.346900939941406250e+00
2.070829999999999893e-01  -6.774369999999999559e-01  8.335909999999999709e-01  -1.339170000000000083e-01  1.745999999999999939e-03  2.119510000000000005e-01  7.377822875976562500e+00
1.985939999999999928e-01  -6.556870000000000198e-01  8.025250000000000439e-01  -1.306420000000000081e-01  -2.027999999999999855e-03  2.019320000000000004e-01  7.409929037094116211e+00
1.852260000000000018e-01  -6.221029999999999616e-01  7.541039999999999965e-01  -1.242349999999999982e-01  -3.657000000000000094e-03  1.870159999999999878e-01  7.447423934936523438e+00
1.754139999999999866e-01  -5.939889999999999892e-01  7.162739999999999663e-01  -1.191600000000000020e-01  1.079000000000000098e-03  1.750809999999999866e-01  7.483687877655029297e+00
1.633840000000000015e-01  -5.582570000000000032e-01  6.697170000000000067e-01  -1.131349999999999995e-01  -9.600000000000000243e-05  1.618209999999999926e-01  7.523535013198852539e+00
1.538019999999999943e-01  -5.262550000000000283e-01  6.263260000000000494e-01  -1.079249999999999932e-01  -9.899999999999999946e-04  1.499149999999999927e-01  7.563046932220458984e+00
1.427960000000000063e-01  -4.947269999999999723e-01  5.836970000000000214e-01  -1.017499999999999932e-01  -5.909000000000000190e-03  1.370169999999999999e-01  7.598160028457641602e+00
1.343830000000000024e-01  -4.676879999999999926e-01  5.483090000000000463e-01  -9.601999999999999424e-02  -4.819999999999999632e-03  1.267280000000000073e-01  7.632430076599121094e+00
1.256470000000000087e-01  -4.392679999999999918e-01  5.119609999999999994e-01  -9.020999999999999852e-02  -6.912999999999999874e-03  1.161259999999999931e-01  7.669075012207031250e+00
1.139379999999999976e-01  -4.028240000000000154e-01  4.647519999999999984e-01  -8.295299999999999896e-02  -9.421999999999999820e-03  1.038089999999999985e-01  7.703155994415283203e+00
1.074459999999999998e-01  -3.797260000000000080e-01  4.379759999999999764e-01  -7.799899999999999889e-02  -7.219999999999999855e-03  9.652099999999999569e-02  7.733422994613647461e+00
9.582100000000000339e-02  -3.409969999999999946e-01  3.892129999999999757e-01  -7.104699999999999904e-02  -6.132000000000000298e-03  8.456600000000000228e-02  7.771384954452514648e+00
8.443599999999999717e-02  -3.046550000000000091e-01  3.457009999999999805e-01  -6.311600000000000543e-02  -7.917000000000000426e-03  7.372700000000000087e-02  7.808896064758300781e+00
7.487699999999999911e-02  -2.712600000000000011e-01  3.048750000000000071e-01  -5.678099999999999814e-02  -4.246999999999999907e-03  6.461300000000000376e-02  7.847697019577026367e+00
6.780400000000000316e-02  -2.461919999999999942e-01  2.741460000000000008e-01  -5.175799999999999845e-02  -4.460000000000000422e-03  5.786100000000000271e-02  7.879915952682495117e+00
6.408600000000000407e-02  -2.350200000000000067e-01  2.607360000000000233e-01  -4.911700000000000094e-02  -2.726999999999999823e-03  5.466000000000000025e-02  7.912575960159301758e+00
-7.259999999999999743e-04  2.213000000000000123e-03  -1.311000000000000099e-03  1.510000000000000057e-03  -1.154999999999999994e-03  -3.338999999999999954e-03  8.727315902709960938e+00
-4.470000000000000232e-04  2.161000000000000160e-03  -9.259999999999999568e-04  6.149999999999999868e-04  1.626999999999999974e-03  1.113999999999999973e-03  8.777107954025268555e+00
-6.009999999999999717e-04  3.174999999999999871e-03  -2.713000000000000134e-03  -1.850999999999999998e-03  1.087999999999999991e-03  -5.569999999999999864e-04  8.809482097625732422e+00
-2.995999999999999965e-03  3.746599999999999930e-02  -4.143299999999999761e-02  -5.710000000000000015e-04  -5.879999999999999810e-04  -2.415000000000000046e-03  8.839876890182495117e+00
-7.875000000000000056e-03  1.113230000000000053e-01  -1.264309999999999878e-01  4.676999999999999734e-03  4.829999999999999767e-04  -9.454000000000000598e-03  8.877840042114257812e+00
-1.179000000000000013e-02  1.739989999999999870e-01  -1.978290000000000048e-01  7.383999999999999939e-03  2.011999999999999900e-03  -1.226999999999999966e-02  8.916109085083007812e+00
-1.665000000000000160e-02  2.477969999999999895e-01  -2.808459999999999845e-01  1.783799999999999969e-02  3.812999999999999983e-03  -1.951699999999999963e-02  8.951175928115844727e+00
-1.939199999999999952e-02  2.995200000000000085e-01  -3.382870000000000044e-01  2.524099999999999955e-02  9.643999999999999795e-03  -2.307700000000000029e-02  8.989728927612304688e+00
-2.335800000000000029e-02  3.534959999999999769e-01  -3.967040000000000011e-01  2.841399999999999829e-02  1.187500000000000014e-02  -2.410400000000000043e-02  9.022739887237548828e+00
-2.616100000000000023e-02  3.928369999999999918e-01  -4.375519999999999965e-01  2.922599999999999851e-02  1.169899999999999933e-02  -2.358299999999999980e-02  9.054738998413085938e+00
-2.757199999999999929e-02  4.174350000000000005e-01  -4.629220000000000002e-01  2.865300000000000138e-02  1.020500000000000053e-02  -2.270799999999999902e-02  9.082473039627075195e+00
-2.934799999999999909e-02  4.519210000000000171e-01  -4.983210000000000139e-01  2.797699999999999840e-02  8.432000000000000259e-03  -2.303699999999999845e-02  9.118493080139160156e+00
-2.972100000000000089e-02  4.740030000000000077e-01  -5.196129999999999916e-01  2.837100000000000039e-02  6.563000000000000257e-03  -2.402699999999999975e-02  9.151558876037597656e+00
-3.008299999999999863e-02  4.869129999999999847e-01  -5.328859999999999708e-01  2.925200000000000022e-02  5.802999999999999999e-03  -2.333199999999999857e-02  9.181442022323608398e+00
-2.992600000000000121e-02  4.984779999999999767e-01  -5.453639999999999599e-01  2.956800000000000053e-02  3.569000000000000124e-03  -2.290499999999999828e-02  9.210248947143554688e+00
-3.003099999999999867e-02  5.116929999999999534e-01  -5.570519999999999916e-01  3.087399999999999867e-02  -2.733999999999999885e-03  -2.245300000000000074e-02  9.240813016891479492e+00
-3.000399999999999942e-02  5.231170000000000542e-01  -5.690150000000000485e-01  3.120099999999999957e-02  -3.442000000000000181e-03  -2.191299999999999845e-02  9.272150993347167969e+00
-3.021599999999999980e-02  5.294929999999999914e-01  -5.742049999999999654e-01  3.160999999999999921e-02  -4.191000000000000281e-03  -2.230999999999999997e-02  9.307080030441284180e+00
-2.959000000000000172e-02  5.324670000000000236e-01  -5.756259999999999710e-01  3.155600000000000072e-02  -7.483000000000000068e-03  -2.267100000000000018e-02  9.338254928588867188e+00
-2.909700000000000134e-02  5.304240000000000066e-01  -5.715029999999999832e-01  3.186699999999999949e-02  -5.911999999999999721e-03  -2.262899999999999981e-02  9.367634057998657227e+00
-2.830200000000000077e-02  5.218300000000000161e-01  -5.621099999999999985e-01  3.143900000000000167e-02  -4.745000000000000086e-03  -2.260900000000000062e-02  9.402482032775878906e+00
-2.753200000000000092e-02  5.089719999999999800e-01  -5.466290000000000315e-01  3.150499999999999828e-02  -5.395999999999999755e-03  -2.239700000000000024e-02  9.437432050704956055e+00
-2.585600000000000051e-02  4.888600000000000168e-01  -5.232499999999999929e-01  3.092900000000000163e-02  -5.185000000000000372e-03  -2.056600000000000095e-02  9.467195034027099609e+00
-2.455799999999999997e-02  4.629440000000000222e-01  -4.959129999999999927e-01  2.965299999999999880e-02  -1.270000000000000078e-03  -1.786799999999999847e-02  9.502449989318847656e+00
-2.322799999999999865e-02  4.459230000000000138e-01  -4.746549999999999936e-01  2.941799999999999971e-02  -4.244000000000000376e-03  -1.567299999999999943e-02  9.541725873947143555e+00
-1.883800000000000058e-02  3.900959999999999983e-01  -4.116040000000000254e-01  2.689100000000000171e-02  1.260000000000000052e-03  -1.656499999999999986e-02  9.638256072998046875e+00
-1.781999999999999904e-02  3.720800000000000218e-01  -3.912990000000000079e-01  2.648599999999999913e-02  -9.659999999999999533e-04  -1.817300000000000165e-02  9.667006015777587891e+00
-1.607099999999999848e-02  3.466119999999999757e-01  -3.646610000000000129e-01  2.570400000000000115e-02  3.131999999999999802e-03  -1.966899999999999898e-02  9.701709032058715820e+00
-1.451200000000000059e-02  3.115319999999999756e-01  -3.262959999999999749e-01  2.357899999999999927e-02  4.749999999999999882e-03  -2.139200000000000129e-02  9.737096071243286133e+00
-1.314899999999999923e-02  2.847970000000000224e-01  -2.964629999999999765e-01  2.187300000000000008e-02  8.873999999999999944e-03  -2.098399999999999918e-02  9.772268056869506836e+00
-1.169899999999999933e-02  2.521490000000000120e-01  -2.626439999999999886e-01  2.050000000000000086e-02  4.268000000000000092e-03  -2.122699999999999934e-02  9.810271978378295898e+00
-1.043099999999999930e-02  2.229970000000000008e-01  -2.323139999999999927e-01  1.733200000000000018e-02  -8.639999999999999677e-04  -1.883100000000000052e-02  9.848520994186401367e+00
-1.014400000000000024e-02  2.190100000000000102e-01  -2.274370000000000003e-01  1.745100000000000123e-02  1.208000000000000089e-03  -1.830800000000000136e-02  9.884922027587890625e+00
2.829999999999999942e-04  -1.049000000000000019e-03  1.121999999999999950e-03  1.269999999999999970e-04  5.339999999999999695e-04  1.621999999999999961e-03  1.069599795341491699e+01
3.980000000000000248e-04  -8.530000000000000256e-04  6.999999999999999929e-04  2.103999999999999967e-03  3.390000000000000001e-04  -5.739999999999999660e-04  1.075148797035217285e+01
1.384000000000000031e-03  -1.771000000000000005e-03  1.971999999999999795e-03  -1.863000000000000073e-03  2.210000000000000050e-04  -5.100000000000000366e-04  1.078155589103698730e+01
2.273599999999999927e-02  -2.733100000000000113e-02  3.286900000000000238e-02  -6.590999999999999637e-03  8.299999999999999815e-05  2.110000000000000070e-02  1.080907487869262695e+01
5.903200000000000114e-02  -6.919999999999999762e-02  8.332199999999999329e-02  -1.378899999999999917e-02  3.179999999999999776e-04  5.764099999999999779e-02  1.084257388114929199e+01
1.060040000000000010e-01  -1.222840000000000038e-01  1.480950000000000044e-01  -2.748199999999999948e-02  3.829999999999999854e-04  1.059800000000000048e-01  1.087987089157104492e+01
1.437150000000000094e-01  -1.674339999999999995e-01  2.027500000000000135e-01  -3.848000000000000032e-02  5.969999999999999829e-04  1.459260000000000002e-01  1.092316102981567383e+01
1.744769999999999932e-01  -2.064900000000000069e-01  2.515609999999999791e-01  -5.029700000000000143e-02  8.800000000000000313e-04  1.780359999999999998e-01  1.095880699157714844e+01
1.904029999999999889e-01  -2.282379999999999964e-01  2.776370000000000227e-01  -5.441499999999999809e-02  2.139999999999999975e-04  1.936859999999999971e-01  1.098781800270080566e+01
2.076139999999999930e-01  -2.519589999999999885e-01  3.101050000000000195e-01  -5.770600000000000035e-02  4.519999999999999821e-04  2.104050000000000087e-01  1.101899600028991699e+01
2.219559999999999866e-01  -2.730040000000000244e-01  3.369110000000000160e-01  -6.092000000000000193e-02  8.930000000000000221e-04  2.243920000000000081e-01  1.105117607116699219e+01
2.330949999999999966e-01  -2.883919999999999817e-01  3.563379999999999881e-01  -6.216599999999999904e-02  1.129000000000000012e-03  2.350430000000000019e-01  1.108397293090820312e+01
2.392859999999999987e-01  -3.007989999999999831e-01  3.728509999999999880e-01  -6.305299999999999794e-02  1.387999999999999911e-03  2.413319999999999910e-01  1.111991500854492188e+01
2.417289999999999994e-01  -3.067070000000000074e-01  3.796200000000000130e-01  -6.333600000000000341e-02  1.162000000000000055e-03  2.430170000000000108e-01  1.115207195281982422e+01
2.414860000000000062e-01  -3.082909999999999817e-01  3.817180000000000017e-01  -6.319800000000000417e-02  1.209999999999999921e-03  2.414779999999999982e-01  1.118364095687866211e+01
2.390130000000000032e-01  -3.061099999999999932e-01  3.803389999999999826e-01  -6.171999999999999709e-02  1.134999999999999941e-03  2.393720000000000014e-01  1.120940804481506348e+01
2.336020000000000041e-01  -3.037799999999999945e-01  3.760390000000000121e-01  -6.065099999999999658e-02  8.959999999999999866e-04  2.345899999999999930e-01  1.123960709571838379e+01
2.273139999999999883e-01  -2.998060000000000169e-01  3.695820000000000216e-01  -5.975300000000000056e-02  9.330000000000000186e-04  2.271400000000000086e-01  1.127404808998107910e+01
2.205010000000000026e-01  -2.932279999999999887e-01  3.616570000000000062e-01  -5.717699999999999866e-02  4.629999999999999784e-04  2.191019999999999912e-01  1.130582904815673828e+01
2.118899999999999950e-01  -2.842790000000000039e-01  3.494349999999999956e-01  -5.541100000000000192e-02  6.440000000000000412e-04  2.102990000000000137e-01  1.134147906303405762e+01
1.983469999999999955e-01  -2.709900000000000087e-01  3.328099999999999947e-01  -5.231600000000000139e-02  3.240000000000000150e-04  1.973610000000000086e-01  1.137694787979125977e+01
1.861490000000000089e-01  -2.576100000000000056e-01  3.142320000000000113e-01  -4.972900000000000237e-02  2.910000000000000260e-04  1.847610000000000086e-01  1.140987300872802734e+01
1.731459999999999944e-01  -2.419280000000000042e-01  2.936819999999999986e-01  -4.741499999999999881e-02  7.600000000000000418e-05  1.717470000000000108e-01  1.144087195396423340e+01
1.578120000000000078e-01  -2.227230000000000043e-01  2.693769999999999776e-01  -4.345399999999999957e-02  -1.090000000000000067e-04  1.555410000000000126e-01  1.148145008087158203e+01
1.456949999999999912e-01  -2.071199999999999986e-01  2.504339999999999899e-01  -3.983600000000000335e-02  1.099999999999999971e-05  1.436369999999999869e-01  1.151756906509399414e+01
1.308110000000000106e-01  -1.877300000000000080e-01  2.260550000000000059e-01  -3.639599999999999780e-02  -2.190000000000000106e-04  1.282939999999999914e-01  1.155329203605651855e+01
1.158659999999999968e-01  -1.690220000000000056e-01  2.022049999999999959e-01  -3.243299999999999655e-02  5.000000000000000409e-06  1.134509999999999963e-01  1.159449696540832520e+01
1.108880000000000005e-01  -1.607760000000000022e-01  1.934039999999999926e-01  -3.079799999999999899e-02  1.269999999999999970e-04  1.075919999999999932e-01  1.163469195365905762e+01
-6.130000000000000466e-04  -3.699999999999999947e-04  -1.188999999999999953e-03  -9.240000000000000166e-04  3.510000000000000208e-04  -8.970000000000000109e-04  1.244640898704528809e+01
-3.750000000000000078e-04  1.451000000000000033e-03  -5.630000000000000239e-04  1.072999999999999952e-03  1.129999999999999955e-04  -3.040000000000000167e-04  1.249255490303039551e+01
-6.290000000000000018e-04  2.978000000000000178e-03  -2.867999999999999890e-03  8.140000000000000534e-04  2.950000000000000148e-04  -6.199999999999999999e-04  1.251966404914855957e+01
-5.583000000000000289e-03  2.430099999999999968e-02  -3.298600000000000143e-02  1.004799999999999964e-02  2.180000000000000134e-04  -5.581000000000000023e-03  1.254846286773681641e+01
-1.660599999999999923e-02  7.861600000000000532e-02  -1.042410000000000003e-01  2.734500000000000125e-02  2.669999999999999847e-04  -1.703199999999999853e-02  1.257989406585693359e+01
-3.368700000000000166e-02  1.552840000000000054e-01  -2.097999999999999865e-01  5.217900000000000316e-02  3.869999999999999742e-04  -3.315200000000000091e-02  1.261946201324462891e+01
-5.316099999999999992e-02  2.437850000000000017e-01  -3.309210000000000207e-01  7.752699999999999869e-02  8.499999999999999526e-04  -5.241599999999999732e-02  1.266469907760620117e+01
-6.627900000000000458e-02  3.053600000000000203e-01  -4.176610000000000045e-01  9.353300000000000503e-02  9.890000000000000787e-04  -6.327499999999999791e-02  1.270452904701232910e+01
-7.476099999999999413e-02  3.483879999999999755e-01  -4.818700000000000205e-01  1.050709999999999977e-01  1.551000000000000078e-03  -7.039600000000000024e-02  1.273648595809936523e+01
-8.203699999999999881e-02  3.878789999999999738e-01  -5.429180000000000117e-01  1.169089999999999990e-01  6.549999999999999833e-04  -7.626199999999999646e-02  1.276711297035217285e+01
-8.889099999999999779e-02  4.244740000000000180e-01  -6.007029999999999870e-01  1.287550000000000083e-01  -1.389000000000000044e-03  -8.182899999999999896e-02  1.279924297332763672e+01
-9.412099999999999633e-02  4.528420000000000223e-01  -6.505870000000000264e-01  1.380820000000000103e-01  3.570000000000000040e-04  -8.591600000000000625e-02  1.283504796028137207e+01
-9.677199999999999691e-02  4.753870000000000040e-01  -6.862840000000000051e-01  1.451770000000000005e-01  1.458000000000000095e-03  -8.851199999999999346e-02  1.286840486526489258e+01
-9.873099999999999932e-02  4.923739999999999783e-01  -7.127799999999999692e-01  1.515380000000000060e-01  -8.059999999999999673e-04  -9.053799999999999348e-02  1.289794802665710449e+01
-1.000459999999999960e-01  5.034729999999999484e-01  -7.303560000000000052e-01  1.560459999999999903e-01  -3.249999999999999851e-04  -9.120399999999999341e-02  1.293147301673889160e+01
-1.005920000000000009e-01  5.118629999999999569e-01  -7.426399999999999668e-01  1.585519999999999985e-01  -4.189999999999999931e-04  -9.159499999999999587e-02  1.297110795974731445e+01
-9.942399999999999849e-02  5.149169999999999581e-01  -7.457789999999999697e-01  1.598660000000000081e-01  3.906000000000000184e-03  -9.154400000000000037e-02  1.300313305854797363e+01
-9.798600000000000365e-02  5.173229999999999773e-01  -7.486960000000000282e-01  1.611329999999999985e-01  5.486999999999999690e-03  -9.115700000000000192e-02  1.303428292274475098e+01
-9.744400000000000284e-02  5.207349999999999479e-01  -7.498810000000000198e-01  1.635969999999999924e-01  1.899999999999999996e-03  -9.097399999999999931e-02  1.306976294517517090e+01
-9.647200000000000220e-02  5.203670000000000240e-01  -7.463039999999999674e-01  1.652359999999999940e-01  2.664999999999999834e-03  -8.951599999999999835e-02  1.309875488281250000e+01
-9.282700000000000673e-02  5.162489999999999579e-01  -7.326200000000000490e-01  1.656090000000000062e-01  -4.499999999999999877e-04  -8.734200000000000297e-02  1.313943600654602051e+01
-8.816400000000000625e-02  5.031160000000000077e-01  -7.068240000000000078e-01  1.621569999999999956e-01  -2.259000000000000157e-03  -8.439900000000000180e-02  1.317499399185180664e+01
-8.558100000000000429e-02  4.908529999999999838e-01  -6.858400000000000052e-01  1.588449999999999862e-01  1.070999999999999903e-03  -8.164699999999999736e-02  1.320338702201843262e+01
-8.014999999999999902e-02  4.653280000000000194e-01  -6.444260000000000543e-01  1.526820000000000122e-01  5.720000000000000258e-04  -7.723700000000000010e-02  1.324022388458251953e+01
-7.457800000000000540e-02  4.413909999999999778e-01  -6.040010000000000101e-01  1.470140000000000058e-01  4.760000000000000234e-04  -7.332400000000000029e-02  1.328614091873168945e+01
-6.844400000000000484e-02  4.179169999999999829e-01  -5.584999999999999964e-01  1.414150000000000129e-01  1.515000000000000071e-03  -6.887100000000000166e-02  1.332956790924072266e+01
-6.447300000000000253e-02  3.970580000000000220e-01  -5.242550000000000265e-01  1.355850000000000111e-01  4.706000000000000114e-03  -6.511200000000000321e-02  1.336905908584594727e+01
-6.117000000000000215e-02  3.810970000000000191e-01  -4.955709999999999837e-01  1.308900000000000063e-01  1.572999999999999962e-03  -6.210999999999999854e-02  1.340318894386291504e+01
-5.675299999999999789e-02  3.616210000000000258e-01  -4.646649999999999947e-01  1.255199999999999927e-01  3.629999999999999980e-03  -5.892300000000000315e-02  1.343750286102294922e+01
-5.292600000000000082e-02  3.418769999999999865e-01  -4.328049999999999953e-01  1.195569999999999966e-01  6.609000000000000291e-03  -5.578199999999999825e-02  1.346641993522644043e+01
-4.898999999999999883e-02  3.188920000000000088e-01  -4.008329999999999949e-01  1.132689999999999947e-01  2.050000000000000173e-03  -5.246800000000000075e-02  1.349509692192077637e+01
-4.485000000000000098e-02  2.948700000000000210e-01  -3.672019999999999729e-01  1.059029999999999971e-01  2.903999999999999897e-03  -4.865699999999999886e-02  1.353334403038024902e+01
-4.041999999999999760e-02  2.661800000000000277e-01  -3.275170000000000026e-01  9.628599999999999659e-02  1.985999999999999918e-03  -4.343000000000000332e-02  1.357187008857727051e+01
-3.655300000000000216e-02  2.391560000000000075e-01  -2.908569999999999767e-01  8.696600000000000164e-02  1.360000000000000098e-03  -3.910999999999999893e-02  1.360926198959350586e+01
-3.175599999999999951e-02  2.122130000000000127e-01  -2.577929999999999944e-01  7.762700000000000156e-02  -1.335000000000000032e-03  -3.466000000000000331e-02  1.364982390403747559e+01
-3.102800000000000002e-02  2.084280000000000022e-01  -2.526140000000000052e-01  7.617999999999999772e-02  -1.013000000000000012e-03  -3.446099999999999858e-02  1.368081998825073242e+01
6.449999999999999570e-04  -8.800000000000000313e-04  1.227000000000000009e-03  -1.250000000000000026e-03  1.704000000000000003e-03  7.309999999999999875e-04  1.449331688880920410e+01
7.029999999999999574e-04  -7.349999999999999763e-04  8.429999999999999993e-04  -1.417999999999999990e-03  1.660999999999999933e-03  -2.145999999999999904e-03  1.454380798339843750e+01
1.020999999999999989e-03  -2.549000000000000050e-03  2.844999999999999873e-03  -4.169999999999999987e-04  1.467999999999999904e-03  1.770000000000000089e-03  1.457182908058166504e+01
9.709999999999999881e-03  -4.429000000000000298e-02  5.360399999999999887e-02  -1.164600000000000010e-02  1.466999999999999988e-03  8.718999999999999320e-03  1.460166692733764648e+01
2.372300000000000103e-02  -1.143860000000000016e-01  1.384360000000000035e-01  -2.681100000000000150e-02  -4.640000000000000027e-04  2.795800000000000021e-02  1.463524603843688965e+01
4.334699999999999664e-02  -2.117169999999999885e-01  2.559560000000000168e-01  -4.454400000000000026e-02  -1.288000000000000082e-03  4.966799999999999687e-02  1.467600297927856445e+01
6.195900000000000019e-02  -3.019040000000000057e-01  3.682770000000000210e-01  -6.223200000000000259e-02  3.759999999999999779e-04  6.820800000000000474e-02  1.471511697769165039e+01
7.431500000000000605e-02  -3.667799999999999949e-01  4.512630000000000252e-01  -7.561199999999999866e-02  1.219999999999999947e-03  8.008099999999999941e-02  1.474943590164184570e+01
8.641400000000000470e-02  -4.382119999999999904e-01  5.431890000000000329e-01  -9.200500000000000345e-02  1.871000000000000050e-03  9.308700000000000307e-02  1.478403401374816895e+01
9.443899999999999517e-02  -4.898620000000000196e-01  6.161250000000000338e-01  -1.048879999999999951e-01  6.890000000000000291e-03  1.032919999999999949e-01  1.481837201118469238e+01
1.011500000000000038e-01  -5.343470000000000164e-01  6.829840000000000355e-01  -1.168779999999999958e-01  7.376999999999999877e-03  1.116499999999999992e-01  1.485313987731933594e+01
1.083370000000000027e-01  -5.703259999999999996e-01  7.397160000000000402e-01  -1.265080000000000093e-01  4.570000000000000277e-03  1.182249999999999968e-01  1.488457107543945312e+01
1.133590000000000014e-01  -6.043880000000000363e-01  7.880260000000000042e-01  -1.347319999999999907e-01  7.241000000000000041e-03  1.237990000000000063e-01  1.491574406623840332e+01
1.169290000000000052e-01  -6.291139999999999510e-01  8.267060000000000519e-01  -1.414920000000000067e-01  8.519999999999999796e-03  1.277800000000000047e-01  1.494763708114624023e+01
1.186610000000000026e-01  -6.486979999999999968e-01  8.552490000000000370e-01  -1.475009999999999932e-01  5.983999999999999736e-03  1.302470000000000017e-01  1.498169589042663574e+01
1.206559999999999994e-01  -6.606100000000000305e-01  8.747759999999999980e-01  -1.518319999999999947e-01  6.105000000000000183e-03  1.318169999999999897e-01  1.501294803619384766e+01
1.208990000000000065e-01  -6.685400000000000231e-01  8.861459999999999892e-01  -1.553289999999999949e-01  6.609000000000000291e-03  1.322599999999999887e-01  1.504150795936584473e+01
1.195900000000000019e-01  -6.693289999999999518e-01  8.873220000000000551e-01  -1.574349999999999916e-01  8.507000000000000672e-03  1.313360000000000083e-01  1.507502698898315430e+01
1.188000000000000028e-01  -6.668969999999999620e-01  8.847180000000000044e-01  -1.572590000000000099e-01  6.728999999999999738e-03  1.283539999999999959e-01  1.510246491432189941e+01
1.175449999999999967e-01  -6.617509999999999781e-01  8.773889999999999745e-01  -1.571859999999999924e-01  7.111000000000000133e-03  1.265159999999999896e-01  1.513235306739807129e+01
1.143239999999999951e-01  -6.487420000000000408e-01  8.572149999999999492e-01  -1.558029999999999970e-01  1.167999999999999984e-03  1.223080000000000001e-01  1.516723704338073730e+01
1.118689999999999962e-01  -6.357260000000000133e-01  8.372739999999999627e-01  -1.542850000000000055e-01  4.399999999999999886e-05  1.188649999999999984e-01  1.520035099983215332e+01
1.092270000000000046e-01  -6.275100000000000122e-01  8.218039999999999790e-01  -1.540259999999999962e-01  -5.271999999999999777e-03  1.149730000000000057e-01  1.523572993278503418e+01
1.056809999999999972e-01  -6.198510000000000408e-01  8.040399999999999769e-01  -1.545179999999999887e-01  -6.716999999999999880e-03  1.105890000000000067e-01  1.526774406433105469e+01
1.023089999999999972e-01  -6.110569999999999613e-01  7.838850000000000540e-01  -1.524560000000000082e-01  -6.858000000000000380e-03  1.056590000000000029e-01  1.529708504676818848e+01
9.781600000000000017e-02  -5.930609999999999493e-01  7.562910000000000466e-01  -1.481300000000000117e-01  -8.923000000000000376e-03  1.001559999999999950e-01  1.533335399627685547e+01
9.170100000000000473e-02  -5.696620000000000017e-01  7.201889999999999681e-01  -1.428059999999999885e-01  -9.870999999999999566e-03  9.312099999999999544e-02  1.537072300910949707e+01
8.559999999999999554e-02  -5.433740000000000236e-01  6.798640000000000239e-01  -1.373830000000000051e-01  -8.571999999999999759e-03  8.616400000000000448e-02  1.541343498229980469e+01
8.143499999999999350e-02  -5.126699999999999591e-01  6.374739999999999851e-01  -1.323360000000000092e-01  -3.334999999999999857e-03  7.922800000000000675e-02  1.545197606086730957e+01
7.653200000000000280e-02  -4.804579999999999962e-01  5.925899999999999501e-01  -1.255630000000000079e-01  -4.527999999999999907e-03  7.216100000000000292e-02  1.548610496520996094e+01
7.146299999999999875e-02  -4.532999999999999807e-01  5.553609999999999935e-01  -1.194979999999999931e-01  -5.580000000000000107e-04  6.649599999999999955e-02  1.551833701133728027e+01
6.797400000000000664e-02  -4.346880000000000188e-01  5.292200000000000237e-01  -1.149570000000000036e-01  -3.895000000000000025e-03  6.271300000000000485e-02  1.554649090766906738e+01
6.157599999999999879e-02  -3.972269999999999968e-01  4.781360000000000054e-01  -1.059630000000000016e-01  -1.079000000000000098e-03  5.559599999999999959e-02  1.559059596061706543e+01
5.518900000000000194e-02  -3.567139999999999755e-01  4.239129999999999843e-01  -9.635900000000000021e-02  -3.743999999999999932e-03  4.848100000000000326e-02  1.563789987564086914e+01
5.055599999999999677e-02  -3.285779999999999812e-01  3.875939999999999941e-01  -8.992300000000000293e-02  -5.871999999999999616e-03  4.366199999999999942e-02  1.567256999015808105e+01
4.438999999999999890e-02  -2.942549999999999888e-01  3.429650000000000198e-01  -8.164799999999999836e-02  -3.539000000000000045e-03  3.799999999999999906e-02  1.571432399749755859e+01
3.887199999999999683e-02  -2.628309999999999813e-01  3.044780000000000264e-01  -7.363100000000000200e-02  -1.645999999999999894e-03  3.314399999999999985e-02  1.575522589683532715e+01
3.443000000000000227e-02  -2.333409999999999929e-01  2.687649999999999761e-01  -6.548400000000000054e-02  1.245000000000000013e-03  2.891099999999999920e-02  1.579316091537475586e+01
3.072300000000000031e-02  -2.071610000000000118e-01  2.360150000000000026e-01  -5.761999999999999761e-02  2.573999999999999899e-03  2.527000000000000079e-02  1.583298897743225098e+01
2.994199999999999987e-02  -1.982540000000000135e-01  2.262369999999999937e-01  -5.462199999999999694e-02  -1.710000000000000094e-04  2.418899999999999870e-02  1.587341904640197754e+01
-2.880000000000000073e-04  -4.440000000000000045e-04  -1.144000000000000052e-03  -2.036000000000000049e-03  -2.033999999999999784e-03  -7.299999999999999903e-05  1.667995500564575195e+01
-1.679999999999999907e-04  -4.040000000000000080e-04  -9.719999999999999907e-04  -1.033999999999999980e-03  1.000000000000000082e-05  -1.712999999999999896e-03  1.671879005432128906e+01
2.034999999999999917e-03  1.050000000000000065e-02  -1.106299999999999992e-02  2.626999999999999995e-03  1.157000000000000042e-03  8.899999999999999491e-04  1.675046086311340332e+01
1.271599999999999987e-02  4.981499999999999817e-02  -5.836600000000000121e-02  1.429199999999999915e-02  2.236000000000000140e-03  1.489000000000000046e-02  1.678177595138549805e+01
3.688799999999999718e-02  1.466520000000000046e-01  -1.713260000000000061e-01  3.793799999999999950e-02  1.119999999999999983e-04  4.354999999999999843e-02  1.681713604927062988e+01
6.179599999999999677e-02  2.371310000000000084e-01  -2.826600000000000223e-01  6.564699999999999702e-02  -3.441000000000000048e-03  6.706299999999999761e-02  1.685556101799011230e+01
8.242800000000000127e-02  3.112909999999999844e-01  -3.789759999999999796e-01  8.306499999999999995e-02  -7.343999999999999834e-03  8.788999999999999591e-02  1.689504504203796387e+01
1.003840000000000010e-01  3.854830000000000201e-01  -4.822330000000000227e-01  9.979100000000000470e-02  -8.727000000000000382e-03  1.076499999999999957e-01  1.694097304344177246e+01
1.184780000000000000e-01  4.697230000000000016e-01  -6.065599999999999881e-01  1.182099999999999956e-01  -6.133000000000000430e-03  1.271789999999999865e-01  1.698222708702087402e+01
1.291700000000000070e-01  5.211139999999999661e-01  -6.854660000000000197e-01  1.294859999999999900e-01  8.260000000000000198e-04  1.380389999999999950e-01  1.701982688903808594e+01
1.384209999999999885e-01  5.740079999999999627e-01  -7.696089999999999876e-01  1.391209999999999947e-01  3.210999999999999879e-03  1.485529999999999906e-01  1.705445790290832520e+01
1.443109999999999948e-01  6.085040000000000449e-01  -8.236900000000000333e-01  1.474030000000000062e-01  2.809999999999999998e-03  1.550900000000000056e-01  1.708889794349670410e+01
1.497620000000000062e-01  6.380289999999999573e-01  -8.707270000000000287e-01  1.531810000000000116e-01  -2.498999999999999919e-03  1.605610000000000093e-01  1.712267208099365234e+01
1.527239999999999986e-01  6.606269999999999643e-01  -9.093210000000000459e-01  1.583289999999999975e-01  -4.871000000000000330e-03  1.640469999999999984e-01  1.715790796279907227e+01
1.554250000000000076e-01  6.800159999999999538e-01  -9.380600000000000049e-01  1.622079999999999911e-01  -3.236999999999999860e-03  1.668590000000000073e-01  1.719199991226196289e+01
1.556329999999999936e-01  6.909089999999999954e-01  -9.510279999999999845e-01  1.655159999999999965e-01  -3.233999999999999896e-03  1.670139999999999958e-01  1.722886705398559570e+01
1.534399999999999931e-01  6.908480000000000176e-01  -9.510809999999999542e-01  1.678040000000000087e-01  5.657999999999999835e-03  1.640709999999999946e-01  1.727510595321655273e+01
1.509780000000000011e-01  6.879739999999999744e-01  -9.466869999999999452e-01  1.687919999999999976e-01  5.357999999999999916e-03  1.608300000000000007e-01  1.730662608146667480e+01
1.493009999999999893e-01  6.825630000000000308e-01  -9.363190000000000124e-01  1.684559999999999946e-01  3.916000000000000210e-03  1.575129999999999864e-01  1.734051108360290527e+01
1.457950000000000079e-01  6.704579999999999984e-01  -9.137969999999999704e-01  1.668779999999999986e-01  5.564000000000000369e-03  1.527969999999999884e-01  1.737971186637878418e+01
1.420579999999999898e-01  6.634309999999999929e-01  -8.972240000000000215e-01  1.663840000000000041e-01  3.151000000000000155e-03  1.476169999999999982e-01  1.741116690635681152e+01
1.377180000000000071e-01  6.523959999999999759e-01  -8.740719999999999601e-01  1.651179999999999870e-01  3.762999999999999852e-03  1.411590000000000067e-01  1.744739603996276855e+01
1.317039999999999877e-01  6.420310000000000183e-01  -8.506810000000000205e-01  1.629990000000000050e-01  8.063999999999999987e-03  1.352679999999999993e-01  1.748055386543273926e+01
1.264939999999999953e-01  6.277329999999999854e-01  -8.243019999999999792e-01  1.607010000000000105e-01  1.154400000000000044e-02  1.289659999999999973e-01  1.751141905784606934e+01
1.232349999999999973e-01  6.146989999999999954e-01  -8.017090000000000050e-01  1.582020000000000093e-01  9.882999999999999424e-03  1.242000000000000048e-01  1.754094195365905762e+01
1.169990000000000058e-01  5.913129999999999775e-01  -7.648530000000000051e-01  1.531700000000000006e-01  1.062600000000000003e-02  1.170090000000000019e-01  1.757617187500000000e+01
1.074110000000000065e-01  5.533270000000000133e-01  -7.050889999999999658e-01  1.454709999999999892e-01  9.402999999999999900e-03  1.064640000000000031e-01  1.761701393127441406e+01
1.005489999999999995e-01  5.198730000000000295e-01  -6.544900000000000162e-01  1.391120000000000134e-01  4.663999999999999743e-03  9.745499999999999996e-02  1.765410900115966797e+01
9.391099999999999448e-02  4.943790000000000129e-01  -6.160750000000000393e-01  1.348729999999999929e-01  5.165000000000000320e-03  9.067100000000000160e-02  1.769265890121459961e+01
8.624800000000000522e-02  4.650580000000000269e-01  -5.710929999999999618e-01  1.294180000000000053e-01  4.516000000000000049e-03  8.277600000000000235e-02  1.772940492630004883e+01
8.096000000000000418e-02  4.379410000000000247e-01  -5.292540000000000022e-01  1.239959999999999951e-01  -7.569999999999999689e-04  7.542799999999999505e-02  1.777064895629882812e+01
7.363699999999999413e-02  4.085770000000000235e-01  -4.876260000000000039e-01  1.167610000000000037e-01  -3.308999999999999875e-03  6.854200000000000570e-02  1.780664801597595215e+01
6.909099999999999964e-02  3.844509999999999872e-01  -4.540890000000000204e-01  1.112579999999999958e-01  -1.172000000000000082e-03  6.306900000000000006e-02  1.784265398979187012e+01
6.244100000000000344e-02  3.519820000000000171e-01  -4.097910000000000164e-01  1.034339999999999982e-01  -5.198999999999999629e-03  5.694599999999999662e-02  1.788181304931640625e+01
5.617400000000000171e-02  3.170029999999999792e-01  -3.658429999999999738e-01  9.440199999999999980e-02  -7.220999999999999988e-03  5.030699999999999755e-02  1.791893005371093750e+01
5.029999999999999749e-02  2.848780000000000201e-01  -3.230029999999999846e-01  8.589900000000000313e-02  -1.033099999999999991e-02  4.408800000000000219e-02  1.796064591407775879e+01
4.395000000000000295e-02  2.533670000000000089e-01  -2.863260000000000249e-01  7.692499999999999338e-02  -1.123000000000000040e-02  3.811099999999999904e-02  1.800111699104309082e+01
3.823800000000000116e-02  2.266710000000000114e-01  -2.523619999999999752e-01  6.930300000000000349e-02  -1.135800000000000004e-02  3.300299999999999762e-02  1.804148793220520020e+01
3.578200000000000131e-02  2.169040000000000135e-01  -2.410430000000000073e-01  6.592299999999999549e-02  -1.059399999999999925e-02  3.139999999999999736e-02  1.807670998573303223e+01
-4.429999999999999802e-04  -1.325000000000000006e-03  1.306000000000000086e-03  -3.089999999999999756e-04  1.425000000000000051e-03  -2.125000000000000153e-03  1.888395094871520996e+01
-1.810000000000000085e-04  -5.919999999999999698e-04  8.469999999999999881e-04  -5.710000000000000015e-04  -2.207999999999999893e-03  1.611000000000000019e-03  1.893041992187500000e+01
-3.480000000000000020e-04  -2.113999999999999994e-03  2.952999999999999896e-03  -7.010000000000000172e-04  -6.220000000000000485e-04  -2.043000000000000111e-03  1.896420097351074219e+01
-2.543999999999999821e-03  -3.599299999999999722e-02  4.966199999999999781e-02  -1.339899999999999945e-02  -8.099999999999999561e-04  -1.541999999999999968e-03  1.899620699882507324e+01
-7.252999999999999899e-03  -1.089500000000000052e-01  1.508259999999999879e-01  -4.125199999999999700e-02  -6.160000000000000111e-04  -4.357999999999999895e-03  1.902992606163024902e+01
-1.253699999999999953e-02  -1.845920000000000061e-01  2.584190000000000098e-01  -7.062599999999999434e-02  -2.180000000000000134e-04  -8.656000000000000499e-03  1.907235407829284668e+01
-1.807399999999999979e-02  -2.678900000000000170e-01  3.740840000000000276e-01  -1.023310000000000053e-01  -1.905999999999999925e-03  -1.771400000000000058e-02  1.912042903900146484e+01
-2.191900000000000098e-02  -3.155660000000000132e-01  4.431399999999999784e-01  -1.188140000000000029e-01  -8.087000000000000438e-03  -2.481900000000000078e-02  1.915688204765319824e+01
-2.482499999999999984e-02  -3.643799999999999817e-01  5.191740000000000244e-01  -1.364339999999999997e-01  -4.799999999999999580e-03  -3.092100000000000057e-02  1.919116401672363281e+01
-2.705799999999999872e-02  -4.009780000000000011e-01  5.783920000000000172e-01  -1.487809999999999966e-01  -2.605999999999999810e-03  -3.373400000000000010e-02  1.922483897209167480e+01
-2.843000000000000041e-02  -4.286749999999999727e-01  6.261459999999999804e-01  -1.596779999999999866e-01  -2.250999999999999963e-03  -3.459199999999999775e-02  1.925927400588989258e+01
-3.004799999999999832e-02  -4.532030000000000225e-01  6.729349999999999499e-01  -1.689509999999999901e-01  1.662000000000000066e-03  -3.428599999999999703e-02  1.929524588584899902e+01
-3.090700000000000044e-02  -4.708899999999999753e-01  7.017379999999999729e-01  -1.767420000000000102e-01  1.172999999999999998e-03  -3.318800000000000222e-02  1.932834291458129883e+01
-3.155499999999999972e-02  -4.814209999999999878e-01  7.219889999999999919e-01  -1.815670000000000062e-01  5.499999999999999681e-03  -3.256799999999999973e-02  1.936544895172119141e+01
-3.184900000000000231e-02  -4.874459999999999904e-01  7.337740000000000373e-01  -1.845779999999999921e-01  7.874000000000000790e-03  -3.143300000000000261e-02  1.939571690559387207e+01
-3.162999999999999839e-02  -4.920760000000000134e-01  7.405230000000000423e-01  -1.871780000000000110e-01  1.140399999999999921e-02  -3.011600000000000041e-02  1.942998003959655762e+01
-3.099500000000000172e-02  -4.973830000000000195e-01  7.453769999999999563e-01  -1.899969999999999992e-01  7.178000000000000352e-03  -2.910799999999999846e-02  1.946661090850830078e+01
-3.085399999999999948e-02  -5.005129999999999857e-01  7.478000000000000203e-01  -1.924109999999999987e-01  5.232999999999999804e-03  -2.783899999999999916e-02  1.950010108947753906e+01
-2.954899999999999888e-02  -5.002510000000000012e-01  7.438569999999999904e-01  -1.932069999999999899e-01  3.876000000000000105e-03  -2.685799999999999993e-02  1.953229188919067383e+01
-2.846600000000000172e-02  -4.952799999999999980e-01  7.297940000000000538e-01  -1.917220000000000035e-01  1.773999999999999969e-03  -2.550200000000000036e-02  1.956663894653320312e+01
-2.700999999999999929e-02  -4.864240000000000230e-01  7.151640000000000219e-01  -1.884500000000000064e-01  3.921000000000000006e-03  -2.445599999999999857e-02  1.960176086425781250e+01
-2.556200000000000139e-02  -4.703939999999999788e-01  6.852420000000000178e-01  -1.832110000000000127e-01  5.100999999999999632e-03  -2.249299999999999911e-02  1.963932299613952637e+01
-2.440000000000000155e-02  -4.502590000000000203e-01  6.525729999999999587e-01  -1.768879999999999897e-01  6.931999999999999794e-03  -2.132900000000000074e-02  1.967041802406311035e+01
-2.310100000000000001e-02  -4.221400000000000152e-01  6.040670000000000206e-01  -1.675049999999999872e-01  3.118999999999999811e-03  -1.870899999999999994e-02  1.971036100387573242e+01
-2.203799999999999856e-02  -3.970429999999999793e-01  5.624000000000000110e-01  -1.580149999999999888e-01  -1.618000000000000081e-03  -1.852900000000000033e-02  1.975394892692565918e+01
-2.079299999999999898e-02  -3.802989999999999982e-01  5.320549999999999446e-01  -1.517920000000000103e-01  -2.893999999999999871e-03  -1.734199999999999978e-02  1.978876495361328125e+01
-1.925800000000000081e-02  -3.610269999999999868e-01  4.995009999999999728e-01  -1.451550000000000062e-01  -6.888000000000000025e-03  -1.691399999999999848e-02  1.982266092300415039e+01
-1.803799999999999848e-02  -3.436969999999999748e-01  4.696350000000000247e-01  -1.398840000000000083e-01  -7.232999999999999846e-03  -1.629299999999999846e-02  1.985670495033264160e+01
-1.654200000000000115e-02  -3.190239999999999743e-01  4.306099999999999928e-01  -1.307180000000000009e-01  -1.110700000000000055e-02  -1.389800000000000063e-02  1.989542698860168457e+01
-1.500100000000000044e-02  -2.923140000000000183e-01  3.890989999999999727e-01  -1.201379999999999948e-01  -9.421999999999999820e-03  -1.391099999999999975e-02  1.993927597999572754e+01
-1.339199999999999939e-02  -2.646939999999999849e-01  3.489780000000000104e-01  -1.091000000000000025e-01  -1.081900000000000049e-02  -1.267800000000000003e-02  1.998008799552917480e+01
-1.195599999999999961e-02  -2.395120000000000027e-01  3.112530000000000019e-01  -9.860399999999999721e-02  -6.759000000000000251e-03  -1.324499999999999983e-02  2.001572299003601074e+01
-9.462999999999999190e-03  -2.019920000000000049e-01  2.592369999999999952e-01  -8.293399999999999384e-02  -3.112000000000000183e-03  -1.069499999999999965e-02  2.008148908615112305e+01
-9.242000000000000215e-03  -1.986590000000000023e-01  2.533949999999999814e-01  -8.164799999999999836e-02  -5.172000000000000382e-03  -1.159999999999999920e-02  2.011656904220581055e+01
3.519999999999999908e-04  5.990000000000000316e-04  -1.250999999999999942e-03  -1.582000000000000073e-03  -2.383000000000000135e-03  1.587000000000000086e-03  2.093792295455932617e+01
4.719999999999999803e-04  1.822000000000000052e-03  -8.369999999999999619e-04  4.730000000000000046e-04  -2.004000000000000139e-03  2.017000000000000130e-03  2.099167799949645996e+01
1.789999999999999870e-04  7.179999999999999967e-04  -1.988999999999999883e-03  6.759999999999999516e-04  1.116000000000000021e-03  -1.533000000000000074e-03  2.102179408073425293e+01
-6.859999999999999779e-03  2.219300000000000092e-02  -3.160999999999999921e-02  8.333999999999999395e-03  1.740000000000000010e-03  -6.846999999999999788e-03  2.105164599418640137e+01
-2.022200000000000039e-02  6.458400000000000252e-02  -9.223900000000000154e-02  1.828199999999999964e-02  5.224999999999999610e-03  -2.220700000000000104e-02  2.109284186363220215e+01
-3.395600000000000007e-02  1.077479999999999966e-01  -1.545759999999999912e-01  2.938699999999999993e-02  6.872999999999999769e-03  -3.927300000000000235e-02  2.113017106056213379e+01
-4.620599999999999707e-02  1.449670000000000125e-01  -2.088369999999999949e-01  3.485800000000000010e-02  3.880000000000000202e-03  -4.945900000000000296e-02  2.117019701004028320e+01
-5.583099999999999868e-02  1.745170000000000055e-01  -2.520780000000000243e-01  4.329000000000000209e-02  -4.899999999999999842e-04  -5.680000000000000326e-02  2.120637893676757812e+01
-6.216700000000000004e-02  1.952699999999999991e-01  -2.813089999999999757e-01  4.970600000000000018e-02  -1.399999999999999986e-03  -6.156600000000000267e-02  2.123896193504333496e+01
-6.744999999999999607e-02  2.132580000000000031e-01  -3.063270000000000159e-01  5.569299999999999945e-02  -1.304000000000000038e-03  -6.527299999999999769e-02  2.127273797988891602e+01
-7.100900000000000267e-02  2.287939999999999974e-01  -3.262200000000000100e-01  6.113400000000000084e-02  -3.341999999999999919e-03  -6.750699999999999756e-02  2.130589604377746582e+01
-7.295799999999999508e-02  2.425440000000000096e-01  -3.435869999999999758e-01  6.519099999999999895e-02  -1.374000000000000004e-03  -6.941899999999999460e-02  2.133963799476623535e+01
-7.460500000000000465e-02  2.532070000000000154e-01  -3.557759999999999811e-01  6.927099999999999924e-02  6.620000000000000450e-04  -7.004799999999999915e-02  2.136938905715942383e+01
-7.605599999999999861e-02  2.640399999999999969e-01  -3.708549999999999902e-01  7.309499999999999331e-02  -2.533999999999999794e-03  -7.076200000000000545e-02  2.140757107734680176e+01
-7.807300000000000351e-02  2.717430000000000123e-01  -3.832530000000000103e-01  7.517400000000000471e-02  4.600000000000000004e-05  -7.109600000000000641e-02  2.144153904914855957e+01
-7.832300000000000373e-02  2.787180000000000213e-01  -3.911359999999999837e-01  7.801500000000000101e-02  -3.154999999999999818e-03  -7.112200000000000466e-02  2.147712492942810059e+01
-7.741800000000000070e-02  2.823209999999999886e-01  -3.958180000000000032e-01  7.976400000000000157e-02  -2.811999999999999830e-03  -7.032800000000000162e-02  2.151237797737121582e+01
-7.601199999999999624e-02  2.827459999999999973e-01  -3.972990000000000133e-01  8.120199999999999640e-02  -4.138000000000000185e-03  -6.936000000000000498e-02  2.154461789131164551e+01
-7.488799999999999624e-02  2.819510000000000072e-01  -3.943639999999999923e-01  8.084800000000000320e-02  -3.236000000000000161e-03  -6.815799999999999637e-02  2.157206296920776367e+01
-7.265399999999999636e-02  2.781080000000000219e-01  -3.850410000000000221e-01  8.098299999999999943e-02  -5.702999999999999736e-03  -6.648999999999999355e-02  2.160602807998657227e+01
-6.970800000000000607e-02  2.727330000000000032e-01  -3.732920000000000127e-01  8.046200000000000574e-02  -1.317000000000000028e-03  -6.407100000000000295e-02  2.164077687263488770e+01
-6.486200000000000299e-02  2.619830000000000214e-01  -3.565440000000000276e-01  7.797999999999999376e-02  -2.348999999999999960e-03  -6.069399999999999795e-02  2.167935895919799805e+01
-6.015399999999999914e-02  2.497860000000000080e-01  -3.344739999999999935e-01  7.459799999999999764e-02  -6.898999999999999751e-03  -5.684299999999999770e-02  2.171954393386840820e+01
-5.719599999999999684e-02  2.403329999999999911e-01  -3.198349999999999804e-01  7.264199999999999824e-02  -4.716999999999999839e-03  -5.404599999999999682e-02  2.175333404541015625e+01
-5.367000000000000243e-02  2.288300000000000056e-01  -3.023480000000000056e-01  7.025299999999999601e-02  -9.721999999999999739e-03  -5.127199999999999813e-02  2.178950500488281250e+01
-5.005699999999999733e-02  2.199840000000000129e-01  -2.879519999999999857e-01  6.753900000000000181e-02  -8.691000000000000808e-03  -4.842799999999999883e-02  2.182578206062316895e+01
-4.662700000000000178e-02  2.096699999999999953e-01  -2.723539999999999850e-01  6.454600000000000615e-02  -7.766000000000000333e-03  -4.573599999999999888e-02  2.186114597320556641e+01
-4.078500000000000181e-02  1.916760000000000130e-01  -2.441450000000000009e-01  5.981800000000000311e-02  -2.291000000000000068e-03  -4.129900000000000237e-02  2.190856790542602539e+01
-3.651000000000000079e-02  1.769479999999999942e-01  -2.205290000000000028e-01  5.488900000000000029e-02  -5.119999999999999768e-04  -3.778800000000000214e-02  2.194823908805847168e+01
-3.263300000000000228e-02  1.592830000000000079e-01  -1.952669999999999961e-01  4.881499999999999728e-02  3.520999999999999824e-03  -3.272800000000000015e-02  2.199576497077941895e+01
-2.891300000000000120e-02  1.435750000000000082e-01  -1.718689999999999940e-01  4.342200000000000226e-02  -8.620000000000000275e-04  -2.860700000000000048e-02  2.204273796081542969e+01
-2.746300000000000130e-02  1.392079999999999984e-01  -1.642109999999999959e-01  4.223199999999999871e-02  -3.346000000000000016e-03  -2.727999999999999869e-02  2.208382892608642578e+01
3.890000000000000228e-04  -6.830000000000000134e-04  7.510000000000000399e-04  -4.710000000000000102e-04  1.572999999999999962e-03  4.130000000000000099e-04  2.289510297775268555e+01
2.689999999999999791e-04  -4.620000000000000083e-04  7.020000000000000415e-04  -2.126999999999999984e-03  1.582000000000000073e-03  3.780000000000000265e-04  2.294046497344970703e+01
7.179999999999999967e-04  -1.389999999999999960e-03  1.910000000000000022e-03  -1.655000000000000004e-03  -1.121000000000000035e-03  6.999999999999999929e-04  2.297189998626708984e+01
1.324999999999999963e-02  -4.018599999999999950e-02  4.565700000000000314e-02  -1.398199999999999964e-02  3.240000000000000150e-04  1.273999999999999959e-02  2.301283788681030273e+01
3.316100000000000297e-02  -1.045780000000000043e-01  1.186450000000000005e-01  -2.622199999999999878e-02  1.051000000000000068e-03  3.561600000000000182e-02  2.305015993118286133e+01
5.405599999999999988e-02  -1.715839999999999865e-01  1.949500000000000122e-01  -4.020800000000000068e-02  2.814000000000000095e-03  5.837099999999999927e-02  2.308975100517272949e+01
7.126399999999999402e-02  -2.295999999999999985e-01  2.607010000000000161e-01  -4.795300000000000257e-02  2.625999999999999862e-03  7.774000000000000354e-02  2.313175392150878906e+01
8.762100000000000444e-02  -2.855260000000000020e-01  3.259549999999999947e-01  -5.847600000000000020e-02  4.220000000000000118e-04  9.505700000000000260e-02  2.317765402793884277e+01
9.683600000000000541e-02  -3.165620000000000100e-01  3.635260000000000158e-01  -6.546100000000000529e-02  -2.965999999999999887e-03  1.038400000000000017e-01  2.321081709861755371e+01
1.062229999999999980e-01  -3.477169999999999983e-01  4.029739999999999989e-01  -7.317200000000000093e-02  -6.350999999999999875e-03  1.135130000000000028e-01  2.324831199645996094e+01
1.124340000000000062e-01  -3.731559999999999877e-01  4.379290000000000127e-01  -7.855499999999999983e-02  -1.508000000000000009e-03  1.210320000000000007e-01  2.328756904602050781e+01
1.157730000000000009e-01  -3.895859999999999879e-01  4.581290000000000084e-01  -8.224299999999999666e-02  -2.193000000000000071e-03  1.250729999999999897e-01  2.332357788085937500e+01
1.204429999999999945e-01  -4.048930000000000029e-01  4.800570000000000115e-01  -8.567800000000000415e-02  1.010000000000000020e-04  1.282310000000000116e-01  2.335734105110168457e+01
1.212310000000000054e-01  -4.137810000000000099e-01  4.934109999999999885e-01  -8.766000000000000181e-02  7.844000000000000278e-03  1.293819999999999970e-01  2.339211106300354004e+01
1.214060000000000000e-01  -4.188370000000000148e-01  5.015690000000000426e-01  -8.873699999999999644e-02  8.921999999999999376e-03  1.295699999999999907e-01  2.342867207527160645e+01
1.219070000000000015e-01  -4.210729999999999751e-01  5.058949999999999836e-01  -8.879700000000000093e-02  6.557999999999999594e-03  1.286410000000000053e-01  2.345988893508911133e+01
1.213370000000000004e-01  -4.200030000000000152e-01  5.079120000000000301e-01  -8.881200000000000205e-02  3.974000000000000102e-03  1.269490000000000063e-01  2.349301290512084961e+01
1.190549999999999942e-01  -4.191610000000000058e-01  5.076300000000000257e-01  -8.844599999999999684e-02  8.200000000000000095e-05  1.239890000000000020e-01  2.353180193901062012e+01
1.172630000000000061e-01  -4.170389999999999930e-01  5.086530000000000218e-01  -8.811499999999999888e-02  1.167000000000000069e-03  1.207820000000000005e-01  2.356761503219604492e+01
1.140280000000000044e-01  -4.149920000000000275e-01  5.062290000000000401e-01  -8.836900000000000310e-02  2.847000000000000138e-03  1.173359999999999959e-01  2.360157608985900879e+01
1.084109999999999935e-01  -4.059619999999999895e-01  4.959950000000000192e-01  -8.727500000000000535e-02  2.468000000000000142e-03  1.116850000000000065e-01  2.363770008087158203e+01
1.041939999999999950e-01  -3.952350000000000030e-01  4.836320000000000063e-01  -8.512699999999999434e-02  6.525999999999999683e-03  1.060949999999999949e-01  2.367512798309326172e+01
9.752299999999999858e-02  -3.773509999999999920e-01  4.621750000000000025e-01  -8.154200000000000337e-02  4.937999999999999681e-03  9.886699999999999655e-02  2.371057605743408203e+01
9.243600000000000427e-02  -3.596030000000000060e-01  4.422900000000000165e-01  -7.775700000000000667e-02  5.370999999999999906e-03  9.286200000000000010e-02  2.374719905853271484e+01
8.600900000000000212e-02  -3.355170000000000097e-01  4.120610000000000106e-01  -7.267300000000000149e-02  -3.054999999999999990e-03  8.459999999999999465e-02  2.379012989997863770e+01
8.014799999999999702e-02  -3.178799999999999959e-01  3.929259999999999975e-01  -6.819600000000000661e-02  -6.251999999999999745e-03  7.809699999999999975e-02  2.382976794242858887e+01
7.378099999999999936e-02  -3.028410000000000268e-01  3.753980000000000095e-01  -6.526400000000000257e-02  -2.834999999999999847e-03  7.247399999999999676e-02  2.387159991264343262e+01
6.875199999999999367e-02  -2.858149999999999857e-01  3.550570000000000115e-01  -6.151500000000000024e-02  -2.719999999999999979e-04  6.616400000000000059e-02  2.391048502922058105e+01
6.361400000000000388e-02  -2.654980000000000118e-01  3.316939999999999888e-01  -5.743700000000000194e-02  -2.229999999999999994e-04  5.988299999999999873e-02  2.395190405845642090e+01
5.782500000000000140e-02  -2.424640000000000128e-01  3.065479999999999872e-01  -5.203200000000000186e-02  6.239999999999999887e-04  5.326299999999999785e-02  2.398928403854370117e+01
5.110399999999999665e-02  -2.193140000000000089e-01  2.784769999999999746e-01  -4.681600000000000344e-02  -1.067000000000000023e-03  4.737600000000000144e-02  2.403078889846801758e+01
4.607800000000000090e-02  -2.011350000000000082e-01  2.570109999999999895e-01  -4.284400000000000014e-02  -1.866000000000000037e-03  4.268299999999999872e-02  2.406938409805297852e+01
4.034399999999999792e-02  -1.757489999999999886e-01  2.260489999999999999e-01  -3.698300000000000198e-02  -2.671999999999999896e-03  3.649000000000000160e-02  2.411548995971679688e+01
3.906300000000000050e-02  -1.681140000000000134e-01  2.166909999999999947e-01  -3.537099999999999966e-02  -1.673000000000000008e-03  3.427800000000000291e-02  2.415420603752136230e+01
