v1     v2   v3   v4  v5   v6   t1
1.190000000000000058e-04  6.000000000000000152e-05  0.000000000000000000e+00  0.000000000000000000e+00  -6.200000000000000270e-05  1.800000000000000113e-04  0.000000000000000000e+00
5.899999999999999754e-05  -5.899999999999999754e-05  0.000000000000000000e+00  0.000000000000000000e+00  -6.200000000000000270e-05  0.000000000000000000e+00  9.168386459350585938e-02
-5.093799999999999717e-02  -1.127959999999999935e-01  1.099289999999999989e-01  -6.395099999999999396e-02  -2.454639999999999878e-01  1.711830000000000018e-01  1.770660877227783203e-01
4.438000000000000105e-03  -2.776669999999999972e-01  2.727240000000000220e-01  -8.221199999999999342e-02  -5.114710000000000090e-01  4.398259999999999947e-01  2.385680675506591797e-01
3.512839999999999852e-01  -3.791089999999999738e-01  3.721860000000000168e-01  1.845860000000000001e-01  -5.289249999999999785e-01  6.822719999999999896e-01  3.189399242401123047e-01
3.616199999999999970e-01  -3.786619999999999986e-01  3.726639999999999953e-01  3.183980000000000143e-01  -6.041680000000000383e-01  7.456329999999999902e-01  3.694500923156738281e-01
3.117980000000000196e-01  -3.846379999999999799e-01  3.770720000000000183e-01  3.556369999999999809e-01  -6.110989999999999478e-01  7.704699999999999882e-01  4.113819599151611328e-01
2.930989999999999984e-01  -3.961779999999999746e-01  3.851979999999999849e-01  3.924460000000000170e-01  -5.851180000000000270e-01  8.297619999999999996e-01  4.774050712585449219e-01
3.141689999999999761e-01  -4.113769999999999927e-01  3.991870000000000140e-01  4.592499999999999916e-01  -5.671289999999999942e-01  9.024940000000000184e-01  5.459609031677246094e-01
3.472370000000000179e-01  -4.120179999999999954e-01  3.982339999999999769e-01  4.985789999999999944e-01  -5.511359999999999593e-01  9.253789999999999516e-01  5.993080139160156250e-01
3.143880000000000008e-01  -4.067490000000000272e-01  3.937010000000000232e-01  5.108160000000000478e-01  -5.355539999999999745e-01  9.029049999999999576e-01  6.402668952941894531e-01
2.710489999999999844e-01  -3.854079999999999728e-01  3.703199999999999825e-01  5.065119999999999623e-01  -5.152079999999999993e-01  8.755270000000000552e-01  6.960399150848388672e-01
2.761509999999999798e-01  -3.664129999999999887e-01  3.514990000000000059e-01  5.070240000000000302e-01  -4.739999999999999769e-01  8.669459999999999944e-01  7.443900108337402344e-01
2.993589999999999862e-01  -3.505150000000000210e-01  3.342069999999999763e-01  5.080759999999999721e-01  -4.252770000000000161e-01  8.601799999999999446e-01  7.838940620422363281e-01
3.254810000000000203e-01  -3.321250000000000036e-01  3.165720000000000200e-01  5.040620000000000100e-01  -3.723549999999999915e-01  8.491210000000000147e-01  8.295710086822509766e-01
3.540579999999999838e-01  -3.077300000000000035e-01  2.920519999999999783e-01  4.914029999999999787e-01  -3.070800000000000196e-01  8.284430000000000405e-01  8.758120536804199219e-01
3.741809999999999858e-01  -2.787620000000000098e-01  2.636769999999999947e-01  4.704300000000000148e-01  -2.408579999999999888e-01  7.989190000000000458e-01  9.255869388580322266e-01
3.935939999999999994e-01  -2.521160000000000068e-01  2.382920000000000038e-01  4.451729999999999854e-01  -1.874069999999999903e-01  7.730489999999999862e-01  9.664149284362792969e-01
4.657859999999999778e-01  -2.188440000000000107e-01  2.048470000000000013e-01  4.133189999999999920e-01  -1.237489999999999979e-01  7.375880000000000214e-01  1.007659912109375000e+00
5.267920000000000380e-01  -1.950230000000000019e-01  1.819399999999999906e-01  3.902430000000000065e-01  -8.175799999999999734e-02  7.115249999999999631e-01  1.045984983444213867e+00
5.945080000000000364e-01  -1.643679999999999863e-01  1.521879999999999900e-01  3.572719999999999785e-01  -1.086999999999999945e-02  6.758210000000000051e-01  1.083371877670288086e+00
6.512059999999999516e-01  -1.328900000000000081e-01  1.209709999999999952e-01  3.217039999999999900e-01  7.128500000000000114e-02  6.379580000000000251e-01  1.126435995101928711e+00
6.983620000000000383e-01  -9.308099999999999707e-02  8.115700000000000691e-02  2.779719999999999969e-01  1.672420000000000018e-01  5.899170000000000247e-01  1.173667907714843750e+00
7.209769999999999790e-01  -5.647900000000000142e-02  4.554199999999999915e-02  2.374489999999999934e-01  2.327369999999999994e-01  5.471249999999999725e-01  1.211005926132202148e+00
7.299090000000000300e-01  -1.609999999999999973e-02  5.660000000000000100e-03  1.932339999999999891e-01  2.858740000000000170e-01  5.018449999999999855e-01  1.247828960418701172e+00
7.316880000000000051e-01  2.772600000000000064e-02  -3.732100000000000001e-02  1.428359999999999908e-01  3.287990000000000079e-01  4.595830000000000193e-01  1.288775920867919922e+00
7.242969999999999686e-01  7.618500000000000272e-02  -8.375699999999999812e-02  8.659400000000000430e-02  3.620269999999999877e-01  4.203870000000000107e-01  1.327672004699707031e+00
7.116170000000000551e-01  1.133190000000000031e-01  -1.196040000000000020e-01  4.332199999999999940e-02  3.841499999999999915e-01  3.900640000000000218e-01  1.366957902908325195e+00
6.811760000000000037e-01  1.625900000000000123e-01  -1.681469999999999909e-01  -1.595299999999999843e-02  4.111070000000000002e-01  3.470159999999999911e-01  1.410113096237182617e+00
6.578330000000000011e-01  2.013159999999999950e-01  -2.067400000000000071e-01  -6.255199999999999649e-02  4.388509999999999911e-01  3.187999999999999723e-01  1.453684091567993164e+00
6.279329999999999634e-01  2.405450000000000088e-01  -2.464590000000000114e-01  -1.127449999999999980e-01  4.684490000000000043e-01  2.905139999999999945e-01  1.502115964889526367e+00
5.999409999999999465e-01  2.662599999999999967e-01  -2.730079999999999729e-01  -1.468919999999999948e-01  4.847790000000000155e-01  2.697430000000000105e-01  1.542519092559814453e+00
5.645419999999999883e-01  2.830730000000000190e-01  -2.902939999999999965e-01  -1.726930000000000132e-01  4.901940000000000186e-01  2.477300000000000058e-01  1.578845977783203125e+00
5.282959999999999878e-01  3.022739999999999871e-01  -3.088230000000000142e-01  -1.944160000000000055e-01  4.908449999999999758e-01  2.274400000000000033e-01  1.619332075119018555e+00
4.820329999999999893e-01  3.212920000000000220e-01  -3.285420000000000007e-01  -2.182749999999999968e-01  4.836949999999999861e-01  2.048790000000000056e-01  1.663716077804565430e+00
4.424259999999999859e-01  3.313860000000000139e-01  -3.381080000000000196e-01  -2.337229999999999863e-01  4.684559999999999835e-01  1.872830000000000050e-01  1.704444885253906250e+00
4.119959999999999734e-01  3.345509999999999873e-01  -3.409769999999999746e-01  -2.410150000000000070e-01  4.518389999999999906e-01  1.739509999999999945e-01  1.741472005844116211e+00
3.736300000000000177e-01  3.326200000000000268e-01  -3.385290000000000243e-01  -2.452610000000000068e-01  4.277670000000000083e-01  1.582610000000000128e-01  1.776890993118286133e+00
3.435710000000000153e-01  3.248510000000000009e-01  -3.305750000000000077e-01  -2.440219999999999889e-01  4.023180000000000089e-01  1.455239999999999867e-01  1.814491987228393555e+00
3.057719999999999883e-01  3.081389999999999962e-01  -3.133139999999999814e-01  -2.371099999999999874e-01  3.665740000000000109e-01  1.298999999999999877e-01  1.852500915527343750e+00
2.764480000000000270e-01  2.920579999999999843e-01  -2.967710000000000070e-01  -2.283489999999999964e-01  3.362010000000000276e-01  1.180210000000000009e-01  1.885251045227050781e+00
2.295240000000000058e-01  2.590230000000000032e-01  -2.629830000000000223e-01  -2.078830000000000122e-01  2.858390000000000097e-01  9.826400000000000412e-02  1.937524080276489258e+00
2.050029999999999908e-01  2.404390000000000138e-01  -2.435599999999999987e-01  -1.955810000000000048e-01  2.582380000000000231e-01  8.742300000000000071e-02  1.974030017852783203e+00
1.949919999999999987e-01  2.317379999999999995e-01  -2.344539999999999957e-01  -1.882109999999999894e-01  2.453200000000000103e-01  8.318300000000000693e-02  2.014971017837524414e+00
-7.919999999999999523e-04  -6.859999999999999779e-04  1.069999999999999988e-03  -7.249999999999999500e-04  -2.768000000000000061e-03  -2.478000000000000168e-03  2.831541061401367188e+00
-6.549999999999999833e-04  1.399999999999999877e-04  8.970000000000000109e-04  2.945999999999999834e-03  8.890000000000000333e-04  6.610000000000000207e-04  2.884975910186767578e+00
-1.126999999999999964e-03  1.327999999999999970e-03  -2.570000000000000127e-04  2.096999999999999906e-03  5.310000000000000050e-04  1.291000000000000047e-03  2.913655996322631836e+00
-1.791600000000000137e-02  2.437599999999999836e-02  -2.874200000000000019e-02  5.028000000000000351e-03  -1.012000000000000096e-03  -1.642199999999999910e-02  2.944041013717651367e+00
-4.511799999999999838e-02  6.252199999999999425e-02  -7.480599999999999750e-02  8.358000000000000845e-03  -9.970000000000000563e-04  -4.424199999999999661e-02  2.977056026458740234e+00
-7.481999999999999762e-02  1.028369999999999979e-01  -1.238650000000000029e-01  1.389199999999999983e-02  1.760999999999999979e-03  -7.530499999999999694e-02  3.009651899337768555e+00
-1.150260000000000032e-01  1.575120000000000131e-01  -1.907240000000000046e-01  2.290100000000000122e-02  4.337999999999999842e-03  -1.164339999999999958e-01  3.058148860931396484e+00
-1.420279999999999876e-01  1.958270000000000011e-01  -2.364149999999999863e-01  3.048500000000000168e-02  4.819000000000000367e-03  -1.426959999999999895e-01  3.097110033035278320e+00
-1.553620000000000001e-01  2.153680000000000039e-01  -2.598249999999999726e-01  3.243700000000000055e-02  9.389999999999999476e-04  -1.553910000000000013e-01  3.121845960617065430e+00
-1.659400000000000042e-01  2.326080000000000092e-01  -2.800960000000000116e-01  3.652099999999999791e-02  2.296999999999999997e-03  -1.653199999999999947e-01  3.147367954254150391e+00
-1.744549999999999990e-01  2.468519999999999881e-01  -2.973770000000000024e-01  3.826199999999999740e-02  2.699000000000000010e-03  -1.740770000000000095e-01  3.174797058105468750e+00
-1.836000000000000132e-01  2.654650000000000065e-01  -3.177360000000000184e-01  4.058599999999999708e-02  5.429999999999999714e-04  -1.835589999999999999e-01  3.208910942077636719e+00
-1.885680000000000134e-01  2.756489999999999774e-01  -3.291749999999999954e-01  4.140499999999999736e-02  3.599000000000000202e-03  -1.885159999999999891e-01  3.243891954421997070e+00
-1.908459999999999879e-01  2.807060000000000111e-01  -3.347189999999999888e-01  4.173799999999999732e-02  2.883000000000000146e-03  -1.894969999999999988e-01  3.273408889770507812e+00
-1.900300000000000045e-01  2.822189999999999976e-01  -3.353090000000000237e-01  4.111399999999999777e-02  -1.031000000000000015e-03  -1.883930000000000049e-01  3.304821014404296875e+00
-1.881929999999999992e-01  2.832339999999999858e-01  -3.347060000000000035e-01  4.068000000000000088e-02  1.948999999999999995e-03  -1.862330000000000096e-01  3.334860086441040039e+00
-1.824020000000000086e-01  2.806100000000000261e-01  -3.318809999999999816e-01  3.901600000000000207e-02  7.550000000000000287e-04  -1.811949999999999950e-01  3.368808031082153320e+00
-1.768280000000000129e-01  2.764610000000000123e-01  -3.268960000000000199e-01  3.777500000000000302e-02  1.494000000000000102e-03  -1.757620000000000016e-01  3.404721021652221680e+00
-1.703739999999999977e-01  2.716569999999999818e-01  -3.189890000000000225e-01  3.641699999999999798e-02  5.710000000000000015e-04  -1.692140000000000033e-01  3.436142921447753906e+00
-1.613970000000000127e-01  2.618150000000000199e-01  -3.065519999999999912e-01  3.460099999999999981e-02  -3.190000000000000019e-04  -1.591120000000000034e-01  3.471570014953613281e+00
-1.527310000000000056e-01  2.517759999999999998e-01  -2.932210000000000094e-01  3.339000000000000301e-02  -5.910999999999999588e-03  -1.510599999999999998e-01  3.503336906433105469e+00
-1.454890000000000072e-01  2.427050000000000041e-01  -2.807200000000000251e-01  3.196100000000000330e-02  -3.137000000000000031e-03  -1.433280000000000109e-01  3.533355951309204102e+00
-1.322200000000000042e-01  2.264079999999999981e-01  -2.579339999999999966e-01  2.930900000000000172e-02  -6.239999999999999887e-04  -1.312969999999999970e-01  3.567916870117187500e+00
-1.221480000000000066e-01  2.108839999999999881e-01  -2.403379999999999961e-01  2.723599999999999979e-02  -2.759999999999999867e-04  -1.209900000000000003e-01  3.606150865554809570e+00
-1.125270000000000020e-01  1.962760000000000060e-01  -2.216609999999999969e-01  2.442799999999999833e-02  5.349999999999999938e-04  -1.108760000000000023e-01  3.636439085006713867e+00
-1.028680000000000011e-01  1.812010000000000010e-01  -2.033089999999999897e-01  2.258200000000000138e-02  1.373000000000000088e-03  -1.010120000000000046e-01  3.664998054504394531e+00
-9.331699999999999717e-02  1.669489999999999863e-01  -1.852560000000000040e-01  1.984299999999999953e-02  5.726000000000000187e-03  -9.089600000000000457e-02  3.700615882873535156e+00
3.589999999999999984e-04  -1.075000000000000001e-03  1.276000000000000007e-03  2.290000000000000098e-04  -1.392000000000000008e-03  8.390000000000000105e-04  4.518148899078369141e+00
5.990000000000000316e-04  -6.960000000000000041e-04  7.720000000000000083e-04  -2.367999999999999879e-03  2.273999999999999980e-03  4.139999999999999800e-04  4.560229063034057617e+00
1.469999999999999953e-03  -1.600000000000000077e-03  1.667999999999999995e-03  1.294999999999999927e-03  3.299999999999999982e-04  1.830999999999999945e-03  4.589075088500976562e+00
2.844000000000000000e-02  -2.865499999999999992e-02  2.748799999999999855e-02  -1.930999999999999991e-03  3.480000000000000020e-03  2.906200000000000103e-02  4.620110988616943359e+00
7.501900000000000235e-02  -7.556200000000000416e-02  7.146299999999999875e-02  -4.929000000000000221e-03  2.118999999999999790e-03  7.755900000000000294e-02  4.650276899337768555e+00
1.367349999999999954e-01  -1.380520000000000080e-01  1.305749999999999966e-01  -6.899999999999999883e-03  3.079999999999999839e-03  1.429650000000000087e-01  4.690823078155517578e+00
1.930520000000000014e-01  -1.960089999999999888e-01  1.856569999999999887e-01  -5.588000000000000085e-03  -1.881999999999999992e-03  2.021600000000000064e-01  4.729690074920654297e+00
2.317420000000000035e-01  -2.372249999999999914e-01  2.245880000000000098e-01  -6.929000000000000263e-03  3.379999999999999758e-04  2.423170000000000046e-01  4.762809038162231445e+00
2.734260000000000024e-01  -2.836549999999999905e-01  2.699489999999999945e-01  -4.551999999999999623e-03  8.200000000000000095e-05  2.845440000000000191e-01  4.799424886703491211e+00
2.950380000000000225e-01  -3.082380000000000120e-01  2.940590000000000148e-01  -1.046599999999999961e-02  -5.272999999999999909e-03  3.053109999999999991e-01  4.828665971755981445e+00
3.203719999999999901e-01  -3.371419999999999972e-01  3.237880000000000202e-01  -1.225700000000000053e-02  -5.283000000000000369e-03  3.304590000000000027e-01  4.859960079193115234e+00
3.448350000000000026e-01  -3.657590000000000008e-01  3.548040000000000083e-01  -1.356899999999999946e-02  -8.248000000000000123e-03  3.537660000000000249e-01  4.895977020263671875e+00
3.563990000000000213e-01  -3.803309999999999746e-01  3.705490000000000173e-01  -1.661500000000000130e-02  -4.375000000000000416e-03  3.648819999999999841e-01  4.927016973495483398e+00
3.679509999999999725e-01  -3.952609999999999735e-01  3.876410000000000133e-01  -1.688200000000000117e-02  -4.683999999999999796e-03  3.749339999999999895e-01  4.956001043319702148e+00
3.755339999999999789e-01  -4.066310000000000202e-01  4.015799999999999925e-01  -1.982599999999999987e-02  -4.728000000000000431e-03  3.823819999999999997e-01  4.987334966659545898e+00
3.790259999999999740e-01  -4.122700000000000253e-01  4.094700000000000006e-01  -1.948099999999999832e-02  -5.389999999999999826e-04  3.845620000000000149e-01  5.014609098434448242e+00
3.801910000000000012e-01  -4.171869999999999745e-01  4.169390000000000041e-01  -2.109400000000000164e-02  4.622000000000000240e-03  3.849940000000000029e-01  5.050472974777221680e+00
3.772400000000000198e-01  -4.189669999999999783e-01  4.219249999999999945e-01  -1.886399999999999882e-02  5.734999999999999647e-03  3.808929999999999816e-01  5.088881969451904297e+00
3.738719999999999821e-01  -4.211710000000000176e-01  4.255309999999999926e-01  -1.924700000000000022e-02  9.152000000000000413e-03  3.765589999999999771e-01  5.119616031646728516e+00
3.697679999999999856e-01  -4.227509999999999879e-01  4.274890000000000079e-01  -2.122699999999999934e-02  6.074999999999999671e-03  3.719859999999999833e-01  5.149456024169921875e+00
3.633719999999999728e-01  -4.227650000000000019e-01  4.284540000000000015e-01  -2.155200000000000171e-02  3.239999999999999825e-03  3.644649999999999834e-01  5.181427955627441406e+00
3.535260000000000069e-01  -4.185969999999999969e-01  4.246019999999999794e-01  -2.230700000000000044e-02  3.436999999999999951e-03  3.532750000000000057e-01  5.209970951080322266e+00
3.365090000000000026e-01  -4.065880000000000050e-01  4.149570000000000203e-01  -2.187700000000000061e-02  -2.873999999999999819e-03  3.360630000000000006e-01  5.248416900634765625e+00
3.221559999999999979e-01  -3.948869999999999880e-01  4.036509999999999820e-01  -2.127300000000000024e-02  -2.344999999999999862e-03  3.199409999999999754e-01  5.283235073089599609e+00
3.030720000000000081e-01  -3.779000000000000137e-01  3.879500000000000171e-01  -1.956300000000000053e-02  -6.048000000000000424e-03  3.002469999999999861e-01  5.319998979568481445e+00
2.870229999999999726e-01  -3.623669999999999947e-01  3.741120000000000001e-01  -1.903699999999999837e-02  -3.795999999999999895e-03  2.845509999999999984e-01  5.353950023651123047e+00
2.676350000000000118e-01  -3.430670000000000108e-01  3.561190000000000189e-01  -1.686400000000000052e-02  -8.746000000000000302e-03  2.646740000000000204e-01  5.391609907150268555e+00
2.554040000000000199e-01  -3.309739999999999904e-01  3.465799999999999992e-01  -1.653699999999999962e-02  -7.318999999999999985e-03  2.530310000000000059e-01  5.419697046279907227e+00
2.394809999999999994e-01  -3.149819999999999842e-01  3.312760000000000149e-01  -1.542900000000000001e-02  -8.404999999999999277e-03  2.368540000000000090e-01  5.453665971755981445e+00
2.210630000000000095e-01  -2.953459999999999974e-01  3.134049999999999891e-01  -1.478299999999999927e-02  -4.080000000000000293e-03  2.174919999999999909e-01  5.489646911621093750e+00
2.097640000000000060e-01  -2.832629999999999870e-01  3.023859999999999881e-01  -1.301500000000000053e-02  -7.045000000000000047e-03  2.058800000000000074e-01  5.517988920211791992e+00
1.899750000000000050e-01  -2.618829999999999769e-01  2.816170000000000062e-01  -1.217099999999999953e-02  -4.658999999999999947e-03  1.865749999999999909e-01  5.558352947235107422e+00
1.662119999999999986e-01  -2.341159999999999908e-01  2.541800000000000170e-01  -1.124900000000000032e-02  9.000000000000000567e-05  1.632440000000000002e-01  5.602483034133911133e+00
1.521460000000000035e-01  -2.153440000000000076e-01  2.368669999999999942e-01  -9.386000000000000246e-03  4.185999999999999617e-03  1.488740000000000063e-01  5.631342887878417969e+00
1.383489999999999998e-01  -1.977270000000000139e-01  2.197020000000000084e-01  -7.572999999999999871e-03  3.513000000000000064e-03  1.347559999999999869e-01  5.668870925903320312e+00
1.222909999999999969e-01  -1.768119999999999969e-01  1.993260000000000032e-01  -7.959000000000000796e-03  4.331999999999999913e-03  1.182600000000000040e-01  5.704247951507568359e+00
1.041910000000000058e-01  -1.526079999999999937e-01  1.756369999999999876e-01  -5.180999999999999842e-03  6.909999999999999910e-04  1.001579999999999970e-01  5.751681089401245117e+00
-7.479999999999999670e-04  1.020000000000000073e-03  -1.108000000000000044e-03  -1.874999999999999931e-03  -8.200000000000000095e-05  -7.169999999999999724e-04  6.579391002655029297e+00
-4.659999999999999971e-04  5.500000000000000331e-04  -1.002000000000000069e-03  -1.028999999999999967e-03  -1.226000000000000093e-03  -1.759999999999999954e-04  6.629611968994140625e+00
-1.412000000000000061e-03  2.011999999999999900e-03  -2.197000000000000168e-03  1.248999999999999893e-03  -2.507999999999999813e-03  -1.240000000000000000e-03  6.659529924392700195e+00
-2.502700000000000063e-02  3.377600000000000047e-02  -4.185200000000000031e-02  1.528999999999999977e-03  -1.469999999999999953e-03  -2.507600000000000107e-02  6.688720941543579102e+00
-6.772000000000000242e-02  8.799700000000000577e-02  -1.086120000000000002e-01  6.814999999999999877e-03  4.589999999999999896e-04  -6.717900000000000260e-02  6.726145982742309570e+00
-1.241700000000000026e-01  1.584389999999999965e-01  -1.947760000000000047e-01  1.411500000000000081e-02  5.249999999999999676e-04  -1.246820000000000012e-01  6.762842893600463867e+00
-1.766409999999999925e-01  2.280669999999999920e-01  -2.800270000000000259e-01  2.329099999999999920e-02  1.061000000000000094e-03  -1.785400000000000043e-01  6.803729057312011719e+00
-2.214319999999999899e-01  2.902350000000000207e-01  -3.568830000000000058e-01  2.879800000000000068e-02  -3.989999999999999949e-04  -2.234510000000000107e-01  6.843771934509277344e+00
-2.581570000000000253e-01  3.454820000000000113e-01  -4.232969999999999788e-01  3.525099999999999761e-02  1.592000000000000099e-03  -2.602450000000000041e-01  6.883781909942626953e+00
-2.877540000000000098e-01  3.940960000000000019e-01  -4.801420000000000132e-01  3.932999999999999691e-02  1.977000000000000025e-03  -2.890829999999999789e-01  6.919931888580322266e+00
-3.079259999999999775e-01  4.278730000000000033e-01  -5.189139999999999864e-01  4.092400000000000204e-02  5.632999999999999986e-03  -3.061510000000000065e-01  6.953011035919189453e+00
-3.207550000000000123e-01  4.505500000000000060e-01  -5.441279999999999450e-01  4.362599999999999811e-02  3.422000000000000128e-03  -3.167670000000000208e-01  6.981251955032348633e+00
-3.352859999999999729e-01  4.782730000000000037e-01  -5.773399999999999643e-01  4.793100000000000138e-02  4.483000000000000006e-03  -3.297539999999999916e-01  7.014929056167602539e+00
-3.465730000000000199e-01  5.014669999999999961e-01  -6.004650000000000265e-01  5.051499999999999740e-02  1.008999999999999914e-03  -3.405270000000000241e-01  7.046426057815551758e+00
-3.561019999999999741e-01  5.221999999999999975e-01  -6.214509999999999756e-01  5.304500000000000187e-02  8.850000000000000444e-04  -3.479670000000000263e-01  7.079782962799072266e+00
-3.584870000000000001e-01  5.313949999999999507e-01  -6.288559999999999706e-01  5.502300000000000246e-02  2.329999999999999986e-04  -3.498979999999999868e-01  7.110179901123046875e+00
-3.597259999999999902e-01  5.397359999999999935e-01  -6.350590000000000401e-01  5.688100000000000100e-02  -1.436999999999999909e-03  -3.508439999999999892e-01  7.141674041748046875e+00
-3.583049999999999846e-01  5.462390000000000301e-01  -6.376859999999999751e-01  5.785900000000000071e-02  1.369999999999999961e-04  -3.481799999999999895e-01  7.176261901855468750e+00
-3.552199999999999802e-01  5.469460000000000433e-01  -6.363689999999999625e-01  5.956100000000000283e-02  -3.367999999999999900e-03  -3.452310000000000101e-01  7.206448078155517578e+00
-3.481719999999999815e-01  5.432439999999999491e-01  -6.274060000000000192e-01  5.994700000000000029e-02  -1.294999999999999927e-03  -3.379039999999999822e-01  7.241492033004760742e+00
-3.411370000000000235e-01  5.420850000000000390e-01  -6.224870000000000125e-01  6.026800000000000213e-02  -1.737999999999999962e-03  -3.318800000000000083e-01  7.277720928192138672e+00
-3.312430000000000097e-01  5.385600000000000387e-01  -6.173330000000000206e-01  6.112800000000000178e-02  -1.164000000000000104e-03  -3.232309999999999905e-01  7.313405036926269531e+00
-3.232900000000000218e-01  5.343539999999999957e-01  -6.104340000000000321e-01  6.088699999999999668e-02  2.125000000000000153e-03  -3.148190000000000155e-01  7.346900939941406250e+00
-3.123210000000000153e-01  5.268840000000000190e-01  -6.008489999999999664e-01  6.052500000000000241e-02  6.411000000000000032e-03  -3.050399999999999778e-01  7.377822875976562500e+00
-2.987710000000000088e-01  5.125920000000000476e-01  -5.828100000000000502e-01  5.971599999999999825e-02  6.007000000000000187e-03  -2.925269999999999815e-01  7.409929037094116211e+00
-2.805560000000000276e-01  4.903049999999999908e-01  -5.547830000000000261e-01  5.802199999999999719e-02  8.155000000000000790e-03  -2.749229999999999730e-01  7.447423934936523438e+00
-2.646959999999999869e-01  4.703089999999999771e-01  -5.298239999999999617e-01  5.708099999999999979e-02  4.917000000000000363e-03  -2.608369999999999855e-01  7.483687877655029297e+00
-2.473730000000000095e-01  4.485870000000000135e-01  -5.002849999999999797e-01  5.526699999999999668e-02  3.233999999999999896e-03  -2.450869999999999993e-01  7.523535013198852539e+00
-2.326129999999999864e-01  4.293000000000000149e-01  -4.746870000000000256e-01  5.437100000000000266e-02  9.680000000000000019e-04  -2.314789999999999903e-01  7.563046932220458984e+00
-2.197810000000000041e-01  4.148000000000000020e-01  -4.533260000000000067e-01  5.472799999999999887e-02  9.690000000000000262e-04  -2.204450000000000021e-01  7.598160028457641602e+00
-2.032879999999999965e-01  3.925660000000000260e-01  -4.249330000000000052e-01  5.282900000000000096e-02  1.690000000000000096e-03  -2.057900000000000007e-01  7.632430076599121094e+00
-1.896559999999999913e-01  3.732249999999999734e-01  -3.986390000000000211e-01  5.130900000000000044e-02  4.749999999999999990e-04  -1.928219999999999934e-01  7.669075012207031250e+00
-1.727049999999999974e-01  3.450630000000000086e-01  -3.658870000000000178e-01  4.787199999999999789e-02  -6.359999999999999551e-04  -1.754310000000000036e-01  7.703155994415283203e+00
-1.613870000000000027e-01  3.278460000000000263e-01  -3.438149999999999817e-01  4.633299999999999919e-02  -5.440999999999999656e-03  -1.653000000000000025e-01  7.733422994613647461e+00
-1.434610000000000052e-01  2.960260000000000113e-01  -3.085209999999999897e-01  4.231700000000000045e-02  -6.934000000000000059e-03  -1.481059999999999877e-01  7.771384954452514648e+00
-1.270390000000000130e-01  2.666830000000000034e-01  -2.753809999999999869e-01  3.912800000000000306e-02  -5.517000000000000202e-03  -1.315010000000000068e-01  7.808896064758300781e+00
-1.126110000000000028e-01  2.406030000000000113e-01  -2.453930000000000000e-01  3.468899999999999761e-02  -4.199999999999999740e-03  -1.160469999999999974e-01  7.847697019577026367e+00
-1.014290000000000053e-01  2.196120000000000017e-01  -2.232480000000000020e-01  3.238499999999999712e-02  -2.844999999999999873e-03  -1.044690000000000063e-01  7.879915952682495117e+00
-9.913299999999999890e-02  2.151280000000000137e-01  -2.192600000000000104e-01  3.093200000000000116e-02  -4.937000000000000416e-03  -1.025169999999999970e-01  7.912575960159301758e+00
5.630000000000000239e-04  -1.097000000000000102e-03  1.118000000000000070e-03  -5.379999999999999583e-04  -1.077000000000000049e-03  5.800000000000000034e-04  8.727315902709960938e+00
4.560000000000000251e-04  -5.330000000000000536e-04  4.650000000000000270e-04  -3.600000000000000227e-04  2.096000000000000207e-03  3.080000000000000055e-04  8.777107954025268555e+00
-6.679999999999999740e-04  -8.177999999999999506e-03  9.190000000000000252e-03  -1.379000000000000017e-03  5.299999999999999807e-04  -6.239999999999999887e-04  8.809482097625732422e+00
-7.945999999999999938e-03  -5.944399999999999684e-02  6.716500000000000248e-02  -9.206000000000000641e-03  -1.080999999999999930e-03  -7.118000000000000195e-03  8.839876890182495117e+00
-1.807200000000000126e-02  -1.311640000000000028e-01  1.486159999999999981e-01  -1.947400000000000173e-02  1.891000000000000103e-03  -1.635599999999999901e-02  8.877840042114257812e+00
-3.048599999999999921e-02  -2.197790000000000021e-01  2.500299999999999745e-01  -3.232100000000000251e-02  4.363999999999999824e-03  -2.680400000000000144e-02  8.916109085083007812e+00
-4.101199999999999984e-02  -3.010579999999999923e-01  3.442899999999999849e-01  -4.492899999999999672e-02  9.296000000000000443e-03  -3.665299999999999808e-02  8.951175928115844727e+00
-4.700000000000000011e-02  -3.538669999999999871e-01  4.058379999999999765e-01  -5.270199999999999885e-02  6.328000000000000291e-03  -4.174400000000000333e-02  8.989728927612304688e+00
-5.221300000000000247e-02  -4.024420000000000219e-01  4.637549999999999728e-01  -5.937699999999999922e-02  4.067000000000000302e-03  -4.700399999999999717e-02  9.022739887237548828e+00
-5.703099999999999836e-02  -4.444299999999999917e-01  5.185400000000000009e-01  -6.461799999999999489e-02  4.089999999999999886e-03  -5.122399999999999870e-02  9.054738998413085938e+00
-6.092499999999999999e-02  -4.800400000000000222e-01  5.655449999999999644e-01  -6.967099999999999682e-02  6.002999999999999656e-03  -5.425200000000000161e-02  9.082473039627075195e+00
-6.389799999999999647e-02  -5.068529999999999980e-01  6.042419999999999458e-01  -7.297099999999999420e-02  1.019600000000000020e-02  -5.723700000000000315e-02  9.118493080139160156e+00
-6.640899999999999581e-02  -5.316849999999999632e-01  6.375530000000000364e-01  -7.607099999999999973e-02  7.258999999999999828e-03  -5.948900000000000021e-02  9.151558876037597656e+00
-6.741999999999999382e-02  -5.413970000000000171e-01  6.523830000000000462e-01  -7.694499999999999951e-02  8.399000000000000216e-03  -6.036099999999999799e-02  9.181442022323608398e+00
-6.802600000000000313e-02  -5.509920000000000373e-01  6.657849999999999602e-01  -7.797400000000000164e-02  5.565999999999999767e-03  -6.117500000000000021e-02  9.210248947143554688e+00
-6.865000000000000269e-02  -5.608699999999999797e-01  6.784160000000000190e-01  -7.999199999999999366e-02  4.510000000000000120e-04  -6.192700000000000288e-02  9.240813016891479492e+00
-6.876200000000000367e-02  -5.720330000000000137e-01  6.887710000000000221e-01  -8.226700000000000679e-02  -7.190000000000000210e-04  -6.253799999999999637e-02  9.272150993347167969e+00
-6.823200000000000098e-02  -5.780450000000000310e-01  6.941450000000000120e-01  -8.255099999999999938e-02  2.213000000000000123e-03  -6.216399999999999704e-02  9.307080030441284180e+00
-6.759600000000000330e-02  -5.818769999999999776e-01  6.942890000000000450e-01  -8.384300000000000086e-02  5.559999999999999621e-04  -6.203600000000000086e-02  9.338254928588867188e+00
-6.619099999999999984e-02  -5.794230000000000214e-01  6.897379999999999622e-01  -8.328599999999999892e-02  -7.420000000000000380e-04  -6.140799999999999731e-02  9.367634057998657227e+00
-6.418300000000000394e-02  -5.694719999999999782e-01  6.747030000000000527e-01  -8.232299999999999340e-02  2.079000000000000119e-03  -6.003599999999999909e-02  9.402482032775878906e+00
-6.152200000000000030e-02  -5.550040000000000529e-01  6.530359999999999498e-01  -8.066900000000000459e-02  -1.343999999999999926e-03  -5.770000000000000129e-02  9.437432050704956055e+00
-5.881299999999999722e-02  -5.302810000000000024e-01  6.227169999999999650e-01  -7.749399999999999344e-02  -4.899999999999999842e-05  -5.575700000000000101e-02  9.467195034027099609e+00
-5.574599999999999694e-02  -5.067880000000000162e-01  5.913580000000000503e-01  -7.506599999999999384e-02  3.825999999999999974e-03  -5.365400000000000030e-02  9.502449989318847656e+00
-5.230300000000000227e-02  -4.802960000000000007e-01  5.565539999999999932e-01  -7.118199999999999528e-02  1.866999999999999953e-03  -5.154099999999999654e-02  9.541725873947143555e+00
-4.381999999999999784e-02  -4.124680000000000013e-01  4.696370000000000267e-01  -6.310999999999999943e-02  -9.829999999999999329e-04  -4.524500000000000050e-02  9.638256072998046875e+00
-4.140200000000000130e-02  -3.910529999999999839e-01  4.429150000000000031e-01  -5.950099999999999834e-02  -2.650000000000000012e-03  -4.284000000000000308e-02  9.667006015777587891e+00
-3.828499999999999959e-02  -3.631869999999999821e-01  4.081210000000000115e-01  -5.600900000000000323e-02  -8.696000000000000604e-03  -3.995400000000000340e-02  9.701709032058715820e+00
-3.438200000000000284e-02  -3.264560000000000239e-01  3.654100000000000126e-01  -5.085200000000000137e-02  -9.464000000000000190e-03  -3.650400000000000172e-02  9.737096071243286133e+00
-3.161200000000000121e-02  -2.995670000000000277e-01  3.332720000000000127e-01  -4.720599999999999796e-02  -1.039499999999999973e-02  -3.380799999999999778e-02  9.772268056869506836e+00
-2.749100000000000155e-02  -2.666600000000000081e-01  2.952480000000000104e-01  -4.295999999999999819e-02  -9.084999999999999326e-03  -3.023199999999999846e-02  9.810271978378295898e+00
-2.431900000000000034e-02  -2.367589999999999972e-01  2.602499999999999813e-01  -3.854099999999999887e-02  -5.706000000000000134e-03  -2.631700000000000012e-02  9.848520994186401367e+00
-2.364399999999999835e-02  -2.317680000000000018e-01  2.544500000000000095e-01  -3.725699999999999845e-02  -4.370999999999999885e-03  -2.609799999999999967e-02  9.884922027587890625e+00
4.530000000000000064e-04  1.160000000000000007e-03  -1.100999999999999982e-03  6.679999999999999740e-04  8.409999999999999507e-04  2.939999999999999905e-04  1.069599795341491699e+01
5.150000000000000498e-04  1.074000000000000085e-03  -6.390000000000000280e-04  5.910000000000000539e-04  6.909999999999999910e-04  1.140000000000000063e-04  1.075148797035217285e+01
-5.899999999999999754e-05  2.083000000000000216e-03  -2.305999999999999890e-03  4.739999999999999747e-04  -3.100000000000000135e-05  -1.889000000000000054e-03  1.078155589103698730e+01
-8.309999999999999679e-03  3.679199999999999832e-02  -3.845900000000000013e-02  1.773000000000000053e-03  1.188000000000000037e-03  -7.557000000000000349e-03  1.080907487869262695e+01
-2.265400000000000053e-02  9.599100000000000688e-02  -9.987799999999999456e-02  4.494999999999999864e-03  -2.557999999999999944e-03  -2.433199999999999946e-02  1.084257388114929199e+01
-4.122200000000000170e-02  1.713359999999999883e-01  -1.786310000000000120e-01  8.278000000000000635e-03  -3.422000000000000128e-03  -4.243199999999999750e-02  1.087987089157104492e+01
-5.698000000000000287e-02  2.374880000000000047e-01  -2.477520000000000000e-01  1.132299999999999973e-02  -2.158999999999999895e-03  -5.848699999999999732e-02  1.092316102981567383e+01
-6.781299999999999828e-02  2.880690000000000195e-01  -3.015039999999999942e-01  1.345099999999999942e-02  -1.248999999999999893e-03  -7.042099999999999749e-02  1.095880699157714844e+01
-7.619399999999999784e-02  3.342919999999999781e-01  -3.515499999999999736e-01  1.426099999999999937e-02  -2.000000000000000164e-05  -7.955199999999999771e-02  1.098781800270080566e+01
-8.293799999999999784e-02  3.745669999999999833e-01  -3.967729999999999868e-01  1.409900000000000042e-02  -1.508000000000000009e-03  -8.534999999999999531e-02  1.101899600028991699e+01
-8.780899999999999817e-02  4.076980000000000048e-01  -4.330040000000000000e-01  1.498200000000000053e-02  -1.559999999999999972e-04  -8.959899999999999809e-02  1.105117607116699219e+01
-9.117400000000000504e-02  4.312670000000000115e-01  -4.608340000000000214e-01  1.807599999999999832e-02  2.615000000000000137e-03  -9.105800000000000005e-02  1.108397293090820312e+01
-9.347400000000000153e-02  4.494279999999999942e-01  -4.817210000000000103e-01  2.023499999999999951e-02  4.572999999999999808e-03  -9.253000000000000114e-02  1.111991500854492188e+01
-9.406100000000000572e-02  4.558470000000000022e-01  -4.898410000000000264e-01  2.254199999999999954e-02  4.568000000000000012e-03  -9.202699999999999769e-02  1.115207195281982422e+01
-9.381299999999999362e-02  4.569219999999999948e-01  -4.911179999999999990e-01  2.329200000000000020e-02  6.159999999999999677e-03  -9.179500000000000159e-02  1.118364095687866211e+01
-9.313299999999999357e-02  4.532610000000000250e-01  -4.885160000000000058e-01  2.310399999999999954e-02  3.017999999999999849e-03  -9.029900000000000426e-02  1.120940804481506348e+01
-9.120499999999999441e-02  4.477920000000000234e-01  -4.816340000000000066e-01  2.294300000000000159e-02  3.788000000000000134e-03  -8.872599999999999931e-02  1.123960709571838379e+01
-8.843199999999999672e-02  4.387229999999999741e-01  -4.713519999999999932e-01  2.163599999999999898e-02  6.359999999999999551e-04  -8.586699999999999888e-02  1.127404808998107910e+01
-8.535800000000000332e-02  4.252850000000000241e-01  -4.557910000000000017e-01  2.082900000000000029e-02  -3.115000000000000147e-03  -8.204200000000000381e-02  1.130582904815673828e+01
-8.153399999999999537e-02  4.098600000000000021e-01  -4.378509999999999902e-01  2.059000000000000066e-02  -3.936000000000000262e-03  -7.862500000000000044e-02  1.134147906303405762e+01
-7.624599999999999433e-02  3.857479999999999798e-01  -4.109990000000000032e-01  2.120400000000000063e-02  -5.446000000000000320e-03  -7.333900000000000141e-02  1.137694787979125977e+01
-7.079900000000000082e-02  3.629850000000000021e-01  -3.841530000000000222e-01  2.032000000000000126e-02  -4.638999999999999894e-03  -6.913199999999999901e-02  1.140987300872802734e+01
-6.569400000000000239e-02  3.368539999999999868e-01  -3.565340000000000176e-01  1.878499999999999961e-02  7.470000000000000511e-04  -6.423700000000000243e-02  1.144087195396423340e+01
-5.941300000000000053e-02  3.063739999999999797e-01  -3.219529999999999892e-01  1.547800000000000044e-02  1.853000000000000046e-03  -5.845199999999999702e-02  1.148145008087158203e+01
-5.484800000000000092e-02  2.823700000000000099e-01  -2.960019999999999873e-01  1.282699999999999986e-02  6.930999999999999661e-03  -5.338799999999999796e-02  1.151756906509399414e+01
-4.864600000000000174e-02  2.526900000000000257e-01  -2.640009999999999857e-01  1.035600000000000062e-02  2.369000000000000012e-03  -4.698299999999999699e-02  1.155329203605651855e+01
-4.309899999999999842e-02  2.249480000000000091e-01  -2.338369999999999893e-01  1.064200000000000042e-02  -1.314000000000000064e-03  -4.167400000000000271e-02  1.159449696540832520e+01
-4.233900000000000163e-02  2.200060000000000071e-01  -2.287549999999999861e-01  1.125300000000000085e-02  -4.249999999999999763e-04  -4.057899999999999702e-02  1.163469195365905762e+01
5.230000000000000274e-04  -9.020000000000000240e-04  1.276000000000000007e-03  -1.928999999999999942e-03  2.609000000000000208e-03  2.690999999999999816e-03  1.244640898704528809e+01
2.539999999999999940e-04  -8.639999999999999677e-04  7.050000000000000060e-04  -2.139999999999999975e-04  -1.582999999999999989e-03  -1.657999999999999969e-03  1.249255490303039551e+01
1.010000000000000020e-04  -2.655999999999999941e-03  2.520000000000000104e-03  2.131000000000000082e-03  -1.523000000000000048e-03  -9.300000000000000541e-04  1.251966404914855957e+01
4.749999999999999990e-04  -3.241200000000000331e-02  2.792100000000000137e-02  3.007999999999999823e-03  -1.714000000000000029e-03  1.167000000000000069e-03  1.254846286773681641e+01
5.280000000000000405e-04  -1.015869999999999967e-01  8.777400000000000480e-02  1.124099999999999926e-02  -1.759999999999999954e-04  2.311000000000000120e-03  1.257989406585693359e+01
4.169999999999999987e-04  -2.051340000000000108e-01  1.777219999999999911e-01  2.283400000000000013e-02  -1.307000000000000002e-03  5.126999999999999613e-03  1.261946201324462891e+01
8.419999999999999750e-04  -3.191599999999999993e-01  2.758149999999999769e-01  3.442599999999999827e-02  3.265000000000000107e-03  4.604999999999999719e-03  1.266469907760620117e+01
8.589999999999999546e-04  -4.007669999999999844e-01  3.447870000000000101e-01  4.251100000000000018e-02  3.823000000000000009e-03  9.291000000000000647e-03  1.270452904701232910e+01
8.159999999999999936e-04  -4.587229999999999919e-01  3.952510000000000190e-01  4.706300000000000067e-02  7.008000000000000340e-03  7.976000000000000451e-03  1.273648595809936523e+01
1.018000000000000025e-03  -5.120339999999999892e-01  4.409449999999999759e-01  5.035499999999999698e-02  8.928999999999999437e-03  8.234000000000000000e-03  1.276711297035217285e+01
1.173999999999999913e-03  -5.587149999999999617e-01  4.810019999999999851e-01  5.358000000000000262e-02  7.075999999999999825e-03  1.283699999999999945e-02  1.279924297332763672e+01
1.128000000000000096e-03  -5.985570000000000057e-01  5.159650000000000070e-01  5.625900000000000345e-02  1.445000000000000104e-03  1.401200000000000015e-02  1.283504796028137207e+01
1.172000000000000082e-03  -6.304840000000000444e-01  5.440730000000000288e-01  5.916400000000000131e-02  -5.599999999999999509e-04  1.672699999999999881e-02  1.286840486526489258e+01
9.370000000000000074e-04  -6.525320000000000009e-01  5.643489999999999895e-01  6.136099999999999888e-02  1.278000000000000056e-03  1.758200000000000041e-02  1.289794802665710449e+01
1.103000000000000031e-03  -6.654269999999999907e-01  5.765169999999999462e-01  6.337099999999999678e-02  1.660000000000000017e-03  1.605399999999999883e-02  1.293147301673889160e+01
1.118999999999999986e-03  -6.705569999999999586e-01  5.836080000000000156e-01  6.363399999999999612e-02  8.819999999999999715e-04  1.456400000000000056e-02  1.297110795974731445e+01
1.147999999999999932e-03  -6.680840000000000112e-01  5.841330000000000133e-01  6.456499999999999739e-02  -5.619999999999999996e-04  1.206600000000000034e-02  1.300313305854797363e+01
9.309999999999999699e-04  -6.695109999999999673e-01  5.858849999999999891e-01  6.446499999999999453e-02  -7.205999999999999732e-03  9.015999999999999709e-03  1.303428292274475098e+01
1.147999999999999932e-03  -6.704160000000000119e-01  5.893829999999999902e-01  6.455099999999999727e-02  -7.424000000000000044e-03  8.734000000000000444e-03  1.306976294517517090e+01
1.186999999999999904e-03  -6.682810000000000139e-01  5.883469999999999533e-01  6.423700000000000243e-02  -5.238999999999999733e-03  7.657999999999999877e-03  1.309875488281250000e+01
1.118000000000000070e-03  -6.587220000000000297e-01  5.819220000000000503e-01  6.308300000000000018e-02  -8.437999999999999320e-03  6.331999999999999955e-03  1.313943600654602051e+01
1.333999999999999899e-03  -6.386269999999999447e-01  5.660370000000000124e-01  6.143499999999999656e-02  -8.741000000000000505e-03  5.878999999999999677e-03  1.317499399185180664e+01
8.589999999999999546e-04  -6.208299999999999930e-01  5.514480000000000492e-01  6.015600000000000114e-02  -5.610999999999999668e-03  4.918999999999999762e-03  1.320338702201843262e+01
9.539999999999999869e-04  -5.852009999999999712e-01  5.214779999999999971e-01  5.691000000000000225e-02  -5.538000000000000388e-03  3.242000000000000090e-03  1.324022388458251953e+01
9.610000000000000486e-04  -5.522120000000000362e-01  4.933009999999999895e-01  5.544400000000000023e-02  -3.549000000000000071e-03  1.304000000000000038e-03  1.328614091873168945e+01
8.319999999999999488e-04  -5.155269999999999575e-01  4.625819999999999932e-01  5.283800000000000302e-02  2.500000000000000120e-05  -3.399999999999999973e-05  1.332956790924072266e+01
3.640000000000000115e-04  -4.862949999999999773e-01  4.372320000000000095e-01  4.990100000000000091e-02  8.329999999999999731e-04  -1.376999999999999969e-03  1.336905908584594727e+01
4.659999999999999971e-04  -4.612080000000000068e-01  4.171139999999999848e-01  4.836000000000000021e-02  1.296000000000000060e-03  -2.497000000000000088e-03  1.340318894386291504e+01
3.060000000000000111e-04  -4.358670000000000044e-01  3.944349999999999801e-01  4.700100000000000111e-02  1.301000000000000073e-03  -3.706000000000000093e-03  1.343750286102294922e+01
1.559999999999999972e-04  -4.078869999999999996e-01  3.710109999999999797e-01  4.505800000000000083e-02  1.214999999999999934e-03  -4.791000000000000120e-03  1.346641993522644043e+01
3.959999999999999762e-04  -3.796300000000000230e-01  3.466310000000000224e-01  4.222599999999999965e-02  1.224999999999999960e-03  -5.243000000000000264e-03  1.349509692192077637e+01
3.390000000000000001e-04  -3.491630000000000011e-01  3.193300000000000027e-01  3.910999999999999893e-02  1.250999999999999942e-03  -5.627000000000000057e-03  1.353334403038024902e+01
1.640000000000000019e-04  -3.132460000000000244e-01  2.870599999999999818e-01  3.585100000000000092e-02  1.093999999999999920e-03  -5.609000000000000270e-03  1.357187008857727051e+01
1.769999999999999926e-04  -2.790480000000000183e-01  2.559560000000000168e-01  3.253500000000000142e-02  9.510000000000000224e-04  -5.795999999999999937e-03  1.360926198959350586e+01
-3.300000000000000253e-05  -2.475650000000000073e-01  2.279390000000000027e-01  2.958900000000000072e-02  6.769999999999999759e-04  -4.962000000000000265e-03  1.364982390403747559e+01
2.200000000000000078e-04  -2.424939999999999873e-01  2.231589999999999963e-01  2.852299999999999974e-02  7.140000000000000079e-04  -5.612999999999999934e-03  1.368081998825073242e+01
-6.999999999999999895e-06  9.779999999999999197e-04  -1.077000000000000049e-03  -1.850999999999999998e-03  -1.299999999999999886e-04  -1.879999999999999890e-04  1.449331688880920410e+01
1.730000000000000038e-04  1.131000000000000061e-03  -3.570000000000000040e-04  -5.079999999999999880e-04  -1.389999999999999905e-04  -1.309000000000000051e-03  1.454380798339843750e+01
2.280000000000000126e-04  3.635000000000000210e-03  -2.974000000000000081e-03  7.380000000000000492e-04  1.887000000000000005e-03  4.539999999999999765e-04  1.457182908058166504e+01
1.381999999999999982e-03  5.410899999999999738e-02  -5.124599999999999989e-02  2.039999999999999984e-04  3.226000000000000135e-03  -1.237999999999999951e-03  1.460166692733764648e+01
3.559000000000000098e-03  1.383820000000000050e-01  -1.341680000000000095e-01  -1.472999999999999917e-03  3.223000000000000170e-03  2.162999999999999992e-03  1.463524603843688965e+01
6.668000000000000316e-03  2.520149999999999890e-01  -2.461520000000000097e-01  -8.019999999999999352e-03  7.535000000000000031e-03  6.514999999999999958e-03  1.467600297927856445e+01
8.888999999999999332e-03  3.588939999999999908e-01  -3.518399999999999861e-01  -1.407500000000000070e-02  1.098999999999999977e-02  1.285400000000000084e-02  1.471511697769165039e+01
1.035200000000000009e-02  4.363079999999999736e-01  -4.279479999999999951e-01  -1.794099999999999862e-02  1.073799999999999928e-02  1.668700000000000044e-02  1.474943590164184570e+01
1.204799999999999968e-02  5.234119999999999884e-01  -5.143609999999999571e-01  -2.145899999999999891e-02  1.037300000000000028e-02  2.162899999999999892e-02  1.478403401374816895e+01
1.300100000000000040e-02  5.882070000000000354e-01  -5.777480000000000393e-01  -2.116000000000000172e-02  9.353000000000000203e-03  2.408199999999999924e-02  1.481837201118469238e+01
1.418999999999999949e-02  6.467319999999999736e-01  -6.348279999999999479e-01  -2.131800000000000014e-02  1.008399999999999921e-02  2.754500000000000004e-02  1.485313987731933594e+01
1.498799999999999959e-02  6.981509999999999661e-01  -6.844890000000000141e-01  -2.187599999999999961e-02  7.370999999999999948e-03  2.937599999999999933e-02  1.488457107543945312e+01
1.596500000000000002e-02  7.409270000000000023e-01  -7.253960000000000408e-01  -2.263499999999999887e-02  7.263000000000000358e-03  2.942799999999999930e-02  1.491574406623840332e+01
1.643000000000000016e-02  7.698199999999999488e-01  -7.543710000000000138e-01  -2.335800000000000029e-02  3.530000000000000152e-03  2.850700000000000109e-02  1.494763708114624023e+01
1.689600000000000130e-02  7.922780000000000378e-01  -7.759230000000000294e-01  -2.398600000000000038e-02  -2.171000000000000187e-03  2.949900000000000092e-02  1.498169589042663574e+01
1.729400000000000034e-02  8.041690000000000227e-01  -7.868270000000000541e-01  -2.396699999999999872e-02  -2.935000000000000109e-03  2.910899999999999946e-02  1.501294803619384766e+01
1.762700000000000031e-02  8.097039999999999793e-01  -7.924679999999999502e-01  -2.489200000000000093e-02  -2.786999999999999981e-03  2.936899999999999927e-02  1.504150795936584473e+01
1.785600000000000034e-02  8.103240000000000443e-01  -7.931880000000000042e-01  -2.551199999999999996e-02  -3.678999999999999979e-03  2.842899999999999941e-02  1.507502698898315430e+01
1.787300000000000000e-02  8.049380000000000424e-01  -7.876840000000000508e-01  -2.527199999999999933e-02  -1.250000000000000026e-03  2.789099999999999913e-02  1.510246491432189941e+01
1.751700000000000132e-02  7.978760000000000296e-01  -7.808199999999999585e-01  -2.427100000000000091e-02  -3.922000000000000139e-03  2.701299999999999882e-02  1.513235306739807129e+01
1.713599999999999846e-02  7.837370000000000170e-01  -7.662609999999999699e-01  -2.215599999999999861e-02  6.409999999999999682e-04  2.605999999999999983e-02  1.516723704338073730e+01
1.663600000000000148e-02  7.643199999999999994e-01  -7.487070000000000114e-01  -2.110000000000000070e-02  2.822999999999999989e-03  2.453400000000000025e-02  1.520035099983215332e+01
1.631900000000000017e-02  7.517220000000000013e-01  -7.364199999999999635e-01  -1.985299999999999912e-02  8.238999999999999796e-03  2.313099999999999878e-02  1.523572993278503418e+01
1.551899999999999981e-02  7.389149999999999885e-01  -7.248580000000000023e-01  -1.853499999999999939e-02  1.195700000000000061e-02  2.070599999999999871e-02  1.526774406433105469e+01
1.515400000000000080e-02  7.226169999999999538e-01  -7.091589999999999838e-01  -1.815500000000000100e-02  1.333699999999999990e-02  1.899599999999999900e-02  1.529708504676818848e+01
1.448600000000000061e-02  6.991519999999999957e-01  -6.874270000000000103e-01  -1.786799999999999847e-02  1.316600000000000062e-02  1.682700000000000168e-02  1.533335399627685547e+01
1.322699999999999917e-02  6.695750000000000313e-01  -6.575440000000000174e-01  -1.549700000000000036e-02  6.170000000000000137e-03  1.219300000000000071e-02  1.537072300910949707e+01
1.243000000000000008e-02  6.351189999999999891e-01  -6.235169999999999879e-01  -1.506099999999999973e-02  3.769999999999999914e-03  1.130500000000000081e-02  1.541343498229980469e+01
1.132200000000000047e-02  5.985080000000000400e-01  -5.869760000000000533e-01  -1.211899999999999956e-02  2.820000000000000241e-04  9.043999999999999956e-03  1.545197606086730957e+01
1.070600000000000024e-02  5.676949999999999497e-01  -5.552479999999999638e-01  -1.135199999999999924e-02  -3.869000000000000043e-03  8.949999999999999623e-03  1.548610496520996094e+01
9.672000000000000042e-03  5.350319999999999521e-01  -5.232400000000000384e-01  -1.004200000000000058e-02  -1.458000000000000095e-03  8.127999999999999808e-03  1.551833701133728027e+01
9.259999999999999135e-03  5.045720000000000205e-01  -4.928560000000000163e-01  -7.549000000000000155e-03  1.583999999999999905e-03  7.779999999999999589e-03  1.554649090766906738e+01
8.791999999999999468e-03  4.662149999999999905e-01  -4.562060000000000004e-01  -5.986000000000000001e-03  -1.732000000000000033e-03  5.971999999999999878e-03  1.559059596061706543e+01
7.536000000000000164e-03  4.157529999999999837e-01  -4.077060000000000128e-01  -4.078000000000000028e-03  -9.399999999999999719e-04  4.710999999999999910e-03  1.563789987564086914e+01
6.706000000000000155e-03  3.738299999999999956e-01  -3.657949999999999813e-01  -2.112999999999999861e-03  -2.720000000000000195e-03  3.102000000000000157e-03  1.567256999015808105e+01
5.951999999999999826e-03  3.333749999999999769e-01  -3.267349999999999977e-01  -1.564999999999999985e-03  -8.401999999999999746e-03  2.562000000000000041e-03  1.571432399749755859e+01
5.209000000000000088e-03  2.978560000000000096e-01  -2.905200000000000005e-01  -5.410000000000000312e-04  -9.913999999999999202e-03  -7.460000000000000268e-04  1.575522589683532715e+01
4.321000000000000188e-03  2.637320000000000220e-01  -2.580879999999999841e-01  -3.199999999999999855e-05  -1.182500000000000044e-02  -3.457000000000000003e-03  1.579316091537475586e+01
4.118000000000000133e-03  2.334789999999999921e-01  -2.288290000000000046e-01  4.139999999999999800e-04  -1.094400000000000060e-02  -2.714999999999999965e-03  1.583298897743225098e+01
3.942000000000000191e-03  2.295760000000000023e-01  -2.244059999999999944e-01  5.509999999999999490e-04  -1.247099999999999945e-02  -2.154000000000000099e-03  1.587341904640197754e+01
-2.059999999999999928e-04  -1.033000000000000064e-03  1.087999999999999991e-03  -1.631000000000000071e-03  -7.249999999999999500e-04  5.550000000000000462e-04  1.667995500564575195e+01
-2.660000000000000146e-04  -8.369999999999999619e-04  5.599999999999999509e-04  1.038000000000000077e-03  -1.529999999999999893e-03  5.410000000000000312e-04  1.671879005432128906e+01
-1.227000000000000009e-03  -2.392000000000000029e-03  2.240999999999999936e-03  1.810999999999999893e-03  -1.296000000000000060e-03  -6.870000000000000022e-04  1.675046086311340332e+01
-2.148999999999999869e-02  -3.431599999999999928e-02  3.601300000000000334e-02  -1.799000000000000035e-03  -4.418000000000000052e-03  -2.093100000000000169e-02  1.678177595138549805e+01
-6.351800000000000501e-02  -1.000209999999999988e-01  1.058459999999999956e-01  -5.730999999999999983e-03  3.629999999999999872e-04  -6.090999999999999887e-02  1.681713604927062988e+01
-1.037060000000000065e-01  -1.638789999999999969e-01  1.749040000000000039e-01  -1.933599999999999902e-02  5.370999999999999906e-03  -9.928499999999999825e-02  1.685556101799011230e+01
-1.361920000000000075e-01  -2.175999999999999879e-01  2.321100000000000108e-01  -2.851899999999999921e-02  6.905999999999999812e-03  -1.302290000000000114e-01  1.689504504203796387e+01
-1.658940000000000137e-01  -2.687610000000000277e-01  2.867199999999999749e-01  -3.918699999999999961e-02  9.783000000000000029e-03  -1.587540000000000062e-01  1.694097304344177246e+01
-1.924069999999999947e-01  -3.171669999999999767e-01  3.375230000000000175e-01  -4.743700000000000000e-02  8.099000000000000296e-03  -1.845690000000000108e-01  1.698222708702087402e+01
-2.139469999999999983e-01  -3.589019999999999988e-01  3.829009999999999914e-01  -5.410899999999999738e-02  4.865999999999999666e-03  -2.065609999999999946e-01  1.701982688903808594e+01
-2.311809999999999976e-01  -3.927629999999999733e-01  4.209870000000000001e-01  -6.081299999999999900e-02  4.778000000000000129e-03  -2.216879999999999962e-01  1.705445790290832520e+01
-2.421290000000000109e-01  -4.146159999999999846e-01  4.455399999999999916e-01  -6.544500000000000317e-02  4.845000000000000348e-03  -2.295760000000000023e-01  1.708889794349670410e+01
-2.497590000000000088e-01  -4.325609999999999733e-01  4.669010000000000105e-01  -6.862999999999999656e-02  1.750000000000000036e-03  -2.371260000000000034e-01  1.712267208099365234e+01
-2.549739999999999784e-01  -4.459879999999999955e-01  4.839100000000000068e-01  -7.167199999999999960e-02  1.379000000000000017e-03  -2.415360000000000007e-01  1.715790796279907227e+01
-2.596600000000000019e-01  -4.593169999999999753e-01  5.008179999999999854e-01  -7.484599999999999587e-02  2.066000000000000128e-03  -2.447249999999999981e-01  1.719199991226196289e+01
-2.606829999999999981e-01  -4.643309999999999937e-01  5.092820000000000125e-01  -7.503500000000000447e-02  2.314999999999999784e-03  -2.458319999999999950e-01  1.722886705398559570e+01
-2.581869999999999998e-01  -4.680949999999999833e-01  5.179679999999999840e-01  -7.457400000000000140e-02  6.126000000000000369e-03  -2.448410000000000031e-01  1.727510595321655273e+01
-2.559379999999999988e-01  -4.679479999999999751e-01  5.199770000000000225e-01  -7.452200000000000490e-02  1.090799999999999929e-02  -2.428929999999999978e-01  1.730662608146667480e+01
-2.520890000000000075e-01  -4.637839999999999741e-01  5.191019999999999524e-01  -7.394100000000000672e-02  1.139100000000000008e-02  -2.387849999999999973e-01  1.734051108360290527e+01
-2.440279999999999949e-01  -4.555170000000000052e-01  5.144339999999999469e-01  -7.260999999999999399e-02  5.969999999999999613e-03  -2.326689999999999869e-01  1.737971186637878418e+01
-2.373010000000000119e-01  -4.489500000000000157e-01  5.098409999999999886e-01  -7.070099999999999996e-02  1.547999999999999897e-03  -2.267540000000000111e-01  1.741116690635681152e+01
-2.297500000000000098e-01  -4.429089999999999971e-01  5.048169999999999602e-01  -7.059500000000000497e-02  -1.840000000000000001e-04  -2.209029999999999883e-01  1.744739603996276855e+01
-2.230560000000000043e-01  -4.367889999999999828e-01  4.991749999999999798e-01  -6.927400000000000224e-02  -4.957999999999999734e-03  -2.155030000000000001e-01  1.748055386543273926e+01
-2.138579999999999925e-01  -4.287110000000000087e-01  4.906579999999999830e-01  -6.729799999999999671e-02  -5.270999999999999644e-03  -2.089499999999999968e-01  1.751141905784606934e+01
-2.069439999999999891e-01  -4.185070000000000179e-01  4.805200000000000027e-01  -6.611499999999999322e-02  -1.273000000000000043e-03  -2.031340000000000090e-01  1.754094195365905762e+01
-1.967240000000000100e-01  -4.023329999999999962e-01  4.646560000000000135e-01  -6.366499999999999937e-02  -9.060000000000000128e-04  -1.938950000000000118e-01  1.757617187500000000e+01
-1.810019999999999962e-01  -3.757110000000000172e-01  4.363730000000000109e-01  -6.014400000000000301e-02  -3.746999999999999897e-03  -1.791290000000000104e-01  1.761701393127441406e+01
-1.700689999999999980e-01  -3.575380000000000225e-01  4.177060000000000217e-01  -5.675000000000000183e-02  -2.661999999999999870e-03  -1.700240000000000085e-01  1.765410900115966797e+01
-1.580679999999999863e-01  -3.373110000000000275e-01  3.977709999999999857e-01  -5.415999999999999981e-02  -3.235000000000000028e-03  -1.604619999999999935e-01  1.769265890121459961e+01
-1.473990000000000022e-01  -3.182059999999999889e-01  3.795819999999999750e-01  -5.056999999999999690e-02  -1.589999999999999888e-04  -1.510279999999999956e-01  1.772940492630004883e+01
-1.365020000000000122e-01  -2.983660000000000201e-01  3.592250000000000165e-01  -4.742199999999999888e-02  1.979999999999999881e-04  -1.413949999999999929e-01  1.777064895629882812e+01
-1.255989999999999884e-01  -2.778340000000000254e-01  3.386879999999999891e-01  -4.390199999999999658e-02  6.999999999999999929e-04  -1.315129999999999910e-01  1.780664801597595215e+01
-1.166869999999999991e-01  -2.603829999999999756e-01  3.206970000000000098e-01  -4.140200000000000130e-02  6.419999999999999925e-04  -1.239920000000000050e-01  1.784265398979187012e+01
-1.046880000000000033e-01  -2.382589999999999986e-01  2.959319999999999729e-01  -3.734200000000000019e-02  -4.270000000000000249e-04  -1.132979999999999959e-01  1.788181304931640625e+01
-9.578599999999999615e-02  -2.192320000000000102e-01  2.751080000000000192e-01  -3.407000000000000306e-02  -4.375000000000000416e-03  -1.046900000000000053e-01  1.791893005371093750e+01
-8.251899999999999513e-02  -1.913479999999999903e-01  2.440130000000000077e-01  -2.985099999999999906e-02  -7.396999999999999929e-03  -9.098100000000000631e-02  1.796064591407775879e+01
-7.329900000000000304e-02  -1.699209999999999887e-01  2.194250000000000089e-01  -2.630299999999999999e-02  -8.479000000000000425e-03  -8.092100000000000681e-02  1.800111699104309082e+01
-6.449799999999999978e-02  -1.500960000000000072e-01  1.967099999999999960e-01  -2.372200000000000003e-02  -4.786999999999999589e-03  -7.137400000000000688e-02  1.804148793220520020e+01
-6.289699999999999458e-02  -1.470239999999999880e-01  1.928620000000000057e-01  -2.261900000000000022e-02  -4.889000000000000117e-03  -6.997100000000000541e-02  1.807670998573303223e+01
4.389999999999999914e-04  9.849999999999999815e-04  -1.487000000000000040e-03  6.599999999999999964e-04  -2.435000000000000098e-03  4.169999999999999987e-04  1.888395094871520996e+01
4.429999999999999802e-04  6.970000000000000284e-04  -9.039999999999999642e-04  6.589999999999999721e-04  -4.400000000000000157e-04  3.980000000000000248e-04  1.893041992187500000e+01
8.210000000000000067e-04  1.490999999999999921e-03  -1.789999999999999925e-03  3.930000000000000117e-04  2.390000000000000197e-03  6.319999999999999663e-04  1.896420097351074219e+01
9.140999999999999820e-03  2.251799999999999982e-02  -2.678000000000000172e-02  1.320999999999999909e-03  1.541000000000000052e-03  9.993000000000000146e-03  1.899620699882507324e+01
2.403299999999999881e-02  5.704000000000000042e-02  -6.852600000000000358e-02  2.818000000000000192e-03  -2.625999999999999862e-03  2.501499999999999904e-02  1.902992606163024902e+01
4.768200000000000216e-02  1.139840000000000020e-01  -1.360369999999999913e-01  5.820999999999999786e-03  -2.471999999999999805e-03  4.970800000000000218e-02  1.907235407829284668e+01
6.804100000000000426e-02  1.650510000000000033e-01  -1.951529999999999931e-01  8.618000000000000660e-03  5.999999999999999474e-04  7.024500000000000188e-02  1.912042903900146484e+01
7.907100000000000239e-02  1.940369999999999873e-01  -2.298199999999999965e-01  9.924000000000000529e-03  -9.470000000000000336e-04  8.129400000000000515e-02  1.915688204765319824e+01
9.042699999999999350e-02  2.250919999999999865e-01  -2.653110000000000190e-01  1.284199999999999925e-02  -1.435000000000000078e-03  9.332600000000000617e-02  1.919116401672363281e+01
9.822300000000000475e-02  2.472399999999999876e-01  -2.895610000000000128e-01  1.322000000000000085e-02  8.600000000000000331e-05  1.016969999999999957e-01  1.922483897209167480e+01
1.047560000000000019e-01  2.665279999999999871e-01  -3.102519999999999722e-01  1.480700000000000072e-02  3.660000000000000059e-03  1.088540000000000063e-01  1.925927400588989258e+01
1.110499999999999959e-01  2.872959999999999958e-01  -3.319110000000000116e-01  1.680900000000000102e-02  6.590000000000000371e-03  1.164779999999999982e-01  1.929524588584899902e+01
1.136790000000000023e-01  2.990110000000000268e-01  -3.429110000000000213e-01  1.861300000000000107e-02  9.377999999999999184e-03  1.203430000000000055e-01  1.932834291458129883e+01
1.151960000000000067e-01  3.081760000000000055e-01  -3.502950000000000230e-01  1.991100000000000161e-02  9.357999999999999999e-03  1.224330000000000002e-01  1.936544895172119141e+01
1.160589999999999955e-01  3.145990000000000175e-01  -3.554840000000000222e-01  2.023799999999999905e-02  9.619000000000000813e-03  1.229019999999999974e-01  1.939571690559387207e+01
1.155619999999999981e-01  3.186209999999999876e-01  -3.575780000000000070e-01  2.141500000000000001e-02  9.072999999999999468e-03  1.224549999999999944e-01  1.942998003959655762e+01
1.143750000000000044e-01  3.225620000000000154e-01  -3.607690000000000063e-01  2.154199999999999865e-02  1.219800000000000051e-02  1.208879999999999955e-01  1.946661090850830078e+01
1.136049999999999977e-01  3.263570000000000082e-01  -3.638710000000000000e-01  2.205800000000000122e-02  1.282299999999999933e-02  1.196870000000000017e-01  1.950010108947753906e+01
1.115830000000000016e-01  3.272939999999999738e-01  -3.636659999999999893e-01  2.097100000000000006e-02  1.238299999999999991e-02  1.167900000000000049e-01  1.953229188919067383e+01
1.091469999999999940e-01  3.263750000000000262e-01  -3.617449999999999832e-01  2.023799999999999905e-02  1.013999999999999971e-02  1.127070000000000016e-01  1.956663894653320312e+01
1.049589999999999967e-01  3.218730000000000202e-01  -3.549280000000000213e-01  2.276500000000000051e-02  4.435999999999999839e-03  1.080799999999999955e-01  1.960176086425781250e+01
9.933699999999999475e-02  3.133179999999999854e-01  -3.425900000000000056e-01  2.160000000000000114e-02  2.615999999999999836e-03  1.012620000000000048e-01  1.963932299613952637e+01
9.391599999999999948e-02  3.014370000000000105e-01  -3.280779999999999808e-01  2.159000000000000155e-02  -7.560000000000000530e-04  9.539499999999999369e-02  1.967041802406311035e+01
8.803800000000000514e-02  2.880360000000000142e-01  -3.110200000000000187e-01  2.142000000000000154e-02  -5.030999999999999882e-03  8.942300000000000249e-02  1.971036100387573242e+01
8.085699999999999832e-02  2.719099999999999850e-01  -2.906150000000000122e-01  2.106600000000000139e-02  -1.177899999999999954e-02  8.144200000000000050e-02  1.975394892692565918e+01
7.675999999999999490e-02  2.631769999999999943e-01  -2.800039999999999751e-01  1.991899999999999921e-02  -1.273200000000000026e-02  7.702499999999999625e-02  1.978876495361328125e+01
7.132700000000000151e-02  2.519230000000000080e-01  -2.661319999999999797e-01  2.047200000000000061e-02  -1.104800000000000053e-02  7.100199999999999567e-02  1.982266092300415039e+01
6.709199999999999886e-02  2.407640000000000058e-01  -2.530279999999999752e-01  1.915100000000000136e-02  -1.110900000000000082e-02  6.606800000000000173e-02  1.985670495033264160e+01
6.156299999999999967e-02  2.248140000000000138e-01  -2.347930000000000017e-01  1.800099999999999964e-02  -6.841999999999999992e-03  5.962599999999999845e-02  1.989542698860168457e+01
5.556300000000000128e-02  2.079030000000000045e-01  -2.144129999999999925e-01  1.712100000000000080e-02  -1.670000000000000043e-03  5.339599999999999902e-02  1.993927597999572754e+01
4.965399999999999675e-02  1.903279999999999972e-01  -1.944240000000000135e-01  1.403000000000000080e-02  -1.525000000000000097e-03  4.767899999999999916e-02  1.998008799552917480e+01
4.430200000000000110e-02  1.746759999999999979e-01  -1.757779999999999898e-01  1.119700000000000036e-02  -1.150999999999999896e-03  4.266600000000000253e-02  2.001572299003601074e+01
3.644599999999999923e-02  1.507930000000000104e-01  -1.479759999999999964e-01  1.004299999999999984e-02  -2.120000000000000031e-04  3.520000000000000212e-02  2.008148908615112305e+01
3.575400000000000106e-02  1.484820000000000029e-01  -1.453299999999999870e-01  9.072000000000000203e-03  -2.654000000000000109e-03  3.411299999999999749e-02  2.011656904220581055e+01
-3.379999999999999758e-04  -8.670000000000000406e-04  8.499999999999999526e-04  -3.110000000000000243e-04  -1.330999999999999935e-03  -6.359999999999999551e-04  2.093792295455932617e+01
-3.869999999999999742e-04  -5.079999999999999880e-04  4.650000000000000270e-04  1.981000000000000122e-03  -1.711999999999999980e-03  -5.760000000000000146e-04  2.099167799949645996e+01
-1.508000000000000009e-03  -2.724999999999999992e-03  2.253999999999999927e-03  -1.297999999999999892e-03  -1.510000000000000057e-03  -2.086999999999999880e-03  2.102179408073425293e+01
-3.236800000000000094e-02  -4.952399999999999858e-02  4.605900000000000272e-02  4.315000000000000259e-03  -9.439999999999999607e-04  -3.282000000000000195e-02  2.105164599418640137e+01
-9.763499999999999956e-02  -1.459550000000000014e-01  1.365780000000000050e-01  9.783999999999999295e-03  -6.700000000000000226e-04  -1.000800000000000023e-01  2.109284186363220215e+01
-1.636009999999999964e-01  -2.450819999999999943e-01  2.296459999999999890e-01  1.812799999999999828e-02  4.772000000000000200e-03  -1.675740000000000007e-01  2.113017106056213379e+01
-2.194520000000000082e-01  -3.321959999999999913e-01  3.107539999999999747e-01  1.832699999999999954e-02  5.372000000000000039e-03  -2.249629999999999963e-01  2.117019701004028320e+01
-2.634969999999999812e-01  -4.042689999999999895e-01  3.763670000000000071e-01  2.277200000000000057e-02  5.172999999999999647e-03  -2.675480000000000080e-01  2.120637893676757812e+01
-2.929649999999999754e-01  -4.556040000000000090e-01  4.228160000000000251e-01  2.452800000000000119e-02  6.433000000000000350e-03  -2.952859999999999929e-01  2.123896193504333496e+01
-3.174879999999999924e-01  -5.037749999999999728e-01  4.634320000000000106e-01  2.752399999999999985e-02  5.133999999999999675e-03  -3.185149999999999926e-01  2.127273797988891602e+01
-3.419730000000000270e-01  -5.494850000000000012e-01  5.009860000000000424e-01  2.894199999999999898e-02  -1.984999999999999785e-03  -3.394119999999999915e-01  2.130589604377746582e+01
-3.597469999999999835e-01  -5.843159999999999465e-01  5.281259999999999843e-01  3.045499999999999943e-02  -3.730999999999999941e-03  -3.532830000000000137e-01  2.133963799476623535e+01
-3.714319999999999844e-01  -6.103830000000000089e-01  5.481110000000000149e-01  3.229699999999999932e-02  -1.851999999999999914e-03  -3.633419999999999983e-01  2.136938905715942383e+01
-3.821069999999999744e-01  -6.377899999999999681e-01  5.707799999999999541e-01  3.551900000000000196e-02  5.540000000000000219e-04  -3.717449999999999921e-01  2.140757107734680176e+01
-3.865129999999999955e-01  -6.563879999999999715e-01  5.875770000000000159e-01  3.658200000000000340e-02  -3.304000000000000079e-03  -3.752750000000000252e-01  2.144153904914855957e+01
-3.885020000000000140e-01  -6.698610000000000397e-01  6.004770000000000385e-01  3.865999999999999992e-02  -4.572999999999999808e-03  -3.756050000000000222e-01  2.147712492942810059e+01
-3.854420000000000068e-01  -6.741939999999999600e-01  6.065000000000000391e-01  4.005800000000000333e-02  -2.504999999999999848e-03  -3.721690000000000276e-01  2.151237797737121582e+01
-3.793799999999999950e-01  -6.707250000000000156e-01  6.047129999999999450e-01  4.099400000000000266e-02  -4.962000000000000265e-03  -3.670950000000000046e-01  2.154461789131164551e+01
-3.735809999999999964e-01  -6.640190000000000259e-01  5.993100000000000094e-01  4.134299999999999781e-02  3.609999999999999928e-04  -3.610670000000000268e-01  2.157206296920776367e+01
-3.630160000000000053e-01  -6.490930000000000311e-01  5.879699999999999926e-01  4.142900000000000055e-02  -5.850000000000000165e-04  -3.514709999999999779e-01  2.160602807998657227e+01
-3.454709999999999726e-01  -6.213880000000000514e-01  5.650509999999999700e-01  4.131699999999999956e-02  5.479999999999999845e-04  -3.354099999999999859e-01  2.164077687263488770e+01
-3.240870000000000140e-01  -5.851880000000000415e-01  5.342299999999999827e-01  4.003999999999999920e-02  4.406000000000000194e-03  -3.161010000000000209e-01  2.167935895919799805e+01
-3.005610000000000226e-01  -5.451289999999999747e-01  5.008519999999999639e-01  3.797199999999999881e-02  7.941999999999999407e-03  -2.953799999999999759e-01  2.171954393386840820e+01
-2.853490000000000193e-01  -5.173929999999999918e-01  4.780679999999999930e-01  3.664099999999999996e-02  9.223999999999999561e-03  -2.806569999999999898e-01  2.175333404541015625e+01
-2.699170000000000180e-01  -4.902389999999999803e-01  4.551669999999999883e-01  3.533399999999999735e-02  1.056499999999999974e-02  -2.650489999999999791e-01  2.178950500488281250e+01
-2.490910000000000069e-01  -4.547689999999999788e-01  4.255669999999999731e-01  3.407700000000000312e-02  6.594000000000000035e-03  -2.464610000000000134e-01  2.182578206062316895e+01
-2.329330000000000012e-01  -4.238439999999999985e-01  3.990929999999999755e-01  3.246999999999999886e-02  5.444000000000000054e-03  -2.306239999999999957e-01  2.186114597320556641e+01
-2.060690000000000022e-01  -3.745169999999999888e-01  3.562319999999999931e-01  2.953499999999999875e-02  2.259999999999999910e-04  -2.042349999999999999e-01  2.190856790542602539e+01
-1.825829999999999953e-01  -3.328309999999999880e-01  3.179000000000000159e-01  2.594099999999999878e-02  -5.146999999999999666e-03  -1.823700000000000043e-01  2.194823908805847168e+01
-1.587639999999999885e-01  -2.887310000000000154e-01  2.776089999999999947e-01  2.320600000000000093e-02  -5.650999999999999773e-03  -1.575590000000000046e-01  2.199576497077941895e+01
-1.387970000000000037e-01  -2.507820000000000049e-01  2.431860000000000133e-01  2.081300000000000164e-02  -8.720999999999999586e-03  -1.371580000000000021e-01  2.204273796081542969e+01
-1.331120000000000081e-01  -2.406349999999999878e-01  2.331010000000000026e-01  1.951299999999999910e-02  -5.838999999999999573e-03  -1.312429999999999986e-01  2.208382892608642578e+01
6.509999999999999945e-04  1.260000000000000052e-03  -1.216000000000000067e-03  1.275000000000000092e-03  -1.129999999999999928e-03  7.560000000000000530e-04  2.289510297775268555e+01
7.349999999999999763e-04  1.165999999999999936e-03  -8.559999999999999901e-04  -1.098999999999999934e-03  -2.011000000000000201e-03  8.480000000000000124e-04  2.294046497344970703e+01
1.708000000000000100e-03  2.857999999999999863e-03  -3.065000000000000016e-03  1.219999999999999947e-03  -4.279999999999999950e-04  1.793000000000000106e-03  2.297189998626708984e+01
4.051899999999999946e-02  6.934800000000000686e-02  -6.967299999999999882e-02  -3.341999999999999919e-03  -4.367000000000000222e-03  4.210599999999999760e-02  2.301283788681030273e+01
1.033010000000000039e-01  1.769139999999999879e-01  -1.786550000000000082e-01  -4.741000000000000422e-03  -3.838999999999999965e-03  1.086280000000000023e-01  2.305015993118286133e+01
1.681130000000000124e-01  2.880730000000000235e-01  -2.918470000000000231e-01  -5.087000000000000376e-03  -3.090999999999999998e-03  1.770619999999999972e-01  2.308975100517272949e+01
2.239329999999999932e-01  3.877610000000000223e-01  -3.927620000000000000e-01  -6.447999999999999739e-03  -1.490999999999999921e-03  2.353260000000000074e-01  2.313175392150878906e+01
2.789400000000000213e-01  4.955910000000000037e-01  -5.022910000000000430e-01  -4.000000000000000192e-04  1.799000000000000035e-03  2.910260000000000069e-01  2.317765402793884277e+01
3.086289999999999867e-01  5.606430000000000025e-01  -5.671850000000000502e-01  -1.786000000000000044e-03  7.908999999999999364e-03  3.211879999999999735e-01  2.321081709861755371e+01
3.374690000000000190e-01  6.266639999999999988e-01  -6.385849999999999582e-01  -1.115000000000000106e-03  9.109000000000000777e-03  3.496870000000000256e-01  2.324831199645996094e+01
3.608020000000000116e-01  6.825059999999999460e-01  -6.990300000000000402e-01  -1.245000000000000013e-03  9.280999999999999320e-03  3.718690000000000051e-01  2.328756904602050781e+01
3.736860000000000182e-01  7.152020000000000044e-01  -7.357380000000000031e-01  -9.219999999999999680e-04  3.307000000000000044e-03  3.854060000000000263e-01  2.332357788085937500e+01
3.846959999999999824e-01  7.403840000000000421e-01  -7.630139999999999700e-01  3.190000000000000019e-04  2.279000000000000210e-03  3.936649999999999872e-01  2.335734105110168457e+01
3.919819999999999971e-01  7.613010000000000055e-01  -7.872810000000000086e-01  2.230000000000000211e-03  3.950999999999999651e-03  4.027819999999999734e-01  2.339211106300354004e+01
3.944659999999999833e-01  7.705319999999999947e-01  -7.980359999999999676e-01  6.705000000000000022e-03  2.605999999999999810e-03  4.027609999999999801e-01  2.342867207527160645e+01
3.938980000000000259e-01  7.726779999999999760e-01  -8.012270000000000225e-01  9.036000000000000629e-03  4.435999999999999839e-03  4.013180000000000081e-01  2.345988893508911133e+01
3.896140000000000159e-01  7.695800000000000418e-01  -7.975529999999999564e-01  9.922999999999999529e-03  5.070999999999999987e-03  3.961390000000000189e-01  2.349301290512084961e+01
3.838250000000000273e-01  7.660249999999999559e-01  -7.917279999999999873e-01  1.172899999999999984e-02  4.135999999999999920e-03  3.879449999999999843e-01  2.353180193901062012e+01
3.749549999999999828e-01  7.614579999999999682e-01  -7.842970000000000219e-01  1.326100000000000022e-02  7.599999999999999985e-03  3.782260000000000066e-01  2.356761503219604492e+01
3.666110000000000202e-01  7.526479999999999837e-01  -7.736539999999999528e-01  1.452099999999999919e-02  7.088999999999999815e-03  3.689910000000000134e-01  2.360157608985900879e+01
3.549700000000000077e-01  7.366789999999999727e-01  -7.548319999999999474e-01  1.599199999999999927e-02  6.034000000000000301e-03  3.564530000000000198e-01  2.363770008087158203e+01
3.372290000000000010e-01  7.071760000000000268e-01  -7.231140000000000345e-01  1.583199999999999885e-02  6.637999999999999803e-03  3.363399999999999723e-01  2.367512798309326172e+01
3.169960000000000000e-01  6.696480000000000210e-01  -6.827180000000000470e-01  1.535100000000000006e-02  4.524000000000000243e-03  3.148639999999999772e-01  2.371057605743408203e+01
2.981260000000000021e-01  6.368070000000000119e-01  -6.453109999999999680e-01  1.397800000000000084e-02  6.165000000000000341e-03  2.961759999999999948e-01  2.374719905853271484e+01
2.774579999999999824e-01  5.920549999999999979e-01  -6.005310000000000370e-01  1.484899999999999935e-02  3.957999999999999713e-03  2.742089999999999805e-01  2.379012989997863770e+01
2.587030000000000163e-01  5.536809999999999787e-01  -5.598279999999999923e-01  1.701599999999999988e-02  -1.703000000000000087e-03  2.545270000000000032e-01  2.382976794242858887e+01
2.382479999999999876e-01  5.127089999999999703e-01  -5.158669999999999645e-01  1.866900000000000157e-02  -3.560999999999999929e-03  2.332120000000000026e-01  2.387159991264343262e+01
2.208179999999999865e-01  4.745590000000000086e-01  -4.784089999999999732e-01  1.545499999999999999e-02  -8.408000000000000543e-03  2.148089999999999999e-01  2.391048502922058105e+01
2.017819999999999891e-01  4.358879999999999977e-01  -4.387099999999999889e-01  1.569299999999999862e-02  -5.072000000000000119e-03  1.953959999999999864e-01  2.395190405845642090e+01
1.863879999999999981e-01  4.038640000000000008e-01  -4.051710000000000034e-01  1.334899999999999975e-02  -8.991999999999999993e-03  1.797529999999999961e-01  2.398928403854370117e+01
1.638060000000000072e-01  3.546540000000000248e-01  -3.556849999999999734e-01  1.106900000000000071e-02  -4.706000000000000114e-03  1.558920000000000028e-01  2.403078889846801758e+01
1.499030000000000085e-01  3.247619999999999951e-01  -3.240779999999999772e-01  9.445000000000000270e-03  -4.904000000000000373e-03  1.408840000000000092e-01  2.406938409805297852e+01
1.287530000000000063e-01  2.798209999999999864e-01  -2.799470000000000014e-01  1.041000000000000085e-02  -2.500000000000000052e-04  1.211249999999999966e-01  2.411548995971679688e+01
1.227339999999999959e-01  2.672869999999999968e-01  -2.675009999999999888e-01  1.090900000000000029e-02  -2.850000000000000103e-03  1.153620000000000062e-01  2.415420603752136230e+01
