q1     q2   q3   q4  q5   q6   t1
-6.997222862103971153e-01  -1.500235139558256492e+00  1.999828770858763427e+00  -2.269800570173496013e+00  -1.569972022532386546e+00  -4.019934181027713826e+00  0.000000000000000000e+00
-6.997237659036592561e-01  -1.500236067384246752e+00  1.999833563929101388e+00  -2.269802474353506128e+00  -1.569974527162322886e+00  -4.019933172108064667e+00  9.168386459350585938e-02
-7.011099542739547275e-01  -1.503196456650435664e+00  2.002726545669400782e+00  -2.271497437591392554e+00  -1.576483077170344416e+00  -4.015431390238640041e+00  1.770660877227783203e-01
-7.040080416737541924e-01  -1.515010312703971351e+00  2.014279586161363600e+00  -2.276914010256732013e+00  -1.600276599649493647e+00  -3.997219431109877430e+00  2.385680675506591797e-01
-6.860698692928917097e-01  -1.542771106467785813e+00  2.041597789714463485e+00  -2.271971973243018361e+00  -1.641275756181208578e+00  -3.949911517263402505e+00  3.189399242401123047e-01
-6.654450346310420983e-01  -1.563979839941062266e+00  2.062514426423263991e+00  -2.256924427353494522e+00  -1.673483265018646193e+00  -3.909480583833502720e+00  3.694500923156738281e-01
-6.521637374830175915e-01  -1.579267500081252606e+00  2.077511354028926505e+00  -2.243190570285207741e+00  -1.697935974062158238e+00  -3.879059692866377862e+00  4.113819599151611328e-01
-6.331322292048788825e-01  -1.604214737840216287e+00  2.101886703954289004e+00  -2.219232949916332132e+00  -1.736055396218631586e+00  -3.827694240363753497e+00  4.774050712585449219e-01
-6.115933479753170587e-01  -1.633437391851892073e+00  2.130291210290926607e+00  -2.188320908304582701e+00  -1.777457002506132255e+00  -3.764881811979102988e+00  5.459609031677246094e-01
-5.925693806323177881e-01  -1.656519953688476932e+00  2.152652861996414035e+00  -2.161214725258632896e+00  -1.808706790760794547e+00  -3.713308622935277636e+00  5.993080139160156250e-01
-5.793821460418060454e-01  -1.672930009083566816e+00  2.168504387258651356e+00  -2.140894319482458563e+00  -1.830386557534017911e+00  -3.676786182991715446e+00  6.402668952941894531e-01
-5.633473631508305601e-01  -1.695049395703453143e+00  2.189834161011250835e+00  -2.112419815107508647e+00  -1.859813238023694026e+00  -3.627188550911352838e+00  6.960399150848388672e-01
-5.503105741670308859e-01  -1.713006418414813936e+00  2.207088330830075051e+00  -2.088124295258646512e+00  -1.883464523886743791e+00  -3.585432313225802581e+00  7.443900108337402344e-01
-5.387343506209694155e-01  -1.727282715252753675e+00  2.220741966742124873e+00  -2.067803061510782747e+00  -1.901274976965854790e+00  -3.550907557501490341e+00  7.838940620422363281e-01
-5.261420474492561894e-01  -1.740869349007656552e+00  2.233699340704437653e+00  -2.047530911910819817e+00  -1.917026755247780656e+00  -3.516743796836840463e+00  8.295710086822509766e-01
-5.097383421783439061e-01  -1.756153317729520325e+00  2.248232434503637300e+00  -2.023664351657557425e+00  -1.933095246187122029e+00  -3.476513015616165436e+00  8.758120536804199219e-01
-4.921646495977824998e-01  -1.770125825437469658e+00  2.261464875683512066e+00  -2.000650059599719199e+00  -1.945979472015498146e+00  -3.437573670141628401e+00  9.255869388580322266e-01
-4.768006245711573499e-01  -1.780651951599033112e+00  2.271410323096624939e+00  -1.982409730100632039e+00  -1.954325106101709508e+00  -3.406211408565090970e+00  9.664149284362792969e-01
-4.560363679134207260e-01  -1.791839547015275258e+00  2.281914305095874784e+00  -1.961928066025769191e+00  -1.961539245988722868e+00  -3.370071740788603609e+00  1.007659912109375000e+00
-4.399276601541455278e-01  -1.798365923227223107e+00  2.288018506894312409e+00  -1.949153990938693681e+00  -1.964670113594298329e+00  -3.346980939985266357e+00  1.045984983444213867e+00
-4.172046916015963447e-01  -1.805442142511033410e+00  2.294583490253161884e+00  -1.934304688173968501e+00  -1.966323713449547483e+00  -3.319354452352504037e+00  1.083371877670288086e+00
-3.920328226172467012e-01  -1.811272530700634320e+00  2.299937235638774169e+00  -1.920849636743018785e+00  -1.964811507385535450e+00  -3.293228985157241162e+00  1.126435995101928711e+00
-3.593625765288086527e-01  -1.816551397696271053e+00  2.304637850142223776e+00  -1.906617608657280805e+00  -1.958673295039822904e+00  -3.263909506870279031e+00  1.173667907714843750e+00
-3.308661282327207687e-01  -1.819411594742746274e+00  2.307043015919386431e+00  -1.896455326033918531e+00  -1.950402196616185968e+00  -3.241327895239554113e+00  1.211005926132202148e+00
-3.018153325280215071e-01  -1.820727145678070258e+00  2.307933850738961734e+00  -1.888002596445081060e+00  -1.939818086705773048e+00  -3.220532817771529110e+00  1.247828960418701172e+00
-2.725428439843726736e-01  -1.820337036719267942e+00  2.307136283886698891e+00  -1.881471881855893535e+00  -1.927304028143698389e+00  -3.201462512001253646e+00  1.288775920867919922e+00
-2.434147315675971868e-01  -1.818071950791881441e+00  2.304536010674397062e+00  -1.877099529180967785e+00  -1.913338596250448553e+00  -3.184023653374978835e+00  1.327672004699707031e+00
-2.204818979069465001e-01  -1.814888574400832510e+00  2.301138450001174007e+00  -1.875191737803066694e+00  -1.901310382475799088e+00  -3.171190486648879148e+00  1.366957902908325195e+00
-1.871460083975096111e-01  -1.808050772149394803e+00  2.294014966304198211e+00  -1.874774107993030015e+00  -1.882107237321799076e+00  -3.153701718524416719e+00  1.410113096237182617e+00
-1.604663336055844880e-01  -1.800616268865645075e+00  2.286361985002997699e+00  -1.876508170237928042e+00  -1.864998153349211485e+00  -3.140518861497791914e+00  1.453684091567993164e+00
-1.297015281224487282e-01  -1.789831486041843611e+00  2.275293496444211527e+00  -1.880946871769314299e+00  -1.843084872776786121e+00  -3.126018897588016987e+00  1.502115964889526367e+00
-1.052377554019114925e-01  -1.779575672149929844e+00  2.264779485177413676e+00  -1.886296671263202995e+00  -1.823910482405010747e+00  -3.114899189478816499e+00  1.542519092559814453e+00
-8.207956149774897625e-02  -1.768515108455542162e+00  2.253454110542399746e+00  -1.892792142999478955e+00  -1.804385133685861398e+00  -3.104640787283353909e+00  1.578845977783203125e+00
-6.037031247764801378e-02  -1.756735750697743015e+00  2.241405764640724385e+00  -1.900215355123680894e+00  -1.784774241171599662e+00  -3.095215322327040663e+00  1.619332075119018555e+00
-3.630877947783517357e-02  -1.741677017689880813e+00  2.226016839041273343e+00  -1.910226490161704760e+00  -1.761341960355198744e+00  -3.084925504700928300e+00  1.663716077804565430e+00
-1.796251612904864459e-02  -1.728555308658881629e+00  2.212625814860999185e+00  -1.919342728760129901e+00  -1.742343076626673870e+00  -3.077156246216928182e+00  1.704444885253906250e+00
-4.418472640523418704e-03  -1.717872551210606780e+00  2.201735044665946717e+00  -1.926986674980655678e+00  -1.727677889811524814e+00  -3.071428353022703117e+00  1.741472005844116211e+00
1.113498570850186310e-02  -1.704529366720569428e+00  2.188137964861233797e+00  -1.936740386870180686e+00  -1.710180053720549154e+00  -3.064845080521403364e+00  1.776890993118286133e+00
2.248635495643936180e-02  -1.694024784701205988e+00  2.177439239689260120e+00  -1.944577795748205773e+00  -1.696987473311649453e+00  -3.060029277040877904e+00  1.814491987228393555e+00
3.533471378270186536e-02  -1.681405563571005679e+00  2.164604910081262545e+00  -1.954190887703653345e+00  -1.681731739285324601e+00  -3.054591095186428351e+00  1.852500915527343750e+00
4.453537479872686500e-02  -1.671856876614580933e+00  2.154898097479449603e+00  -1.961599538875653082e+00  -1.670609584808862458e+00  -3.050664389239916119e+00  1.885251045227050781e+00
5.848661786070186164e-02  -1.656538326466293398e+00  2.139348630169788379e+00  -1.973745271415356939e+00  -1.653394824442113276e+00  -3.044693170049453723e+00  1.937524080276489258e+00
6.533555712187687214e-02  -1.648626709546342717e+00  2.131323659458427500e+00  -1.980157708613758061e+00  -1.644794261306175898e+00  -3.041765998829753848e+00  1.974030017852783203e+00
7.315465625577687037e-02  -1.639328642280405646e+00  2.121906472975776836e+00  -1.987745873766346705e+00  -1.634946024978850332e+00  -3.038428295904903820e+00  2.014971017837524414e+00
1.258417258946398221e-01  -1.565973895045692288e+00  2.047999750821664744e+00  -2.052973441293172385e+00  -1.570640618043464443e+00  -3.015726500372462482e+00  2.831541061401367188e+00
1.258088324620407761e-01  -1.566021058006954014e+00  2.048044058322477490e+00  -2.052905294399772984e+00  -1.570672235715654175e+00  -3.015741145317849536e+00  2.884975910186767578e+00
1.257887294142410184e-01  -1.566027449296105267e+00  2.048063952900303519e+00  -2.052886990015536206e+00  -1.570700254481228519e+00  -3.015751574665776147e+00  2.913655996322631836e+00
1.254679853581537330e-01  -1.565620532892205041e+00  2.047566285008054265e+00  -2.052796881925935679e+00  -1.570708762616103371e+00  -3.016055789391911546e+00  2.944041013717651367e+00
1.243698937616413147e-01  -1.564110981508017417e+00  2.045758027570428794e+00  -2.052537666197285837e+00  -1.570699504853966033e+00  -3.017150429758661545e+00  2.977056026458740234e+00
1.223388491047030513e-01  -1.561310897706792211e+00  2.042388372086342940e+00  -2.052104193761936202e+00  -1.570663291108004067e+00  -3.019177013743096438e+00  3.009651899337768555e+00
1.175989950243661042e-01  -1.554813225902517360e+00  2.034529384393605866e+00  -2.051161492962385147e+00  -1.570559195358104176e+00  -3.023982189001261034e+00  3.058148860931396484e+00
1.123339422001166099e-01  -1.547576201608954705e+00  2.025791547330893394e+00  -2.050064772956297965e+00  -1.570424792966078620e+00  -3.029296014062310860e+00  3.097110033035278320e+00
1.087035351329790345e-01  -1.542563779895966825e+00  2.019741720572616472e+00  -2.049312451682834713e+00  -1.570376817657604285e+00  -3.032927948619397185e+00  3.121845960617065430e+00
1.048037669751913370e-01  -1.537115911853891959e+00  2.013175416134878049e+00  -2.048469083166772897e+00  -1.570329988613853978e+00  -3.036820673117645697e+00  3.147367954254150391e+00
1.006813200837290978e-01  -1.531299719433866002e+00  2.006169004201916906e+00  -2.047562898386460439e+00  -1.570296530325729023e+00  -3.040939624418683707e+00  3.174797058105468750e+00
9.346955498982989496e-02  -1.520959592861014897e+00  1.993752266226630709e+00  -2.045965854450772170e+00  -1.570249375440115891e+00  -3.048152349460673705e+00  3.208910942077636719e+00
8.748954247744133994e-02  -1.512250072111815058e+00  1.983350788949966415e+00  -2.044645381378296101e+00  -1.570170975433502925e+00  -3.054128667853373003e+00  3.243891954421997070e+00
8.140068905095443341e-02  -1.503317169686264165e+00  1.972696928023230711e+00  -2.043312972877195932e+00  -1.570111380713653304e+00  -3.060186700418686456e+00  3.273408889770507812e+00
7.530512441857872830e-02  -1.494298747285227158e+00  1.961961177117556687e+00  -2.041994657361246190e+00  -1.570108016069703183e+00  -3.066227863673059773e+00  3.304821014404296875e+00
7.077103627970338096e-02  -1.487505294553414181e+00  1.953920974556119461e+00  -2.041012334091558245e+00  -1.570085868100952631e+00  -3.070713339901372407e+00  3.334860086441040039e+00
6.337142692056652038e-02  -1.476221418531289409e+00  1.940592538569944736e+00  -2.039424002547782777e+00  -1.570114604929053748e+00  -3.078044302766757667e+00  3.368808031082153320e+00
5.764737752422899320e-02  -1.467317957456815591e+00  1.930072933692954962e+00  -2.038197981193657249e+00  -1.570126081334790591e+00  -3.083740842923681669e+00  3.404721021652221680e+00
5.211858551802972528e-02  -1.458565041690727426e+00  1.919763079674643436e+00  -2.037031152745320206e+00  -1.570120186690826536e+00  -3.089237556344555102e+00  3.436142921447753906e+00
4.551786055120388141e-02  -1.447924597587665119e+00  1.907304236928109020e+00  -2.035608676232858016e+00  -1.570128132895666440e+00  -3.095769892628204900e+00  3.471570014953613281e+00
4.052098742237930651e-02  -1.439736749689314976e+00  1.897747172407234117e+00  -2.034526032541783103e+00  -1.570236367433277991e+00  -3.100703081253117332e+00  3.503336906433105469e+00
3.697200165987890585e-02  -1.433834639234152775e+00  1.890906531621308062e+00  -2.033746713031844955e+00  -1.570335216702003933e+00  -3.104208286575719455e+00  3.533355951309204102e+00
3.147425329937902916e-02  -1.424531239467865085e+00  1.880217887004508981e+00  -2.032517928414732111e+00  -1.570495423031340820e+00  -3.109653805621755751e+00  3.567916870117187500e+00
2.744492949654198100e-02  -1.417605631204576611e+00  1.872319164339085518e+00  -2.031622782736132393e+00  -1.570557272594491849e+00  -3.113652516641053580e+00  3.606150865554809570e+00
2.372475180045441334e-02  -1.411142121347951139e+00  1.864997320920773305e+00  -2.030800168666720751e+00  -1.570508117769817247e+00  -3.117331930163238951e+00  3.636439085006713867e+00
2.031740610746712861e-02  -1.405169418206601684e+00  1.858266499287598350e+00  -2.030048924164483459e+00  -1.570419879436042443e+00  -3.120680944154139880e+00  3.664998054504394531e+00
1.721832011235413518e-02  -1.399658105970751798e+00  1.852119551616059567e+00  -2.029364514161696498e+00  -1.570298565940980495e+00  -3.123714948305426731e+00  3.700615882873535156e+00
-1.674936084066214192e-02  -1.337379414257576116e+00  1.786544520403126723e+00  -2.019924915832597812e+00  -1.570864979852096610e+00  -3.158357388050380798e+00  4.518148899078369141e+00
-1.672070202263675753e-02  -1.337421507949692057e+00  1.786584037556789184e+00  -2.019951054490473297e+00  -1.570833098934333982e+00  -3.158340316692505922e+00  4.560229063034057617e+00
-1.670247655622514316e-02  -1.337441828278890910e+00  1.786609091946264050e+00  -2.019948602946759486e+00  -1.570833944519659298e+00  -3.158317544045080805e+00  4.589075088500976562e+00
-1.619320042583716202e-02  -1.337960691073003971e+00  1.787105994025138811e+00  -2.020000316169182852e+00  -1.570800128001922147e+00  -3.157786777653193155e+00  4.620110988616943359e+00
-1.438286453693660150e-02  -1.339782924658265983e+00  1.788829978700363865e+00  -2.020094001631257186e+00  -1.570764692024559928e+00  -3.155915772055330581e+00  4.650276899337768555e+00
-9.914316144810975118e-03  -1.344294753605151271e+00  1.793094654638464069e+00  -2.020281193139732423e+00  -1.570729806931272066e+00  -3.151248129762280747e+00  4.690823078155517578e+00
-3.087517670059547470e-03  -1.351221960383814036e+00  1.799653896316864010e+00  -2.020547482580697718e+00  -1.570769330161860822e+00  -3.144092252222042916e+00  4.729690074920654297e+00
3.880274327440129227e-03  -1.358332051570487309e+00  1.806388264078701233e+00  -2.020779618114321607e+00  -1.570812480262348210e+00  -3.136803234844105503e+00  4.762809038162231445e+00
1.416074048129012906e-02  -1.368939351724938192e+00  1.816461647795138745e+00  -2.021038024660883892e+00  -1.570861032932995727e+00  -3.126088359064442823e+00  4.799424886703491211e+00
2.106400569845262929e-02  -1.376135639865324833e+00  1.823322240589463794e+00  -2.021256814446072525e+00  -1.570937603787246672e+00  -3.118924239087567774e+00  4.828665971755981445e+00
3.102510417617762931e-02  -1.386588328231088241e+00  1.833333515757763488e+00  -2.021586487331950011e+00  -1.571060197288584703e+00  -3.108617388811380167e+00  4.859960079193115234e+00
4.444541368762763150e-02  -1.400778010382509819e+00  1.847045446817038306e+00  -2.022111545995624482e+00  -1.571290219802820687e+00  -3.094814850140279905e+00  4.895977020263671875e+00
5.290127887777763133e-02  -1.409790742666883645e+00  1.855810589753800866e+00  -2.022486276606276334e+00  -1.571415871020036548e+00  -3.086141578921854922e+00  4.927016973495483398e+00
6.454450840625262920e-02  -1.422272107409945363e+00  1.868022135873175671e+00  -2.022993394215202301e+00  -1.571568142902400211e+00  -3.074261620738279799e+00  4.956001043319702148e+00
7.647893114252762858e-02  -1.435155594486296593e+00  1.880707846710513165e+00  -2.023568969819663721e+00  -1.571683613843511296e+00  -3.062107462333179875e+00  4.987334966659545898e+00
8.554993746680261690e-02  -1.445009453991296766e+00  1.890474053728363080e+00  -2.024034503928863415e+00  -1.571725253361661245e+00  -3.052891945587155043e+00  5.014609098434448242e+00
1.007675392875026221e-01  -1.461646085852297716e+00  1.907052091082875656e+00  -2.024856292702779115e+00  -1.571691173366235539e+00  -3.037478941766754925e+00  5.050472974777221680e+00
1.159050109677026430e-01  -1.478374800807571887e+00  1.923846389988812966e+00  -2.025645327159590892e+00  -1.571520220205772311e+00  -3.022172441807067234e+00  5.088881969451904297e+00
1.279177213721901518e-01  -1.491826586614671157e+00  1.937425981385400453e+00  -2.026284693462665487e+00  -1.571292034124384784e+00  -3.010063828602104863e+00  5.119616031646728516e+00
1.368254229294401381e-01  -1.501962424920108674e+00  1.947671572983825428e+00  -2.026778297024126374e+00  -1.571129206297797509e+00  -3.001097773165980254e+00  5.149456024169921875e+00
1.485355907864401581e-01  -1.515511284476309228e+00  1.961386996839025398e+00  -2.027436984717875035e+00  -1.570937446221434719e+00  -2.989329115587092467e+00  5.181427955627441406e+00
1.599757580457151218e-01  -1.528965442506660111e+00  1.975028719540150357e+00  -2.028123887598049180e+00  -1.570800412630434906e+00  -2.977877292268942266e+00  5.209970951080322266e+00
1.737227073159901547e-01  -1.545453227288408726e+00  1.991800446683137826e+00  -2.029001847837076156e+00  -1.570822413479685764e+00  -2.964138768254054757e+00  5.248416900634765625e+00
1.842093125587276614e-01  -1.558230042812205340e+00  2.004855919393325525e+00  -2.029707629370786748e+00  -1.570903984164296219e+00  -2.953700429789279713e+00  5.283235073089599609e+00
1.966468319487026661e-01  -1.573627106397957220e+00  2.020637097565062934e+00  -2.030517722079721921e+00  -1.571105546702609601e+00  -2.941373811932954219e+00  5.319998979568481445e+00
2.060238534510401565e-01  -1.585410492547534744e+00  2.032781309636813027e+00  -2.031107786129833670e+00  -1.571279572911409517e+00  -2.932084439619916605e+00  5.353950023651123047e+00
2.170379488347401742e-01  -1.599433449452309475e+00  2.047322733725663646e+00  -2.031798810473169681e+00  -1.571572079639098618e+00  -2.921193430070628594e+00  5.391609907150268555e+00
2.232648198710526777e-01  -1.607475873618621875e+00  2.055701814659763649e+00  -2.032199976865580737e+00  -1.571749477487799140e+00  -2.915023595055828309e+00  5.419697046279907227e+00
2.311229846412526656e-01  -1.617743631438095520e+00  2.066471604626888947e+00  -2.032709643495891783e+00  -1.571986966051623469e+00  -2.907252670123390725e+00  5.453665971755981445e+00
2.402551964979401378e-01  -1.629868589642867960e+00  2.079296620238938242e+00  -2.033300431156042976e+00  -1.572255118858485901e+00  -2.898244560541765935e+00  5.489646911621093750e+00
2.453815132642776231e-01  -1.636768843794930817e+00  2.086646458962425843e+00  -2.033621940449908294e+00  -1.572413224075647875e+00  -2.893208051254378965e+00  5.517988920211791992e+00
2.533033544372650936e-01  -1.647591533006105280e+00  2.098254142052913718e+00  -2.034145919646007883e+00  -1.572588200298234540e+00  -2.885428915396353933e+00  5.558352947235107422e+00
2.617907325389025597e-01  -1.659421074685717201e+00  2.111043393637151766e+00  -2.034706637630034010e+00  -1.572625808270070813e+00  -2.877090545285565959e+00  5.602483034133911133e+00
2.668243077932650476e-01  -1.666532748321280621e+00  2.118822385947277009e+00  -2.035011653191045156e+00  -1.572577288541710416e+00  -2.872161011258016039e+00  5.631342887878417969e+00
2.714157756198150029e-01  -1.673069003868603133e+00  2.126056240656039709e+00  -2.035286104904756144e+00  -1.572474553266809849e+00  -2.867687365186091686e+00  5.668870925903320312e+00
2.765592840124149743e-01  -1.680467731626704264e+00  2.134354936393952240e+00  -2.035601967954368874e+00  -1.572320334451760004e+00  -2.862701776933579190e+00  5.704247951507568359e+00
2.819103960256649222e-01  -1.688270522370368454e+00  2.143258371127977124e+00  -2.035896804192354637e+00  -1.572211809946385763e+00  -2.857537657486204363e+00  5.751681089401245117e+00
3.174298688203132102e-01  -1.742852002294225322e+00  2.207004761126423631e+00  -2.034861443167081063e+00  -1.570741573236176691e+00  -2.824157379206919671e+00  6.579391002655029297e+00
3.174107465072868450e-01  -1.742814179448899381e+00  2.206960663880799700e+00  -2.034884399225720841e+00  -1.570769265374426737e+00  -2.824181809678346866e+00  6.629611968994140625e+00
3.173918494436991367e-01  -1.742784297438936925e+00  2.206922977377111295e+00  -2.034894478722019784e+00  -1.570776871773926331e+00  -2.824198065077869302e+00  6.659529924392700195e+00
3.169386906965119266e-01  -1.742173129703574297e+00  2.206169429945997962e+00  -2.034833171647232319e+00  -1.570785389448525748e+00  -2.824646254190005479e+00  6.688720941543579102e+00
3.153205018264619852e-01  -1.740051567304249147e+00  2.203544076714024413e+00  -2.034621200248131423e+00  -1.570801374731750855e+00  -2.826238411540142437e+00  6.726145982742309570e+00
3.112596962515370436e-01  -1.734843822448624451e+00  2.197133486104750233e+00  -2.034154088406807226e+00  -1.570791922623262948e+00  -2.830310340415140402e+00  6.762842893600463867e+00
3.050221593243254148e-01  -1.726837837306549162e+00  2.187289615295316736e+00  -2.033369734829493680e+00  -1.570694024446263271e+00  -2.836609951726167367e+00  6.803729057312011719e+00
2.968667553616510801e-01  -1.716214066648686476e+00  2.174228616702517769e+00  -2.032294460605855946e+00  -1.570608746843650039e+00  -2.844854008711942939e+00  6.843771934509277344e+00
2.871086878590247693e-01  -1.703250704022812201e+00  2.158333188561293525e+00  -2.030968035638243130e+00  -1.570549677938713806e+00  -2.854683625170970629e+00  6.883781909942626953e+00
2.760629415907498441e-01  -1.688255390954637392e+00  2.140015110079801275e+00  -2.029467564558854242e+00  -1.570501773712376981e+00  -2.865796687950922461e+00  6.919931888580322266e+00
2.664499170555245655e-01  -1.674960883576924964e+00  2.123867004682377768e+00  -2.028180482551204200e+00  -1.570399536890339398e+00  -2.875399104541109807e+00  6.953011035919189453e+00
2.588533935680992215e-01  -1.664326427919874618e+00  2.111008351197604327e+00  -2.027148929221467277e+00  -1.570305121460814135e+00  -2.882918972033522209e+00  6.981251955032348633e+00
2.482815517883496526e-01  -1.649349379594111653e+00  2.092954488902478261e+00  -2.025678536282955022e+00  -1.570190408365913726e+00  -2.893327317015359057e+00  7.014929056167602539e+00
2.373203132870491672e-01  -1.633572600286711918e+00  2.074019250598428954e+00  -2.024099165037404724e+00  -1.570159475236688529e+00  -2.904104872023058448e+00  7.046426057815551758e+00
2.231988711143504389e-01  -1.612967487080999796e+00  2.049446901702129509e+00  -2.022020734060505198e+00  -1.570154894102014254e+00  -2.917935196855172109e+00  7.079782962799072266e+00
2.146088926474121195e-01  -1.600283891068837505e+00  2.034401103216893603e+00  -2.020718703368830305e+00  -1.570176766226964560e+00  -2.926325360377886042e+00  7.110179901123046875e+00
2.031077858473873121e-01  -1.583098988464050727e+00  2.014139745606593479e+00  -2.018924786943229854e+00  -1.570266349481027390e+00  -2.937549421077561007e+00  7.141674041748046875e+00
1.887330191445872885e-01  -1.561318484914676397e+00  1.988641899165571658e+00  -2.016615503845104129e+00  -1.570349311868727504e+00  -2.951528620764534594e+00  7.176261901855468750e+00
1.801815521313114843e-01  -1.548198816196700633e+00  1.973355345275422223e+00  -2.015197940324928716e+00  -1.570411167158113130e+00  -2.959836676623723406e+00  7.206448078155517578e+00
1.661299778978619912e-01  -1.526375126649925029e+00  1.948093096885347819e+00  -2.012800157060429029e+00  -1.570476865112038212e+00  -2.973476411331972713e+00  7.241492033004760742e+00
1.551331153954498276e-01  -1.509027896925649870e+00  1.928125743688248406e+00  -2.010877240851479009e+00  -1.570505524378400963e+00  -2.984162754515832461e+00  7.277720928192138672e+00
1.417300468635005473e-01  -1.487448973732962365e+00  1.903366589863246361e+00  -2.008442939078479483e+00  -1.570513265117700286e+00  -2.997230762178794805e+00  7.313405036926269531e+00
1.312864228835621816e-01  -1.470283896796213519e+00  1.883742141085260613e+00  -2.006494038879167441e+00  -1.570450491603976317e+00  -3.007403595460043988e+00  7.346900939941406250e+00
1.211513865727251726e-01  -1.453319645043163355e+00  1.864375238137373714e+00  -2.004551616575017903e+00  -1.570321165265975871e+00  -3.017297265151906771e+00  7.377822875976562500e+00
1.114227792777997550e-01  -1.436734090511150974e+00  1.845496190393784985e+00  -2.002626129761518214e+00  -1.570163784275713681e+00  -3.026816734160892253e+00  7.409929037094116211e+00
9.987055418019963327e-02  -1.416731475702325938e+00  1.822795086383223406e+00  -2.000273480132894299e+00  -1.569922584029563417e+00  -3.038124500791941074e+00  7.447423934936523438e+00
9.121657263507465530e-02  -1.401446479559464109e+00  1.805560247091685611e+00  -1.998439686087169598e+00  -1.569758605833750487e+00  -3.046634459789149929e+00  7.483687877655029297e+00
8.105404428134921346e-02  -1.383163510772764226e+00  1.785067822490947975e+00  -1.996213940057357306e+00  -1.569637346820988100e+00  -3.056684682124449992e+00  7.523535013198852539e+00
7.150931199079924028e-02  -1.365693190169801063e+00  1.765672557840648693e+00  -1.994023192760443486e+00  -1.569627400157823871e+00  -3.066152982257786874e+00  7.563046932220458984e+00
6.432272733962385303e-02  -1.352247485238450508e+00  1.750910406587784962e+00  -1.992276234027831272e+00  -1.569644078846138768e+00  -3.073331150028948855e+00  7.598160028457641602e+00
5.593672512199976410e-02  -1.336193768160687689e+00  1.733450720023347102e+00  -1.990135258477518931e+00  -1.569640979321601293e+00  -3.081793751759850153e+00  7.632430076599121094e+00
4.970517880087577112e-02  -1.324007727640037935e+00  1.720386474854496583e+00  -1.988480026776643150e+00  -1.569667595018224837e+00  -3.088120654809376475e+00  7.669075012207031250e+00
4.251699621853788358e-02  -1.309741385903213207e+00  1.705203254124272760e+00  -1.986517113911192567e+00  -1.569750262034023791e+00  -3.095424122591328597e+00  7.703155994415283203e+00
3.855049950582589702e-02  -1.301731257860725854e+00  1.696773727974598245e+00  -1.985389260114792442e+00  -1.569849038731184976e+00  -3.099477509688103538e+00  7.733422994613647461e+00
3.251798236413883103e-02  -1.289371641710563843e+00  1.683871619622798299e+00  -1.983623514932954635e+00  -1.570013209523811071e+00  -3.105675483858751917e+00  7.771384954452514648e+00
2.718025208727592457e-02  -1.278248599006663433e+00  1.672335270823223752e+00  -1.982010225953991345e+00  -1.570251079491324475e+00  -3.111197388612353620e+00  7.808896064758300781e+00
2.244941792846333328e-02  -1.268214203497351811e+00  1.662049416551898418e+00  -1.980549161167314942e+00  -1.570523740994971718e+00  -3.116087335498663791e+00  7.847697019577026367e+00
1.907389876967524600e-02  -1.260937966698863377e+00  1.654640339391835191e+00  -1.979489272828864443e+00  -1.570685404853421119e+00  -3.119568601086301740e+00  7.879915952682495117e+00
1.590933515003811749e-02  -1.254067314481413398e+00  1.647647587010635739e+00  -1.978488468572701109e+00  -1.570799723138971871e+00  -3.122833688664350404e+00  7.912575960159301758e+00
-1.484927933388391352e-02  -1.185562974516326307e+00  1.579899386920224469e+00  -1.965147318600660498e+00  -1.570753586868754326e+00  -3.156456867139305178e+00  8.727315902709960938e+00
-1.482028773479626693e-02  -1.185609458327636645e+00  1.579942821312562140e+00  -1.965165052752411157e+00  -1.570753359368191937e+00  -3.156448427608693486e+00  8.777107954025268555e+00
-1.481792978496088153e-02  -1.185704187049799074e+00  1.580052926084724696e+00  -1.965186129125047643e+00  -1.570763592643040774e+00  -3.156447750468281299e+00  8.809482097625732422e+00
-1.496706785649948301e-02  -1.186905303961511393e+00  1.581402571675712077e+00  -1.965372754699009405e+00  -1.570753327604204941e+00  -3.156583058314581081e+00  8.839876890182495117e+00
-1.541231720852387355e-02  -1.190195481224048280e+00  1.585126288522499705e+00  -1.965844063890298088e+00  -1.570704286171904940e+00  -3.156982559861894799e+00  8.877840042114257812e+00
-1.643466038211371938e-02  -1.197552752684758914e+00  1.593479859733774484e+00  -1.966924045495746398e+00  -1.570550100498917523e+00  -3.157892878650207180e+00  8.916109085083007812e+00
-1.791360747496639760e-02  -1.208295573937160583e+00  1.605742344792499443e+00  -1.968533817166470357e+00  -1.570261486028405429e+00  -3.159239339614494213e+00  8.951175928115844727e+00
-1.934337557310428224e-02  -1.218992542833399639e+00  1.618000691039524375e+00  -1.970123928831382543e+00  -1.570056634910804938e+00  -3.160515654719919354e+00  8.989728927612304688e+00
-2.094955994151703749e-02  -1.231296060084263289e+00  1.632146727571961886e+00  -1.971940831519745529e+00  -1.569891646484505188e+00  -3.161947404236080672e+00  9.022739887237548828e+00
-2.271608034835459478e-02  -1.245023416740250966e+00  1.648091537170649490e+00  -1.973950633506195373e+00  -1.569725689955430603e+00  -3.163531309461294683e+00  9.054738998413085938e+00
-2.461811636240440748e-02  -1.259965802373299582e+00  1.665632176691886901e+00  -1.976122361238047631e+00  -1.569548589582830722e+00  -3.165230017031332110e+00  9.082473039627075195e+00
-2.663303078707812688e-02  -1.275885987511301778e+00  1.684527752140199564e+00  -1.978430761836261098e+00  -1.569308016095630087e+00  -3.167019950485107316e+00  9.118493080139160156e+00
-2.925485085666501561e-02  -1.296787309210486683e+00  1.709540824113862101e+00  -1.981425806966107928e+00  -1.568984220438305321e+00  -3.169358530330356416e+00  9.151558876037597656e+00
-3.086347772155306757e-02  -1.309708614547172800e+00  1.725091620803787196e+00  -1.983270834884596212e+00  -1.568790196436742335e+00  -3.170797717054416154e+00  9.181442022323608398e+00
-3.303521024530198247e-02  -1.327228929972509519e+00  1.746256470715212172e+00  -1.985760441599907722e+00  -1.568622356352253888e+00  -3.172742062120089912e+00  9.210248947143554688e+00
-3.522314488444067138e-02  -1.345055761175320441e+00  1.767798077885374575e+00  -1.988298382281481480e+00  -1.568555913593765894e+00  -3.174720592867615210e+00  9.240813016891479492e+00
-3.742212568356606539e-02  -1.363221650254860862e+00  1.789725540580724861e+00  -1.990895655585916302e+00  -1.568504990839967306e+00  -3.176717735556177757e+00  9.272150993347167969e+00
-3.961354040126607856e-02  -1.381659146086047230e+00  1.811875976801612387e+00  -1.993536484294315514e+00  -1.568492662914355407e+00  -3.178712255519814178e+00  9.307080030441284180e+00
-4.178356748309042246e-02  -1.400242144946949097e+00  1.834098768164174720e+00  -1.996204572037092007e+00  -1.568504346060566768e+00  -3.180702505916961798e+00  9.338254928588867188e+00
-4.391907616077617149e-02  -1.418813086427562098e+00  1.856239196914524658e+00  -1.998878741451942886e+00  -1.568478813977691289e+00  -3.182670150357500560e+00  9.367634057998657227e+00
-4.599862764823825501e-02  -1.437171860379073962e+00  1.878024112280137103e+00  -2.001530124003441102e+00  -1.568447156222490868e+00  -3.184603155545325137e+00  9.402482032775878906e+00
-4.800215490166337418e-02  -1.455117846259661007e+00  1.899208968306974610e+00  -2.004137593470089129e+00  -1.568460696532063992e+00  -3.186478016898163901e+00  9.437432050704956055e+00
-4.992391035758814155e-02  -1.472393988260447983e+00  1.919515298144062188e+00  -2.006668017728562958e+00  -1.568434971205114437e+00  -3.188286656236325456e+00  9.467195034027099609e+00
-5.174593021475004662e-02  -1.488884295280298531e+00  1.938811031729599454e+00  -2.009100768916352919e+00  -1.568386280795839305e+00  -3.190022385764986979e+00  9.502449989318847656e+00
-5.389143790920059018e-02  -1.508519160598099873e+00  1.961642454762124510e+00  -2.012020550248342587e+00  -1.568314454907564937e+00  -3.192117841656775923e+00  9.541725873947143555e+00
-5.846396730502689820e-02  -1.551136746024589286e+00  2.010554182839361825e+00  -2.018435715756202953e+00  -1.568223049116426182e+00  -3.196735588381367066e+00  9.638256072998046875e+00
-5.981652887966504295e-02  -1.563918176450290076e+00  2.025055001058436943e+00  -2.020387591032701380e+00  -1.568306570136623890e+00  -3.198130113144616260e+00  9.667006015777587891e+00
-6.107926772191518694e-02  -1.575888943334138759e+00  2.038538648495261896e+00  -2.022233515766037826e+00  -1.568495303743400626e+00  -3.199438426478090847e+00  9.701709032058715820e+00
-6.252048477896465783e-02  -1.589527626029939356e+00  2.053840833934699628e+00  -2.024344106312490510e+00  -1.568817286580852510e+00  -3.200953417585603589e+00  9.737096071243286133e+00
-6.356589111848620632e-02  -1.599434287597802040e+00  2.064890030986849645e+00  -2.025905863351315617e+00  -1.569171603158865835e+00  -3.202069313242455806e+00  9.772268056869506836e+00
-6.472454231543522951e-02  -1.610623665879614919e+00  2.077295707849474926e+00  -2.027688314820727200e+00  -1.569567121160316603e+00  -3.203338573491006258e+00  9.810271978378295898e+00
-6.574851615511434488e-02  -1.620563520606516761e+00  2.088244009270399992e+00  -2.029292749251379036e+00  -1.569830028906942232e+00  -3.204447128960254076e+00  9.848520994186401367e+00
-6.650428933156504741e-02  -1.627966720827416225e+00  2.096367489642574800e+00  -2.030491823961831699e+00  -1.569998681278864439e+00  -3.205268567656879952e+00  9.884922027587890625e+00
-7.408667612804364921e-02  -1.698297747606432040e+00  2.170509959493784891e+00  -2.043046999914760242e+00  -1.570758277646320700e+00  -3.215692568940961671e+00  1.069599795341491699e+01
-7.406462347910736099e-02  -1.698234596092669690e+00  2.170454063573355796e+00  -2.043004528679772669e+00  -1.570748913638534638e+00  -3.215669546454574590e+00  1.075148797035217285e+01
-7.405683672365803716e-02  -1.698203683436969591e+00  2.170424557177842217e+00  -2.042991758123547719e+00  -1.570745498056723477e+00  -3.215678300106137755e+00  1.078155589103698730e+01
-7.419537918398333431e-02  -1.697540609696408076e+00  2.169735046770703946e+00  -2.042958346272060410e+00  -1.570748744172485445e+00  -3.215823664514275038e+00  1.080907487869262695e+01
-7.473973963294611167e-02  -1.695224019965633211e+00  2.167323994600067749e+00  -2.042849711920098343e+00  -1.570776341246386210e+00  -3.216422105265325015e+00  1.084257388114929199e+01
-7.609153819315928047e-02  -1.689565101861069785e+00  2.161426268855706212e+00  -2.042597566648910679e+00  -1.570889032356674875e+00  -3.217844716032013608e+00  1.087987089157104492e+01
-7.812819405300963638e-02  -1.681122035805844739e+00  2.152614654055494015e+00  -2.042215431886585719e+00  -1.571061891409136990e+00  -3.219919489350241193e+00  1.092316102981567383e+01
-8.017051296957333761e-02  -1.672511084183581964e+00  2.143619977014870059e+00  -2.041824194113973867e+00  -1.571176534950936343e+00  -3.222035781049303438e+00  1.095880699157714844e+01
-8.251557768365103129e-02  -1.662364558608532050e+00  2.132961847895021634e+00  -2.041368874182148296e+00  -1.571214475683660794e+00  -3.224474815573127984e+00  1.098781800270080566e+01
-8.509046990128865673e-02  -1.650852706836069217e+00  2.120798283058560330e+00  -2.040881801896985870e+00  -1.571210072507700062e+00  -3.227142119264316378e+00  1.101899600028991699e+01
-8.784305229111666335e-02  -1.638186821829068940e+00  2.107358232741045612e+00  -2.040385444889122546e+00  -1.571185588604276262e+00  -3.229952465659840399e+00  1.105117607116699219e+01
-9.072799966792999271e-02  -1.624645376111543804e+00  2.092922287024419958e+00  -2.039828992722171996e+00  -1.571110966430863343e+00  -3.232849216813201920e+00  1.108397293090820312e+01
-9.443557850776862495e-02  -1.606935985194470007e+00  2.073954760641967709e+00  -2.039058004941660229e+00  -1.570935671427262648e+00  -3.236531106407376512e+00  1.111991500854492188e+01
-9.744090392544535462e-02  -1.592414440173894441e+00  2.058366884250618867e+00  -2.038376128529436393e+00  -1.570738882746924858e+00  -3.239483806139300981e+00  1.115207195281982422e+01
-1.004515932370946274e-01  -1.577790943103856591e+00  2.042644662193767502e+00  -2.037644812247023651e+00  -1.570569036758374892e+00  -3.242422860041324739e+00  1.118364095687866211e+01
-1.026913001060805186e-01  -1.566880177576519984e+00  2.030899726164417274e+00  -2.037083243468074123e+00  -1.570506378151950599e+00  -3.244604070337222979e+00  1.120940804481506348e+01
-1.056336779616415811e-01  -1.552481257555594851e+00  2.015392703198330082e+00  -2.036321022175761719e+00  -1.570444639925726804e+00  -3.247467383643011019e+00  1.123960709571838379e+01
-1.084972332204170442e-01  -1.538322991092369918e+00  2.000185254666165591e+00  -2.035598038400800114e+00  -1.570434155293727763e+00  -3.250242949620087529e+00  1.127404808998107910e+01
-1.112634621092034592e-01  -1.524556401783820014e+00  1.985407984068579879e+00  -2.034912545696237807e+00  -1.570473153202064154e+00  -3.252915400559162507e+00  1.130582904815673828e+01
-1.139189957375297269e-01  -1.511246716145695501e+00  1.971170224575178764e+00  -2.034229884542963163e+00  -1.570531702742428593e+00  -3.255470245661372886e+00  1.134147906303405762e+01
-1.170570336914789067e-01  -1.495400796541520805e+00  1.954260422701651123e+00  -2.033395873050776181e+00  -1.570667585843867897e+00  -3.258493269611498988e+00  1.137694787979125977e+01
-1.193923959058267315e-01  -1.483497755724246581e+00  1.941636632811274410e+00  -2.032742113573289267e+00  -1.570788224640690345e+00  -3.260760239579550301e+00  1.140987300872802734e+01
-1.215572920104008858e-01  -1.472402668492758693e+00  1.929892776169436885e+00  -2.032135306526888563e+00  -1.570825663680039064e+00  -3.262873608243637591e+00  1.144087195396423340e+01
-1.240364186317250983e-01  -1.459664726682972535e+00  1.916461774931775608e+00  -2.031450717889451418e+00  -1.570806548312363660e+00  -3.265299428695652040e+00  1.148145008087158203e+01
-1.258452843699160439e-01  -1.450334875584847083e+00  1.906673813863161371e+00  -2.030984665173326320e+00  -1.570674898317764523e+00  -3.267068871328628887e+00  1.151756906509399414e+01
-1.278881557812283631e-01  -1.439759132966933919e+00  1.895604035330073600e+00  -2.030511557321738714e+00  -1.570514811949227152e+00  -3.269053791119826968e+00  1.155329203605651855e+01
-1.297002630453789607e-01  -1.430323888027083434e+00  1.885770766692424161e+00  -2.030070929509738775e+00  -1.570457099717053495e+00  -3.270803224448078694e+00  1.159449696540832520e+01
-1.313950023978875947e-01  -1.421520244904869834e+00  1.876624245873557584e+00  -2.029629001381114684e+00  -1.570462424215875785e+00  -3.272422031559390376e+00  1.163469195365905762e+01
-1.455289433175845915e-01  -1.355599193799317703e+00  1.809653626412897065e+00  -2.024834347335671580e+00  -1.570804174445144419e+00  -3.287136842874526454e+00  1.244640898704528809e+01
-1.455145767385346289e-01  -1.355638857840220979e+00  1.809697031456859451e+00  -2.024840245744472966e+00  -1.570830089469193780e+00  -3.287143885597226145e+00  1.249255490303039551e+01
-1.455068819109088807e-01  -1.355678477239919744e+00  1.809734384702821997e+00  -2.024833941565585604e+00  -1.570825179869419941e+00  -3.287123570646400594e+00  1.251966404914855957e+01
-1.454986238311839486e-01  -1.356156766475422160e+00  1.810152378003846874e+00  -2.024776355486134882e+00  -1.570824461030046137e+00  -3.287111436109825480e+00  1.254846286773681641e+01
-1.454844680209470553e-01  -1.358498835417734085e+00  1.812169308364409481e+00  -2.024463114771072547e+00  -1.570815251182619221e+00  -3.287072429063725654e+00  1.257989406585693359e+01
-1.454655913122593347e-01  -1.364990909108520611e+00  1.817782796199121975e+00  -2.023730296472810330e+00  -1.570808570159357487e+00  -3.286955465537588772e+00  1.261946201324462891e+01
-1.454309795072843414e-01  -1.378057708595470388e+00  1.829071383772596926e+00  -2.022339602243886425e+00  -1.570709044872032223e+00  -3.286775114559163935e+00  1.266469907760620117e+01
-1.454000063426343914e-01  -1.392806143127810259e+00  1.841779074836546570e+00  -2.020753409847774407e+00  -1.570547003917907247e+00  -3.286519530490850993e+00  1.270452904701232910e+01
-1.453716304791594638e-01  -1.406786089386983463e+00  1.853822339436359101e+00  -2.019305224874387683e+00  -1.570332965474293907e+00  -3.286289096729588355e+00  1.273648595809936523e+01
-1.453424488387593527e-01  -1.422528453498596690e+00  1.867383550232734057e+00  -2.017732486253136948e+00  -1.570095181883830904e+00  -3.286019170369050446e+00  1.276711297035217285e+01
-1.453057681569474013e-01  -1.439852797120860117e+00  1.882293000672671468e+00  -2.016063817120412160e+00  -1.569869612805069536e+00  -3.285673415483687965e+00  1.279924297332763672e+01
-1.452706817432218855e-01  -1.458540320227911025e+00  1.898397603515483922e+00  -2.014288320610074123e+00  -1.569728729808832490e+00  -3.285268244589125697e+00  1.283504796028137207e+01
-1.452333662190472552e-01  -1.478346275764398143e+00  1.915480359008308708e+00  -2.012432169330412357e+00  -1.569664979025269247e+00  -3.284789418924412896e+00  1.286840486526489258e+01
-1.451959892329348634e-01  -1.499008363815722333e+00  1.933330395093408649e+00  -2.010492450908011541e+00  -1.569637356571631059e+00  -3.284240875932587844e+00  1.289794802665710449e+01
-1.451588543512718488e-01  -1.520161149417772251e+00  1.951646724969921198e+00  -2.008485800710949398e+00  -1.569639777819857862e+00  -3.283703923805700420e+00  1.293147301673889160e+01
-1.451204299797961284e-01  -1.546922100712873061e+00  1.974893717063858745e+00  -2.005948670767200070e+00  -1.569608215457019007e+00  -3.283110085253937882e+00  1.297110795974731445e+01
-1.450845133971334633e-01  -1.568325352552875529e+00  1.993560837563383759e+00  -2.003893857048026028e+00  -1.569624890132669037e+00  -3.282718000911575729e+00  1.300313305854797363e+01
-1.450585208891599365e-01  -1.589728842666186637e+00  2.012287976035296744e+00  -2.001830111999463035e+00  -1.569743822774169573e+00  -3.282381468742900932e+00  1.303428292274475098e+01
-1.450236792582098033e-01  -1.611164243510037508e+00  2.031110858410047015e+00  -1.999766827936038105e+00  -1.569918430187794200e+00  -3.282097132601150768e+00  1.306976294517517090e+01
-1.449922575148967496e-01  -1.632599477844923541e+00  2.049960544386197014e+00  -1.997716277325737977e+00  -1.570134441937030445e+00  -3.281863324241001134e+00  1.309875488281250000e+01
-1.449445584865092229e-01  -1.659125692810611952e+00  2.073380342300984225e+00  -1.995180071815038758e+00  -1.570446655895493038e+00  -3.281601769625701159e+00  1.313943600654602051e+01
-1.448979046504090817e-01  -1.685043488479550433e+00  2.096328085209447245e+00  -1.992696345062276109e+00  -1.570682360928742582e+00  -3.281359025257313267e+00  1.317499399185180664e+01
-1.448710282146707939e-01  -1.700091914465062359e+00  2.109684424916485224e+00  -1.991244195122200189e+00  -1.570829228777066433e+00  -3.281240077277763234e+00  1.320338702201843262e+01
-1.448309167060832792e-01  -1.724078947641951132e+00  2.131035487209460122e+00  -1.988906443371413424e+00  -1.571095884116042285e+00  -3.281091065249037708e+00  1.324022388458251953e+01
-1.447926761365589954e-01  -1.746688722064316579e+00  2.151205389567497406e+00  -1.986668478412376260e+00  -1.571304057790280595e+00  -3.281017870576425022e+00  1.328614091873168945e+01
-1.447574671040827710e-01  -1.772183072310905771e+00  2.174010031096784701e+00  -1.984092682315825584e+00  -1.571368513498917707e+00  -3.280993231714250058e+00  1.332956790924072266e+01
-1.447363364803200270e-01  -1.792098276295032377e+00  2.191899750554471726e+00  -1.982048002474238402e+00  -1.571342997788117479e+00  -3.281021764391701012e+00  1.336905908584594727e+01
-1.447214566781331868e-01  -1.807150870820770194e+00  2.205484946889546993e+00  -1.980473676307700437e+00  -1.571305826107993298e+00  -3.281083550397976722e+00  1.340318894386291504e+01
-1.447080676795460263e-01  -1.821404192061159222e+00  2.218389014747133903e+00  -1.978950367393850662e+00  -1.571265690227256151e+00  -3.281186582314537858e+00  1.343750286102294922e+01
-1.447007102715449633e-01  -1.834799584660459004e+00  2.230554146019508632e+00  -1.977492894275875379e+00  -1.571224467121231427e+00  -3.281325775661610322e+00  1.346641993522644043e+01
-1.446920432330198736e-01  -1.847297444783595921e+00  2.241947358388658440e+00  -1.976113862123088261e+00  -1.571185228229968978e+00  -3.281483104268385631e+00  1.349509692192077637e+01
-1.446830675118322418e-01  -1.858900611475334586e+00  2.252551312401820827e+00  -1.974826425867237667e+00  -1.571146213718018103e+00  -3.281652410143809817e+00  1.353334403038024902e+01
-1.446723733730825856e-01  -1.871981558374397281e+00  2.264515312955821091e+00  -1.973344887549774995e+00  -1.571098511451292978e+00  -3.281879704189785585e+00  1.357187008857727051e+01
-1.446635267574949424e-01  -1.883681263560070818e+00  2.275244839649133599e+00  -1.971988372996575478e+00  -1.571059369455104715e+00  -3.282107127310496253e+00  1.360926198959350586e+01
-1.446582300868826110e-01  -1.894083902623933113e+00  2.284804021720720613e+00  -1.970761716538750541e+00  -1.571027971635942322e+00  -3.282340030050796997e+00  1.364982390403747559e+01
-1.446572066258058342e-01  -1.901835864082606520e+00  2.291935560970795649e+00  -1.969842547721274428e+00  -1.571007602777629408e+00  -3.282523479143486966e+00  1.368081998825073242e+01
-1.447416691088676544e-01  -1.973951558460939282e+00  2.360288386706523411e+00  -1.957102323138801836e+00  -1.570776265132888483e+00  -3.286348786999624849e+00  1.449331688880920410e+01
-1.447367811697688467e-01  -1.973891119695514007e+00  2.360242692852175139e+00  -1.957127838375351203e+00  -1.570788447019001666e+00  -3.286338044625674470e+00  1.454380798339843750e+01
-1.447331364401565068e-01  -1.973846075097538844e+00  2.360209700173836467e+00  -1.957136577850827841e+00  -1.570780095175426716e+00  -3.286320820401511966e+00  1.457182908058166504e+01
-1.447059541882937950e-01  -1.972895584016476356e+00  2.359291421189274374e+00  -1.957164294079713152e+00  -1.570754133319664625e+00  -3.286297417206125004e+00  1.460166692733764648e+01
-1.446221040714448236e-01  -1.969557771284213388e+00  2.356065100867397177e+00  -1.957237162723926005e+00  -1.570633255811053175e+00  -3.286212337962637786e+00  1.463524603843688965e+01
-1.444113898061196721e-01  -1.961339250533526091e+00  2.348063164147607296e+00  -1.957445378315874507e+00  -1.570358889826928284e+00  -3.285986429856862401e+00  1.467600297927856445e+01
-1.440924533955207920e-01  -1.948691564882826022e+00  2.335678941981932155e+00  -1.957832367183701905e+00  -1.570041535965628121e+00  -3.285553322412512856e+00  1.471511697769165039e+01
-1.437834349106088538e-01  -1.935657390375350673e+00  2.322900503611858625e+00  -1.958301669489539876e+00  -1.569745171656091287e+00  -3.285043852425875155e+00  1.474943590164184570e+01
-1.433303498643203611e-01  -1.916109769492726045e+00  2.303694792390409418e+00  -1.959087598913527017e+00  -1.569338924284004122e+00  -3.284266702769099933e+00  1.478403401374816895e+01
-1.429259204313835241e-01  -1.898061002743189007e+00  2.285965424045873107e+00  -1.959790627705201516e+00  -1.569048234752592030e+00  -3.283554547631750253e+00  1.481837201118469238e+01
-1.424867144613335412e-01  -1.878065937562225507e+00  2.266329688416673704e+00  -1.960479573331351588e+00  -1.568783743220804716e+00  -3.282749091401974795e+00  1.485313987731933594e+01
-1.420132604030595047e-01  -1.856337127442063029e+00  2.245023961387250466e+00  -1.961184551798300646e+00  -1.568548887564542582e+00  -3.281850748834162612e+00  1.488457107543945312e+01
-1.415104072522712642e-01  -1.833137627840687678e+00  2.222299274592524299e+00  -1.961909621602025311e+00  -1.568357154649818064e+00  -3.280927842387725057e+00  1.491574406623840332e+01
-1.409872326122956210e-01  -1.808841386985613475e+00  2.198492780725123552e+00  -1.962669777954300088e+00  -1.568235534571317480e+00  -3.280002377280100134e+00  1.494763708114624023e+01
-1.404433696277589405e-01  -1.783748701803988368e+00  2.173921991074600157e+00  -1.963444858323864395e+00  -1.568222504852718302e+00  -3.279074458619937626e+00  1.498169589042663574e+01
-1.398900469705344207e-01  -1.758163838583576499e+00  2.148882413333225827e+00  -1.964232632087650643e+00  -1.568264009133619297e+00  -3.278141999820950225e+00  1.501294803619384766e+01
-1.393296249182220947e-01  -1.732308649273539558e+00  2.123569533164562984e+00  -1.965026306912513121e+00  -1.568395868494221190e+00  -3.277208769503800134e+00  1.504150795936584473e+01
-1.387630279758091945e-01  -1.706384978986826617e+00  2.098190150638863827e+00  -1.965852676988728120e+00  -1.568528705829120184e+00  -3.276289911598900151e+00  1.507502698898315430e+01
-1.383363328000335457e-01  -1.687022010752952106e+00  2.079239657245489425e+00  -1.966465602110126554e+00  -1.568591224014731722e+00  -3.275615029840912573e+00  1.510246491432189941e+01
-1.377735558580468478e-01  -1.661403725164352529e+00  2.054169394555890094e+00  -1.967253650589801950e+00  -1.568684456578406383e+00  -3.274733302094275267e+00  1.513235306739807129e+01
-1.370833139285103641e-01  -1.629780206521389552e+00  2.023227283331427984e+00  -1.968187768058127673e+00  -1.568710396660207174e+00  -3.273672826892250143e+00  1.516723704338073730e+01
-1.365448596535099313e-01  -1.605090132093127231e+00  1.999062252457854072e+00  -1.968882369299739921e+00  -1.568608513243057168e+00  -3.272877495560712724e+00  1.520035099983215332e+01
-1.360169675283966484e-01  -1.580893581591315211e+00  1.975363256486353691e+00  -1.969546456541014123e+00  -1.568388120219294635e+00  -3.272130785791862451e+00  1.523572993278503418e+01
-1.355113805042211794e-01  -1.557081473500728563e+00  1.952015826546514177e+00  -1.970159796710440503e+00  -1.568103185680557843e+00  -3.271445595001387652e+00  1.526774406433105469e+01
-1.350204877803093950e-01  -1.533744042312952693e+00  1.929113223602438865e+00  -1.970743839322967261e+00  -1.567724580318444971e+00  -3.270831609229775339e+00  1.529708504676818848e+01
-1.345501589577589030e-01  -1.511079910829815631e+00  1.906840097836902004e+00  -1.971309098094554457e+00  -1.567335421979657362e+00  -3.270287681911425270e+00  1.533335399627685547e+01
-1.340016716511467365e-01  -1.483829355536590455e+00  1.880074823073126566e+00  -1.971956343533467049e+00  -1.566959212127119194e+00  -3.269728558234600513e+00  1.537072300910949707e+01
-1.334883934975836794e-01  -1.457858095051015823e+00  1.854578632931778159e+00  -1.972567374073982194e+00  -1.566762943706743627e+00  -3.269247452415850574e+00  1.541343498229980469e+01
-1.330155874275584793e-01  -1.433325499445365914e+00  1.830507387058165847e+00  -1.973099874134081944e+00  -1.566779865379545278e+00  -3.268849177730838385e+00  1.545197606086730957e+01
-1.326722197410461490e-01  -1.414799267805491034e+00  1.812356057003967180e+00  -1.973483172620106529e+00  -1.566862563137057407e+00  -3.268567557105750865e+00  1.548610496520996094e+01
-1.323481773762082980e-01  -1.397279281570803278e+00  1.795226731751254690e+00  -1.973813875972483700e+00  -1.566886067073493649e+00  -3.268288034160450994e+00  1.551833701133728027e+01
-1.320488008953581982e-01  -1.380769878106278270e+00  1.779096070259891249e+00  -1.974098939466419012e+00  -1.566888432136719800e+00  -3.268035801810750929e+00  1.554649090766906738e+01
-1.317015937728083230e-01  -1.361502440065227582e+00  1.760242417142590554e+00  -1.974382236430807680e+00  -1.566951375517184886e+00  -3.267789504519926336e+00  1.559059596061706543e+01
-1.313189410783692779e-01  -1.340503297046101494e+00  1.739679268621626917e+00  -1.974613284797083423e+00  -1.567041990397498807e+00  -3.267548228317463721e+00  1.563789987564086914e+01
-1.310293228545820199e-01  -1.324859870342113055e+00  1.724370227943028411e+00  -1.974732789559771717e+00  -1.567146141925348957e+00  -3.267408900922588622e+00  1.567256999015808105e+01
-1.307719291578823828e-01  -1.310885875239401699e+00  1.710673034496553058e+00  -1.974808025791322308e+00  -1.567396128224173069e+00  -3.267334145414588775e+00  1.571432399749755859e+01
-1.305449795244948419e-01  -1.298388609804187688e+00  1.698482722032602865e+00  -1.974847046072497392e+00  -1.567720076846985222e+00  -3.267339423501525175e+00  1.575522589683532715e+01
-1.303474897642198371e-01  -1.287293790470288357e+00  1.687646593146165053e+00  -1.974859962103810318e+00  -1.568130991180035849e+00  -3.267388627386463185e+00  1.579316091537475586e+01
-1.301776344962446430e-01  -1.277485643840825524e+00  1.678028774092265252e+00  -1.974850948973896791e+00  -1.568611244588495879e+00  -3.267514374871149485e+00  1.583298897743225098e+01
-1.300189305283199204e-01  -1.268331155234188046e+00  1.669067600243240079e+00  -1.974824530852846927e+00  -1.569085347198797109e+00  -3.267653581866012402e+00  1.587341904640197754e+01
-1.288360940289337009e-01  -1.201647344967042841e+00  1.602988054296324627e+00  -1.972110065335044737e+00  -1.570788188395805918e+00  -3.270436943868701984e+00  1.667995500564575195e+01
-1.288428979638958083e-01  -1.201689754595731685e+00  1.603027602344136993e+00  -1.972112137357008521e+00  -1.570779827684855690e+00  -3.270417198073502174e+00  1.671879005432128906e+01
-1.288554950239699792e-01  -1.201719631577159220e+00  1.603056082869124488e+00  -1.972111556330171211e+00  -1.570794143178504854e+00  -3.270416852084151671e+00  1.675046086311340332e+01
-1.292413296361196728e-01  -1.202342628693660487e+00  1.603712368233824348e+00  -1.972157801955447098e+00  -1.570855284299479848e+00  -3.270785141539427343e+00  1.678177595138549805e+01
-1.310776740296333287e-01  -1.205254357545673116e+00  1.606794728086836876e+00  -1.972327472320362318e+00  -1.570918886535056735e+00  -3.272549668589029181e+00  1.681713604927062988e+01
-1.346015220892944342e-01  -1.210809485357071225e+00  1.612699051254012028e+00  -1.972902176224723192e+00  -1.570868782557031551e+00  -3.275930290240463449e+00  1.685556101799011230e+01
-1.395377181223818042e-01  -1.218663535644147089e+00  1.621085644336762055e+00  -1.973891658526426340e+00  -1.570622395224218870e+00  -3.280661936596514394e+00  1.689504504203796387e+01
-1.456989268251334124e-01  -1.228602036422156374e+00  1.631679482136437098e+00  -1.975309338854675190e+00  -1.570243188488744224e+00  -3.286550821315389115e+00  1.694097304344177246e+01
-1.529815373017680002e-01  -1.240517428530493405e+00  1.644375421595899667e+00  -1.977090077779788402e+00  -1.569951409053418345e+00  -3.293533920428561856e+00  1.698222708702087402e+01
-1.612094070805056845e-01  -1.254222873474557076e+00  1.658982611365074744e+00  -1.979151228376300864e+00  -1.569778669436118435e+00  -3.301457937419112199e+00  1.701982688903808594e+01
-1.701915419174557798e-01  -1.269416819922568607e+00  1.675231858321149625e+00  -1.981477377598512390e+00  -1.569566462129530215e+00  -3.310096198756811603e+00  1.705445790290832520e+01
-1.778165766795538616e-01  -1.282429578793495395e+00  1.689208891024962078e+00  -1.983513174639549348e+00  -1.569365674145942968e+00  -3.317351632407898876e+00  1.708889794349670410e+01
-1.857247801741763737e-01  -1.296063229929721672e+00  1.703890624525524533e+00  -1.985670890498637320e+00  -1.569227276518229353e+00  -3.324852851114476593e+00  1.712267208099365234e+01
-1.938246142505022362e-01  -1.310180432472296985e+00  1.719181306039462065e+00  -1.987927514802400708e+00  -1.569124431458504887e+00  -3.332526193956951488e+00  1.715790796279907227e+01
-2.041458824282038620e-01  -1.328371420241499123e+00  1.738965936930162215e+00  -1.990879235327188468e+00  -1.569015332815204999e+00  -3.342281823264201535e+00  1.719199991226196289e+01
-2.124805265254021691e-01  -1.343176122805225248e+00  1.755167200895887181e+00  -1.993273506006163487e+00  -1.568902259774667129e+00  -3.350142134629212620e+00  1.722886705398559570e+01
-2.249388379798276105e-01  -1.365607557608740308e+00  1.779877490149237129e+00  -1.996880795079613691e+00  -1.568662305196128592e+00  -3.361932989458852106e+00  1.727510595321655273e+01
-2.331637603560636762e-01  -1.380595795411203142e+00  1.796507178612162470e+00  -1.999276377570250673e+00  -1.568399494857016130e+00  -3.369736960550625327e+00  1.730662608146667480e+01
-2.412829555692752592e-01  -1.395500697370202658e+00  1.813141058844749631e+00  -2.001648982266386767e+00  -1.568087459967204111e+00  -3.377429512447175597e+00  1.734051108360290527e+01
-2.511857899735616684e-01  -1.413868379519527707e+00  1.833804873081124498e+00  -2.004575800160150578e+00  -1.567746758708141286e+00  -3.386838008153251423e+00  1.737971186637878418e+01
-2.588560591892097307e-01  -1.428319053348563017e+00  1.850179109898862029e+00  -2.006860969753152091e+00  -1.567598649405666400e+00  -3.394161682758911169e+00  1.741116690635681152e+01
-2.681690510624346047e-01  -1.446132519756776702e+00  1.870454855619274603e+00  -2.009692772402177141e+00  -1.567564291893344119e+00  -3.403097117758274948e+00  1.744739603996276855e+01
-2.753871667365714870e-01  -1.460185363158263527e+00  1.886492905317624702e+00  -2.011922082173352777e+00  -1.567662137147607382e+00  -3.410054611422886239e+00  1.748055386543273926e+01
-2.823434801339352873e-01  -1.473967527248165155e+00  1.902317285064199615e+00  -2.014102598770353580e+00  -1.567772809665768818e+00  -3.416815118467861012e+00  1.751141905784606934e+01
-2.873642587633860046e-01  -1.484088600691990223e+00  1.913930579590974679e+00  -2.015704073012628328e+00  -1.567826586121292110e+00  -3.421738495847723271e+00  1.754094195365905762e+01
-2.953609467731990179e-01  -1.500389546359016890e+00  1.932717168263599739e+00  -2.018277860437539317e+00  -1.567891738160618331e+00  -3.429608932714961256e+00  1.757617187500000000e+01
-3.028072064179738732e-01  -1.515796268775815747e+00  1.950544429338574748e+00  -2.020735258005275981e+00  -1.567972542354306498e+00  -3.436970425845036203e+00  1.761701393127441406e+01
-3.083821272008613334e-01  -1.527458710613327497e+00  1.964149520701537366e+00  -2.022593772753513264e+00  -1.568011207363381843e+00  -3.442519982347437946e+00  1.765410900115966797e+01
-3.148824455704755110e-01  -1.541267784002265273e+00  1.980354794181024891e+00  -2.024796469115500486e+00  -1.568054524794106896e+00  -3.449078133768786358e+00  1.769265890121459961e+01
-3.209432008884007814e-01  -1.554295783732376535e+00  1.995838501398974785e+00  -2.026871357247424399e+00  -1.568110151924205553e+00  -3.455273722445413753e+00  1.772940492630004883e+01
-3.265748092183642370e-01  -1.566545138844389840e+00  2.010536604448424747e+00  -2.028822175015999818e+00  -1.568184788833404397e+00  -3.461095786529515550e+00  1.777064895629882812e+01
-3.317770319455650707e-01  -1.577996910513892459e+00  2.024420216959299523e+00  -2.030642247867550765e+00  -1.568234530955828987e+00  -3.466518484351642115e+00  1.780664801597595215e+01
-3.356163996018022289e-01  -1.586541776253529434e+00  2.034901329893412214e+00  -2.032005797384751844e+00  -1.568265266515666667e+00  -3.470577062306556826e+00  1.784265398979187012e+01
-3.399996151889634888e-01  -1.596433147457265278e+00  2.047148042223649433e+00  -2.033562265177039308e+00  -1.568324778204768677e+00  -3.475288350874455645e+00  1.788181304931640625e+01
-3.431712093462255808e-01  -1.603689144494939711e+00  2.056210025977486922e+00  -2.034692802105553255e+00  -1.568467954734693137e+00  -3.478745395620990166e+00  1.791893005371093750e+01
-3.473978822955370305e-01  -1.613429296216089881e+00  2.068543746736299482e+00  -2.036210324125466542e+00  -1.568762725081679577e+00  -3.483392442663852506e+00  1.796064591407775879e+01
-3.504838724656273996e-01  -1.620570477653952679e+00  2.077716052772524691e+00  -2.037324758008354664e+00  -1.569064900588390543e+00  -3.486786480215288364e+00  1.800111699104309082e+01
-3.532022525678524261e-01  -1.626888299012964723e+00  2.085943752014437269e+00  -2.038323630472682169e+00  -1.569258901102005055e+00  -3.489791476853277175e+00  1.804148793220520020e+01
-3.552113275273036663e-01  -1.631582180797590098e+00  2.092107562109386976e+00  -2.039067791057981083e+00  -1.569393637550154708e+00  -3.492024236872502740e+00  1.807670998573303223e+01
-3.748156766497325876e-01  -1.678923807691319325e+00  2.153920805108167968e+00  -2.045764018509771631e+00  -1.570817877939976626e+00  -3.516418275153528672e+00  1.888395094871520996e+01
-3.747952110183820906e-01  -1.678890346732356598e+00  2.153880454923466914e+00  -2.045730947766521979e+00  -1.570796613032699796e+00  -3.516397427866703840e+00  1.893041992187500000e+01
-3.747795851900823649e-01  -1.678863177156181052e+00  2.153852279368166478e+00  -2.045713598585046533e+00  -1.570778361702499737e+00  -3.516385689789803592e+00  1.896420097351074219e+01
-3.746088054936569378e-01  -1.678462846372942963e+00  2.153363251839815362e+00  -2.045686775904195898e+00  -1.570763975044487282e+00  -3.516208770084491064e+00  1.899620699882507324e+01
-3.740253116944689538e-01  -1.677078295890741977e+00  2.151704000671790240e+00  -2.045615436639907969e+00  -1.570769514830448799e+00  -3.515628840203178562e+00  1.902992606163024902e+01
-3.722055660398941868e-01  -1.672739140301342076e+00  2.146517366671353955e+00  -2.045409590354270613e+00  -1.570849871866371927e+00  -3.513762127987991146e+00  1.907235407829284668e+01
-3.693327816901055272e-01  -1.665808925945079899e+00  2.138283009937431700e+00  -2.045076579225646007e+00  -1.570923112230598662e+00  -3.510789091204466139e+00  1.912042903900146484e+01
-3.669352528906184574e-01  -1.659944551476479013e+00  2.131341675675869851e+00  -2.044786120083757375e+00  -1.570891960508337348e+00  -3.508318880592141031e+00  1.915688204765319824e+01
-3.634964928637307580e-01  -1.651435947512741365e+00  2.121292452143157092e+00  -2.044322183012758032e+00  -1.570860616072010885e+00  -3.504777670480716090e+00  1.919116401672363281e+01
-3.604446148137681050e-01  -1.643782094281529105e+00  2.112306537844634846e+00  -2.043893578531970512e+00  -1.570827119705385577e+00  -3.501617219043803519e+00  1.922483897209167480e+01
-3.571710951311937166e-01  -1.635473123959054753e+00  2.102622636524248634e+00  -2.043425659995770971e+00  -1.570728175800448767e+00  -3.498215739556853165e+00  1.925927400588989258e+01
-3.528302012782313923e-01  -1.624302200021854325e+00  2.089682035237235169e+00  -2.042783134241695997e+00  -1.570481973292173983e+00  -3.493675898559352788e+00  1.929524588584899902e+01
-3.492227181630562782e-01  -1.614873732542767115e+00  2.078838083298236938e+00  -2.042207223572758856e+00  -1.570168058244687082e+00  -3.489874965781365468e+00  1.932834291458129883e+01
-3.455472602316813635e-01  -1.605117913332891888e+00  2.067711602614012989e+00  -2.041566128792833723e+00  -1.569828668696686691e+00  -3.485982900698640474e+00  1.936544895172119141e+01
-3.418416837015572085e-01  -1.595125940488954619e+00  2.056389465291662333e+00  -2.040901277689221693e+00  -1.569483431976898657e+00  -3.482045551246840009e+00  1.939571690559387207e+01
-3.381381777505811925e-01  -1.584972895515117663e+00  2.044971218501409282e+00  -2.040231800804233941e+00  -1.569138550802497534e+00  -3.478115981743602703e+00  1.942998003959655762e+01
-3.335447902816683907e-01  -1.572122513731105009e+00  2.030596356842583106e+00  -2.039360633151333424e+00  -1.568708004913484721e+00  -3.473254310119402888e+00  1.946661090850830078e+01
-3.298960854981549673e-01  -1.561727062102204577e+00  2.018990101050194497e+00  -2.038650405854832925e+00  -1.568372010909922842e+00  -3.469411726042215260e+00  1.950010108947753906e+01
-3.262984597255540464e-01  -1.551265738064604882e+00  2.007355385234955492e+00  -2.037957265795958151e+00  -1.568037758645822954e+00  -3.465647049540002911e+00  1.953229188919067383e+01
-3.227738357288538751e-01  -1.540805506988042417e+00  1.995752738529368742e+00  -2.037284580559720837e+00  -1.567736955216060046e+00  -3.461984920181852665e+00  1.956663894653320312e+01
-3.185081567262670887e-01  -1.527840681442929949e+00  1.981436699965033910e+00  -2.036414918203046653e+00  -1.567453184331159655e+00  -3.457581436640152717e+00  1.960176086425781250e+01
-3.144406380213551344e-01  -1.515152797441330357e+00  1.967505370375169704e+00  -2.035538449221658830e+00  -1.567332052102397455e+00  -3.453424202988115699e+00  1.963932299613952637e+01
-3.113653050398061950e-01  -1.505355290417992542e+00  1.956818279304343378e+00  -2.034831098374146663e+00  -1.567356771303636265e+00  -3.450291709769652826e+00  1.967041802406311035e+01
-3.084629117774690954e-01  -1.495951124999892912e+00  1.946623324613819150e+00  -2.034136007489896869e+00  -1.567475197597822500e+00  -3.447342959149453101e+00  1.971036100387573242e+01
-3.044444481725312457e-01  -1.482596339943280661e+00  1.932293679129244879e+00  -2.033100784374247461e+00  -1.567872528509020924e+00  -3.443275052044902917e+00  1.975394892692565918e+01
-3.019416163593939828e-01  -1.474070371316130057e+00  1.923209277884719626e+00  -2.032433595750085864e+00  -1.568206804420233524e+00  -3.440761121833978198e+00  1.978876495361328125e+01
-2.990029243059817432e-01  -1.463810616394179753e+00  1.912339590152370761e+00  -2.031625869840998355e+00  -1.568637404839410721e+00  -3.437826231878952754e+00  1.982266092300415039e+01
-2.968017457806810810e-01  -1.455965551755554088e+00  1.904079586412008140e+00  -2.031018985081136208e+00  -1.568944507625147367e+00  -3.435658397744990378e+00  1.985670495033264160e+01
-2.942455530487935178e-01  -1.446705239579642033e+00  1.894385424735869350e+00  -2.030292059637736735e+00  -1.569242455531021818e+00  -3.433177872127815000e+00  1.989542698860168457e+01
-2.919271690205942349e-01  -1.438113167671366099e+00  1.885475996107167873e+00  -2.029572200421687178e+00  -1.569451095479699632e+00  -3.430944100826589960e+00  1.993927597999572754e+01
-2.898447385409692600e-01  -1.430216683048165294e+00  1.877373671954067902e+00  -2.028958570212187951e+00  -1.569541963448124022e+00  -3.428944042849389806e+00  1.998008799552917480e+01
-2.879863266338187344e-01  -1.422980854918289850e+00  1.870040679267781059e+00  -2.028449473143000503e+00  -1.569513532805524747e+00  -3.427161274025102511e+00  2.001572299003601074e+01
-2.854433288858437834e-01  -1.412678982825328333e+00  1.859798476763852904e+00  -2.027759087484326095e+00  -1.569503295246059693e+00  -3.424710812461277065e+00  2.008148908615112305e+01
-2.843050606846944106e-01  -1.407932683029565091e+00  1.855158322675551474e+00  -2.027462532909789061e+00  -1.569610076621959394e+00  -3.423613212255064653e+00  2.011656904220581055e+01
-2.727954133038199558e-01  -1.354214949073018204e+00  1.807937216904034861e+00  -2.024503440558017786e+00  -1.570758290511559352e+00  -3.414338342985146824e+00  2.093792295455932617e+01
-2.728156579030986961e-01  -1.354247909141982120e+00  1.807976596849859563e+00  -2.024513312291703393e+00  -1.570745261574121088e+00  -3.414378250212930510e+00  2.099167799949645996e+01
-2.728353358692103825e-01  -1.354276092488493788e+00  1.808001608659109527e+00  -2.024533197859991418e+00  -1.570757089840697063e+00  -3.414405076543491901e+00  2.102179408073425293e+01
-2.734149549795361622e-01  -1.355156801312382697e+00  1.808825268335472192e+00  -2.024442831973066070e+00  -1.570741831014920820e+00  -3.415004579252979511e+00  2.105164599418640137e+01
-2.762301418682220344e-01  -1.359382549817395258e+00  1.812759156065609778e+00  -2.024110025572591454e+00  -1.570690193482707997e+00  -3.417894579188313742e+00  2.109284186363220215e+01
-2.817172721703116167e-01  -1.367588131188155032e+00  1.820452042067734810e+00  -2.023496214879904720e+00  -1.570558813702721324e+00  -3.423525956595376840e+00  2.113017106056213379e+01
-2.895980751568263400e-01  -1.379471386079282880e+00  1.831587472535197270e+00  -2.022763248185880158e+00  -1.570412793624121228e+00  -3.431612105967428050e+00  2.117019701004028320e+01
-2.994487644502612511e-01  -1.394503272533771820e+00  1.845597178668834770e+00  -2.021927944490404805e+00  -1.570250947773959460e+00  -3.441662756167852777e+00  2.120637893676757812e+01
-3.084787158502724225e-01  -1.408471523867383723e+00  1.858576000000609740e+00  -2.021187270957830684e+00  -1.570091096822997301e+00  -3.450787579646064529e+00  2.123896193504333496e+01
-3.183480448408992913e-01  -1.424018603138495820e+00  1.872927159295772137e+00  -2.020359612574368136e+00  -1.569932391956760043e+00  -3.460710117998225144e+00  2.127273797988891602e+01
-3.289885250859221344e-01  -1.441052629504946836e+00  1.888500922094622059e+00  -2.019456590173668076e+00  -1.569912329140334961e+00  -3.471313332892474790e+00  2.130589604377746582e+01
-3.402973258413961588e-01  -1.459343499517308018e+00  1.905092810369559686e+00  -2.018484511016643168e+00  -1.569975485320810549e+00  -3.482449925622436382e+00  2.133963799476623535e+01
-3.520484956167209134e-01  -1.478561908165845651e+00  1.922382227555197165e+00  -2.017470832744393761e+00  -1.570079179065112740e+00  -3.493961183739852316e+00  2.136938905715942383e+01
-3.671625951457464510e-01  -1.503627094224807337e+00  1.944833956267147279e+00  -2.016105138681143494e+00  -1.570148652978387460e+00  -3.508736267260941233e+00  2.140757107734680176e+01
-3.794903305518602110e-01  -1.524423274269683048e+00  1.963446148591672547e+00  -2.014946914550518997e+00  -1.570218358580923734e+00  -3.520706403628578229e+00  2.144153904914855957e+01
-3.919010617898948112e-01  -1.545703642577969106e+00  1.982509937959497481e+00  -2.013730605313206468e+00  -1.570295067496662256e+00  -3.532730794340702474e+00  2.147712492942810059e+01
-4.073959516066949504e-01  -1.572650807361746672e+00  2.006712032349035280e+00  -2.012152356880554827e+00  -1.570419340833932864e+00  -3.547681007647650375e+00  2.151237797737121582e+01
-4.196097940789176306e-01  -1.594183837245084945e+00  2.026088280668022712e+00  -2.010854393711730026e+00  -1.570504680960119970e+00  -3.559495616916013461e+00  2.154461789131164551e+01
-4.286248410681956500e-01  -1.610171030665982883e+00  2.040524856295297784e+00  -2.009861397632005442e+00  -1.570518209057070180e+00  -3.568211663906438957e+00  2.157206296920776367e+01
-4.403744269049720828e-01  -1.631139669688106864e+00  2.059473913708460557e+00  -2.008534409979443325e+00  -1.570500043900882048e+00  -3.579569589322538548e+00  2.160602807998657227e+01
-4.544836518917616530e-01  -1.656467255316695031e+00  2.082468389189598312e+00  -2.006878197109005946e+00  -1.570433854464444501e+00  -3.593258643391299856e+00  2.164077687263488770e+01
-4.678213751247728425e-01  -1.680487000290519006e+00  2.104360424333361124e+00  -2.005265601438080303e+00  -1.570316937222844267e+00  -3.606226260729163968e+00  2.167935895919799805e+01
-4.802102824908978107e-01  -1.702917621212806765e+00  2.124920251836322826e+00  -2.003719231381617227e+00  -1.570129334891919193e+00  -3.618380717362363441e+00  2.171954393386840820e+01
-4.895184030101233930e-01  -1.719802611177930984e+00  2.140477678423672980e+00  -2.002542489877380483e+00  -1.569896933899068259e+00  -3.627534491164137620e+00  2.175333404541015625e+01
-4.983445128065859819e-01  -1.735820028312906160e+00  2.155324037887522692e+00  -2.001394084328531164e+00  -1.569619877218956461e+00  -3.636190462028601189e+00  2.178950500488281250e+01
-5.086472400018244855e-01  -1.754591577198958419e+00  2.172835203308022489e+00  -2.000010810868255717e+00  -1.569287746736518052e+00  -3.646358408426348063e+00  2.182578206062316895e+01
-5.163038600723730553e-01  -1.768536888639470561e+00  2.185936973260397487e+00  -1.998957024631804913e+00  -1.569098328598280467e+00  -3.653933348089134725e+00  2.186114597320556641e+01
-5.267476686473848702e-01  -1.787525069525383259e+00  2.203923266563259986e+00  -1.997471749522380158e+00  -1.568992701318231653e+00  -3.664269258787037131e+00  2.190856790542602539e+01
-5.344231166009443257e-01  -1.801502030832081047e+00  2.217253264206460184e+00  -1.996378360985930023e+00  -1.569082422511222319e+00  -3.671921426191799398e+00  2.194823908805847168e+01
-5.425047654203574155e-01  -1.816217271835933289e+00  2.231365841481460333e+00  -1.995198224030380274e+00  -1.569357406602659211e+00  -3.679972080588671091e+00  2.199576497077941895e+01
-5.495499529225824631e-01  -1.829009033409670693e+00  2.243719541049010946e+00  -1.994176471029017961e+00  -1.569784073477084263e+00  -3.686949223777059359e+00  2.204273796081542969e+01
-5.548780650637556988e-01  -1.838674351963771159e+00  2.253069290940173719e+00  -1.993400779504255205e+00  -1.570072144179782470e+00  -3.692209843329035124e+00  2.208382892608642578e+01
-5.956216346144733720e-01  -1.909622279010470436e+00  2.323404360387657519e+00  -1.984523294835557117e+00  -1.570753024652479013e+00  -3.737241413093516762e+00  2.289510297775268555e+01
-5.955935046710605363e-01  -1.909577333964570300e+00  2.323367712225623549e+00  -1.984542079842995577e+00  -1.570758297192092812e+00  -3.737210543907091509e+00  2.294046497344970703e+01
-5.955698505180482272e-01  -1.909534358632020812e+00  2.323327011802209796e+00  -1.984542758329320478e+00  -1.570765586438305661e+00  -3.737179832936054158e+00  2.297189998626708984e+01
-5.947148623957483338e-01  -1.908075241904920283e+00  2.321855911095235925e+00  -1.984608493889670200e+00  -1.570825365495206682e+00  -3.736294413115679003e+00  2.301283788681030273e+01
-5.916498226934354676e-01  -1.902819805483145998e+00  2.316556418652661264e+00  -1.984748014743058064e+00  -1.570901814762695636e+00  -3.733084627854128978e+00  2.305015993118286133e+01
-5.859626082121236479e-01  -1.893087814619208054e+00  2.306710964343160697e+00  -1.984991124693321396e+00  -1.570988305829544629e+00  -3.727099309951616313e+00  2.308975100517272949e+01
-5.778726373009863693e-01  -1.879149133974231667e+00  2.292592677163987958e+00  -1.985268832807799200e+00  -1.571095446729593448e+00  -3.718587385259303879e+00  2.313175392150878906e+01
-5.655431765573863956e-01  -1.857485748650993251e+00  2.270638516380849126e+00  -1.985426195275675099e+00  -1.571055175993131492e+00  -3.705697521477666179e+00  2.317765402793884277e+01
-5.560140381668485787e-01  -1.840319687783718017e+00  2.253274100935048097e+00  -1.985462772236150641e+00  -1.570845045764731829e+00  -3.695776319262266352e+00  2.321081709861755371e+01
-5.429755787868471018e-01  -1.816301394989118023e+00  2.228855259563534474e+00  -1.985508797446112084e+00  -1.570454293202932838e+00  -3.682234143569603990e+00  2.324831199645996094e+01
-5.288930766657724547e-01  -1.789861921133329759e+00  2.201832130982221969e+00  -1.985620578005889314e+00  -1.570056140584845217e+00  -3.667686249654879216e+00  2.328756904602050781e+01
-5.170715521207975840e-01  -1.767334015482366461e+00  2.178709036432646684e+00  -1.985691884913990179e+00  -1.569860128368658181e+00  -3.655497601770154148e+00  2.332357788085937500e+01
-5.048879858468104942e-01  -1.743938661371154275e+00  2.154604437356123725e+00  -1.985657395647052681e+00  -1.569727547787145738e+00  -3.642988859365004384e+00  2.335734105110168457e+01
-4.892963820099982541e-01  -1.713785911872603762e+00  2.123440285382711679e+00  -1.985543106706577632e+00  -1.569589060316371132e+00  -3.627042352055929175e+00  2.339211106300354004e+01
-4.766939755135233270e-01  -1.689207110107103560e+00  2.097999814984927269e+00  -1.985357081734127505e+00  -1.569482076469745913e+00  -3.614150485010354075e+00  2.342867207527160645e+01
-4.640711835025852494e-01  -1.664493103062415713e+00  2.072380941521302589e+00  -1.985104918246002548e+00  -1.569293266086620342e+00  -3.601281806002728736e+00  2.345988893508911133e+01
-4.515492110028223038e-01  -1.639817080736553301e+00  2.046812879970076438e+00  -1.984782164371827307e+00  -1.569116088068420289e+00  -3.588536717537653686e+00  2.349301290512084961e+01
-4.360946716363596209e-01  -1.609112294427478496e+00  2.015054933241627211e+00  -1.984312698205114245e+00  -1.568888556166856851e+00  -3.572887380932328494e+00  2.353180193901062012e+01
-4.209500400124221997e-01  -1.578574920990890362e+00  1.983546265815514076e+00  -1.983809893167326699e+00  -1.568632690982832756e+00  -3.557600414525690979e+00  2.356761503219604492e+01
-4.091115690827225038e-01  -1.554375368079240260e+00  1.958650138003925179e+00  -1.983389163618063833e+00  -1.568440303812946190e+00  -3.545680744506815696e+00  2.360157608985900879e+01
-3.975957572596851008e-01  -1.530575961687878461e+00  1.934227793065900869e+00  -1.982919627774526461e+00  -1.568272383687370208e+00  -3.534110946880541171e+00  2.363770008087158203e+01
-3.838136886772094414e-01  -1.501785465243903772e+00  1.904748923320898513e+00  -1.982285826778126925e+00  -1.568069478884745571e+00  -3.520310857941753913e+00  2.367512798309326172e+01
-3.707942284802099309e-01  -1.474362101127491442e+00  1.876752876867222142e+00  -1.981645656117526855e+00  -1.567910818794133299e+00  -3.507356431941791364e+00  2.371057605743408203e+01
-3.609883580889592380e-01  -1.453539971767454198e+00  1.855564673286583144e+00  -1.981156725000814411e+00  -1.567745549484696355e+00  -3.497610489540766476e+00  2.374719905853271484e+01
-3.495712514150728367e-01  -1.429182945344816602e+00  1.830860810751570256e+00  -1.980572923359414261e+00  -1.567618668986283659e+00  -3.486310474413466309e+00  2.379012989997863770e+01
-3.389234664518472329e-01  -1.406434742879103972e+00  1.807834818424908008e+00  -1.979929736912289684e+00  -1.567580333697421224e+00  -3.475811449963566613e+00  2.382976794242858887e+01
-3.271062222237599570e-01  -1.381025698826266357e+00  1.782196413979219685e+00  -1.979111986459678008e+00  -1.567671765793445360e+00  -3.464196360102079097e+00  2.387159991264343262e+01
-3.179925046083731388e-01  -1.361438030829716261e+00  1.762444051064846917e+00  -1.978438680444990716e+00  -1.567875953690794688e+00  -3.455303084605616970e+00  2.391048502922058105e+01
-3.096109393134476306e-01  -1.343376922914578664e+00  1.744271129444008750e+00  -1.977807969546141464e+00  -1.568127532564307813e+00  -3.447170964238529756e+00  2.395190405845642090e+01
-3.034590555630476416e-01  -1.330075064911491189e+00  1.730893099984896821e+00  -1.977372994344466228e+00  -1.568363451070919012e+00  -3.441225365102979605e+00  2.398928403854370117e+01
-2.951420405751976617e-01  -1.312062260454016638e+00  1.712838928073758815e+00  -1.976777163487991373e+00  -1.568693511968657361e+00  -3.433248582823554607e+00  2.403078889846801758e+01
-2.901763305139475335e-01  -1.301306771063079459e+00  1.702080916211546224e+00  -1.976423175496891282e+00  -1.568850878430417595e+00  -3.428558076588116954e+00  2.406938409805297852e+01
-2.835879151173346102e-01  -1.286981182857417139e+00  1.687778130733433635e+00  -1.975922128905091668e+00  -1.568979412239304594e+00  -3.422346574706992328e+00  2.411548995971679688e+01
-2.786715081368349445e-01  -1.276273438354317058e+00  1.677058925852633386e+00  -1.975521131092603966e+00  -1.569084494107128691e+00  -3.417722269704355220e+00  2.415420603752136230e+01
