tif_tot         time        iter

1.4502719301948	0	1
1.39400495099904	0.0930850505828857	2
1.343282484978	0.185200214385986	3
1.27763598875599	0.282912015914917	4
1.27386676393279	0.333743095397949	5
1.24618438321433	0.429956197738647	6
1.22337424119473	0.495788097381592	7
1.20734602008406	0.548945188522339	8
1.19390157042124	0.599456071853638	9
1.18098135802513	0.646759033203125	10
1.16955475631395	0.693194150924683	11
1.1585405543628	0.739382028579712	12
1.14703350298311	0.785956144332886	13
1.13536739456809	0.835455179214478	14
1.12339220338938	0.881689071655273	15
1.11130222140474	0.932929992675781	16
1.09841760239078	0.975884199142456	17
1.08423423306903	1.02740907669067	18
1.06883205969955	1.08160614967346	19
1.04986031166451	1.12674307823181	20
1.0316349408392	1.17340302467346	21
1.01270270056755	1.22185111045837	22
0.992876091262389	1.27128005027771	23
0.97375404681031	1.31508016586304	24
0.957828416152306	1.34797501564026	25
0.941174331340461	1.38300514221191	26
0.922658804427605	1.42954015731812	27
0.907629501103463	1.46377205848694	28
0.893598615967417	1.50259304046631	29
0.881204806164922	1.53747415542603	30
0.868379052841659	1.57251000404358	31
0.853272957651865	1.61042499542236	32
0.836776893945713	1.64750218391418	33
0.819002228035149	1.68841004371643	34
0.804020253241629	1.72137022018433	35
0.790318006677453	1.75913619995117	36
0.776980620498528	1.80020904541016	37
0.763669998565605	1.83803606033325	38
0.749144687515442	1.88312411308289	39
0.735759779198904	1.91589307785034	40
0.721158255038814	1.95608901977539	41
0.704477480724262	2.00091099739075	42
0.688148350093337	2.04298806190491	43
0.671629829772462	2.08091306686401	44
0.656682693349831	2.11668920516968	45
0.64005742388167	2.14987516403198	46
0.625313855414925	2.18507313728333	47
0.613168578363202	2.21140003204346	48
0.59947852827086	2.25206708908081	49
0.584129741126898	2.29342699050903	50
0.570789900243674	2.33206415176392	51
0.556098139416388	2.36870408058167	52
0.958883922481641	3.24907207489014	53
0.958874332474907	3.31099510192871	54
0.958975202697126	3.34372806549072	55
0.952439348730708	3.3740701675415	56
0.937373347145722	3.41499614715576	57
0.922526902425588	3.45180821418762	58
0.909955687009087	3.48130202293396	59
0.896548348737197	3.51307916641235	60
0.881008054752241	3.55122399330139	61
0.866953838114752	3.5864691734314	62
0.851778154822342	3.63451218605042	63
0.836349155331828	3.67070317268372	64
0.824256273940816	3.70060110092163	65
0.812113464235984	3.73116421699524	66
0.799050485579193	3.75891804695129	67
0.785930892924353	3.79327702522278	68
0.77339807928263	3.82686805725098	69
0.758379937633798	3.86168313026428	70
0.744663302007648	3.89398813247681	71
0.732461220102853	3.92392110824585	72
0.71958727016942	3.95480918884277	73
0.706750338356325	3.98400115966797	74
0.693148652140351	4.01998615264893	75
0.678787265477913	4.05828714370728	76
0.664988259346257	4.08973217010498	77
0.65157146731926	4.11933422088623	78
0.637260904968927	4.15207409858704	79
0.625267829446416	4.1756420135498	80
0.613132830494937	4.21133613586426	81
0.600531631924411	4.24423599243164	82
0.58653280585507	4.26918721199036	83
0.574134606614212	4.30523920059204	84
0.559590453323983	4.34137201309204	85
0.547820370581973	4.37292718887329	86
1.14836616288538	5.24773502349854	87
1.14843198738183	5.29829001426697	88
1.14845362307326	5.32971215248108	89
1.14139813850731	5.37440299987793	90
1.12735265028327	5.42586016654968	91
1.11396029014395	5.4588041305542	92
1.0987125683811	5.49837422370911	93
1.08442344386303	5.53148221969604	94
1.07078806723244	5.56356716156006	95
1.05538377355147	5.60320806503296	96
1.03979079710338	5.64719820022583	97
1.02517407859266	5.678542137146	98
1.01053907950901	5.72183704376221	99
0.997840959961848	5.75526213645935	100
0.985912360190761	5.78812599182129	101
0.97398573945819	5.82258605957031	102
0.962105147736348	5.85218000411987	103
0.948578473382593	5.88609910011292	104
0.937155915541602	5.91572904586792	105
0.924848301765101	5.9419732093811	106
0.91268729002223	5.97423720359802	107
0.900669405195581	6.01030206680298	108
0.88712964863026	6.05407810211182	109
0.872599227963933	6.094722032547	110
0.860474840172886	6.12434506416321	111
0.845603547922195	6.15795421600342	112
0.832362678824389	6.18851900100708	113
0.817006896260581	6.22710299491882	114
0.801163920932931	6.26377606391907	115
0.787108284279997	6.29914522171021	116
0.771877232969914	6.33667516708374	117
0.757540863112756	6.37265110015869	118
0.741913382596679	6.41311502456665	119
0.725829519994034	6.44566917419434	120
0.712788659071846	6.47423601150513	121
0.701027145858185	6.49997615814209	122
0.688043223451406	6.53815817832947	123
0.675073432514763	6.5729341506958	124
0.662158720352185	6.60359621047974	125
0.646419956128225	6.6403341293335	126
0.631634532131153	6.67510008811951	127
0.618020500274434	6.70379614830017	128
0.603248760626051	6.74467420578003	129
0.587132862110907	6.78608012199402	130
0.572524750464839	6.82004404067993	131
0.556514311274817	6.85920000076294	132
0.542072304748931	6.89497208595276	133
1.20902894712041	7.76838612556458	134
1.20904969639408	7.81706309318542	135
1.2090109632567	7.85719799995422	136
1.2039864770537	7.89126205444336	137
1.19179972274842	7.93374109268188	138
1.17929590497623	7.96652412414551	139
1.16771237344952	8.00505018234253	140
1.15394096888619	8.04349899291992	141
1.13975949420842	8.07702708244324	142
1.12271729769786	8.12126207351685	143
1.1075561054622	8.15463900566101	144
1.09392376718869	8.18818807601929	145
1.08004886890105	8.22579121589661	146
1.06581338880286	8.26958513259888	147
1.05185495948608	8.30303001403809	148
1.0378282471737	8.34126901626587	149
1.02370132930603	8.38276314735413	150
1.010428018131	8.41370916366577	151
0.999004762419583	8.4433901309967	152
0.98671211729884	8.47367215156555	153
0.974214292861115	8.50883316993713	154
0.963082051813403	8.53296518325806	155
0.951110910299235	8.57171010971069	156
0.938842450769777	8.60694909095764	157
0.927216407336748	8.63974213600159	158
0.914575073936154	8.67061114311218	159
0.902039650683203	8.70513916015625	160
0.890350026286097	8.7312490940094	161
0.877028070765087	8.76703310012817	162
0.862297134638133	8.8070650100708	163
0.848452372636599	8.8408100605011	164
0.832060219640884	8.88198804855347	165
0.814574872284004	8.92081713676453	166
0.798467446056277	8.95588612556458	167
0.783313607830364	8.98894619941711	168
0.769427399117132	9.01947903633118	169
0.754679098699021	9.05537700653076	170
0.740928218556121	9.09315800666809	171
0.725519873823138	9.1256730556488	172
0.711027451875283	9.15975022315979	173
0.697117536131645	9.18974018096924	174
0.685310961658398	9.21781015396118	175
0.670016093048826	9.25571417808533	176
0.654020638586178	9.29627013206482	177
0.637557990953812	9.33320021629333	178
0.624783217479868	9.36253809928894	179
0.609456328465579	9.41263198852539	180
0.593266249136678	9.45224404335022	181
0.576863187002627	9.48307108879089	182
0.561551694060687	9.52198314666748	183
0.546037885010523	9.55688118934631	184
1.10697637807976	10.4264740943909	185
1.10698633411751	10.5239691734314	186
1.10101402623917	10.5531401634216	187
1.08368400232313	10.6033980846405	188
1.06421416822666	10.6459500789642	189
1.04719994056042	10.6874370574951	190
1.03319725036231	10.7180211544037	191
1.02002083517819	10.7552871704102	192
1.00701373470488	10.7878332138062	193
0.991560606985348	10.8319540023804	194
0.97534871427443	10.8839890956879	195
0.960869452689469	10.924134016037	196
0.948235728952651	10.95609998703	197
0.934681465234847	10.9889340400696	198
0.921960679037356	11.0209209918976	199
0.909691231352498	11.0537149906158	200
0.896758683872103	11.0852642059326	201
0.885462744138138	11.115109205246	202
0.871601499574765	11.1505060195923	203
0.855950524691983	11.190927028656	204
0.840537754788609	11.224415063858	205
0.825760496046275	11.2543971538544	206
0.811081816106944	11.2863562107086	207
0.798374738814769	11.3115270137787	208
0.784225740633959	11.3526861667633	209
0.770877551094299	11.387050151825	210
0.756056659415706	11.4214110374451	211
0.741955871005481	11.4555721282959	212
0.729307224010186	11.4842920303345	213
0.714759906990344	11.5180840492249	214
0.700162907394076	11.5489501953125	215
0.684925655641923	11.5944101810455	216
0.668999213227056	11.6296720504761	217
0.653254376655901	11.672128200531	218
0.633179802154523	11.7306611537933	219
0.61546721542441	11.7636351585388	220
0.597495909038134	11.8018791675568	221
0.581751932027633	11.8426852226257	222
0.566579924473503	11.8749310970306	223
0.553193444825944	11.9106900691986	224
0.538193165312824	11.9466621875763	225
0.977818555197343	12.8075711727142	226
0.978718379301113	12.8674941062927	227
0.97859369440179	12.8990771770477	228
0.971338141623331	12.9353091716766	229
0.957610583843698	12.9783232212067	230
0.941918225187487	13.0178680419922	231
0.92762191735394	13.0508110523224	232
0.912856039211187	13.0897409915924	233
0.895184754430328	13.1340601444244	234
0.879085755554473	13.1780650615692	235
0.863720606893462	13.2166941165924	236
0.84864116876866	13.2582042217255	237
0.834764930797896	13.2886412143707	238
0.821237960361264	13.3224101066589	239
0.806736535681167	13.3608531951904	240
0.792907507616402	13.395781993866	241
0.777657562783134	13.4296932220459	242
0.763365548057071	13.463837146759	243
0.751373172491489	13.4918670654297	244
0.736411858392539	13.5272371768951	245
0.720645540336742	13.567241191864	246
0.704764577543095	13.611013174057	247
0.690713489143785	13.6466431617737	248
0.676909891839261	13.6864821910858	249
0.665007942764555	13.7142910957336	250
0.650631777766835	13.7532391548157	251
0.636581728734987	13.7822561264038	252
0.622435980697945	13.8142931461334	253
0.609537135082844	13.8505840301514	254
0.59569338373952	13.886990070343	255
0.580782864244843	13.9275500774384	256
0.567068573539564	13.9626750946045	257
0.55185653540528	14.0021860599518	258
1.14079674189676	14.8834140300751	259
1.14057366563876	14.9370632171631	260
1.14067498009497	14.9720392227173	261
1.13657298962275	15.0047881603241	262
1.12426315720678	15.0516560077667	263
1.11003770864701	15.0894200801849	264
1.09431165661041	15.1251981258392	265
1.08268508337505	15.1555922031403	266
1.07004140268765	15.1867470741272	267
1.05655121598633	15.2207810878754	268
1.04158001594567	15.255184173584	269
1.02781935477966	15.2872350215912	270
1.01409027162254	15.3257141113281	271
1.00289172510181	15.3563740253448	272
0.990127549418888	15.3919022083282	273
0.978033087491466	15.4213800430298	274
0.96605674482542	15.455708026886	275
0.953852181506173	15.4890282154083	276
0.94099707262166	15.5209951400757	277
0.928864793763852	15.5547962188721	278
0.91660452575837	15.5855350494385	279
0.903273032554558	15.6298761367798	280
0.89093454932967	15.6594190597534	281
0.87794157946426	15.699716091156	282
0.865268213893742	15.7385301589966	283
0.852629559293246	15.7678580284119	284
0.839208932386883	15.8019080162048	285
0.825473365208684	15.8301930427551	286
0.811259192605161	15.8651721477509	287
0.797093281428236	15.8983180522919	288
0.78221195846045	15.9339151382446	289
0.769294274122611	15.9722020626068	290
0.75507546738981	16.0111010074615	291
0.740749016433215	16.0434482097626	292
0.726884408743173	16.0724620819092	293
0.714485317597703	16.0999550819397	294
0.700065086044519	16.1387770175934	295
0.686636042487554	16.170273065567	296
0.67179867361137	16.2071750164032	297
0.655802006598646	16.2454609870911	298
0.640781523031101	16.2792220115662	299
0.625947645121775	16.3101260662079	300
0.613242672249239	16.3403551578522	301
0.595141905229784	16.40434217453	302
0.577180315726479	16.4404242038727	303
0.559259136494218	16.4792749881744	304
0.544001235161861	16.5150671005249	305
1.2016711510446	17.3991940021515	306
1.20139284946669	17.4547951221466	307
1.20150860561353	17.4856901168823	308
1.19494866849121	17.5262911319733	309
1.18435252078158	17.5597591400146	310
1.17072152675781	17.5970711708069	311
1.15974920196255	17.6300802230835	312
1.14623756495949	17.6619100570679	313
1.13349162903677	17.6948070526123	314
1.12005913978154	17.725753068924	315
1.10770172400464	17.7566320896149	316
1.09356115097431	17.794685125351	317
1.0787732502722	17.8353052139282	318
1.06415886523549	17.8719830513	319
1.05119485742384	17.9067590236664	320
1.03807553817614	17.9441502094269	321
1.02591574593282	17.9815111160278	322
1.01381092471432	18.0103631019592	323
1.00021896126916	18.0471651554108	324
0.987103252247183	18.0799760818481	325
0.974307157831163	18.1114780902863	326
0.963459936091421	18.1401271820068	327
0.950662627933423	18.1792831420898	328
0.936352502732442	18.2168350219727	329
0.923350846709551	18.2477521896362	330
0.91025041092227	18.2796421051025	331
0.897750161613988	18.3165040016174	332
0.885298386211468	18.3428521156311	333
0.872408814159484	18.3853290081024	334
0.857957620166206	18.4232242107391	335
0.843728059563925	18.4589321613312	336
0.827789076314105	18.4978530406952	337
0.811261981249637	18.5378251075745	338
0.796434358358497	18.5715820789337	339
0.776891570084186	18.6327340602875	340
0.759680344665341	18.6712610721588	341
0.74454712774224	18.7128021717072	342
0.730974872342036	18.746621131897	343
0.717499788667779	18.7816050052643	344
0.70358382542813	18.8270401954651	345
0.686203977572147	18.8726861476898	346
0.670035308065796	18.9067552089691	347
0.653049194234843	18.9470551013947	348
0.636232366648242	18.9837651252747	349
0.619142647126196	19.028872013092	350
0.603141358861469	19.0625472068787	351
0.587676579510788	19.1067152023315	352
0.571360830345123	19.1511220932007	353
0.556214870543507	19.1907930374146	354
1.22606445129742	20.0779960155487	355
1.22631828161307	20.1296880245209	356
1.22601124649694	20.1685740947723	357
1.21986708798812	20.2028481960297	358
1.20790749179732	20.2440180778503	359
1.19478841001165	20.2800810337067	360
1.18382226332124	20.3094310760498	361
1.17129526321736	20.353217124939	362
1.15745459242712	20.393128156662	363
1.14366743622977	20.4217901229858	364
1.12866896019382	20.4594922065735	365
1.11367195404535	20.4983751773834	366
1.0974442241509	20.5477070808411	367
1.08220345608363	20.5850110054016	368
1.06912925498859	20.6189610958099	369
1.0518054777265	20.6796061992645	370
1.0368709129754	20.7134561538696	371
1.02326794579428	20.7468252182007	372
1.00902511289911	20.7817170619965	373
0.995407697077292	20.8192222118378	374
0.981201069609568	20.8572800159454	375
0.967958925298695	20.8898541927338	376
0.956070825375613	20.9198360443115	377
0.943494597581189	20.9576652050018	378
0.929841714996499	20.9980361461639	379
0.917041654255692	21.0287430286407	380
0.903986650064493	21.0645091533661	381
0.890626854839114	21.0992591381073	382
0.87596126810728	21.1354870796204	383
0.864278791499249	21.1624472141266	384
0.852110838771737	21.198536157608	385
0.840626210938663	21.2354001998901	386
0.823457150584221	21.2933361530304	387
0.806021858804118	21.3271560668945	388
0.788429128738859	21.364725112915	389
0.77325113078386	21.4011390209198	390
0.758589374364675	21.4345440864563	391
0.744690771874017	21.4665930271149	392
0.731537670253139	21.4974710941315	393
0.719020725316157	21.5257711410522	394
0.706968635627893	21.5631971359253	395
0.693806652806378	21.6042790412903	396
0.678685604558995	21.6395750045776	397
0.662318617675706	21.6809680461884	398
0.645849807672676	21.7169899940491	399
0.629950689547299	21.7519471645355	400
0.61218913672377	21.8030869960785	401
0.596409123620044	21.8418321609497	402
0.58103543341798	21.8809649944305	403
0.564483443723687	21.9305651187897	404
0.548171708622448	21.9775331020355	405
1.13815021069084	22.8452670574188	406
1.13843044775528	22.8949701786041	407
1.13841132917978	22.9369080066681	408
1.13273003977464	22.9690411090851	409
1.1211282963975	23.0125930309296	410
1.10645252633507	23.049408197403	411
1.09115847867619	23.0855920314789	412
1.07895762862022	23.1155831813812	413
1.06631672283732	23.1478011608124	414
1.05096278273182	23.1867442131042	415
1.03539316167765	23.2269270420074	416
1.02059380462747	23.2695000171661	417
1.00499471462891	23.3120341300964	418
0.990528514147709	23.3503310680389	419
0.97785850229864	23.385390996933	420
0.964298762251069	23.4226040840149	421
0.95104927006209	23.4552981853485	422
0.93845266354052	23.4893062114716	423
0.926164752219972	23.5217230319977	424
0.914108163063076	23.5520651340485	425
0.901823342620038	23.5868771076202	426
0.890770790863214	23.614265203476	427
0.878571759997285	23.6505980491638	428
0.866039593373018	23.6889650821686	429
0.853654485526754	23.7238430976868	430
0.840908425897952	23.7540900707245	431
0.825584390740692	23.7888081073761	432
0.812439228941187	23.8219521045685	433
0.799440612670974	23.851466178894	434
0.785346681980301	23.8887150287628	435
0.770881471011904	23.9272789955139	436
0.755489281230144	23.9671912193298	437
0.741328641948333	24.003219127655	438
0.727742087490633	24.0354549884796	439
0.712025170134955	24.0735290050507	440
0.697901813641844	24.1038529872894	441
0.681483292420905	24.1540870666504	442
0.665147053412831	24.1924841403961	443
0.647870149353963	24.2300992012024	444
0.632313933218973	24.2679522037506	445
0.61801556038826	24.295312166214	446
0.603382385370472	24.3308742046356	447
0.589826013627539	24.3622450828552	448
0.577025899163825	24.3901751041412	449
0.563080448938173	24.4337570667267	450
0.54802623734918	24.480348110199	451
1.08997104292916	25.347775220871	452
1.09035055000167	25.3986270427704	453
1.09018515613273	25.437075138092	454
1.08456849043063	25.4704911708832	455
1.0724809992929	25.5162630081177	456
1.05808368800019	25.5551121234894	457
1.04115430361466	25.5988430976868	458
1.02265296335434	25.6450490951538	459
1.00554288395725	25.6849060058594	460
0.991174912454171	25.7176411151886	461
0.975083672513554	25.7701780796051	462
0.959730337095267	25.8100740909576	463
0.945590519051064	25.8470840454102	464
0.93338868136159	25.8821392059326	465
0.921798819327997	25.9134471416473	466
0.909942908135583	25.9474170207977	467
0.896571628379427	25.9829390048981	468
0.883687704892785	26.0170211791992	469
0.869589264505042	26.054169178009	470
0.855525949681372	26.0898520946503	471
0.841727146679255	26.1220321655273	472
0.825872520440637	26.1570160388947	473
0.811545080084174	26.1917221546173	474
0.796369119087793	26.2290930747986	475
0.781818073095871	26.2688221931458	476
0.76818505446083	26.3034720420837	477
0.754651899663502	26.3395190238953	478
0.738863211945446	26.3782720565796	479
0.720407002197346	26.4205181598663	480
0.704649320784197	26.4590561389923	481
0.688882658088323	26.4922962188721	482
0.674201468569632	26.5271880626678	483
0.657904820652339	26.5653471946716	484
0.641028231252379	26.6084320545197	485
0.626669737131638	26.6451241970062	486
0.613029674235982	26.6708390712738	487
0.598929577055317	26.709281206131	488
0.585175534627189	26.7469160556793	489
0.568615721567829	26.7899670600891	490
0.552188732170774	26.8332920074463	491
1.16388387782239	27.7033720016479	492
1.16429798685959	27.7597241401672	493
1.16430519837835	27.7937099933624	494
1.15894637296993	27.8302850723267	495
1.14748156108005	27.8717150688171	496
1.13345949367037	27.9143960475922	497
1.11984767602139	27.9479141235352	498
1.10312991118303	27.9892580509186	499
1.08793524173331	28.0272030830383	500
1.07211512540013	28.0624060630798	501
1.0552894093784	28.1099700927734	502
1.0390540121758	28.1549980640411	503
1.02099455947706	28.2082211971283	504
1.00530119794139	28.2513291835785	505
0.989313749999354	28.2991211414337	506
0.973972376526133	28.3323941230774	507
0.960340406179201	28.3644640445709	508
0.945741304609394	28.4061651229858	509
0.932018868766785	28.4406430721283	510
0.918399359961171	28.4749970436096	511
0.905334831310939	28.5070412158966	512
0.89271461121127	28.5331251621246	513
0.879690614323876	28.574725151062	514
0.866344867571131	28.6174550056458	515
0.851663418367287	28.6538631916046	516
0.836997396621987	28.6854040622711	517
0.822532759901003	28.7221841812134	518
0.80670322587584	28.7587871551514	519
0.792309794640732	28.7886140346527	520
0.778882209241993	28.8262560367584	521
0.764356389943386	28.8659431934357	522
0.747375244828561	28.9087760448456	523
0.732079969136277	28.9446110725403	524
0.715876339995453	28.9852781295776	525
0.698695863836802	29.0218122005463	526
0.68213058874466	29.0646560192108	527
0.664946066175968	29.1015532016754	528
0.649697064581583	29.1385071277618	529
0.633032253194553	29.1756319999695	530
0.616608637395	29.2151460647583	531
0.600423327729668	29.253790140152	532
0.585789664785461	29.292268037796	533
0.57446904777059	29.323310136795	534
0.560979843899701	29.370334148407	535
0.546318782762619	29.4160521030426	536
