  a1     a2    a3    a4   a5    a6   t1
1.487500000000000107e-02  -7.374999999999999611e-03  -7.499999999999999722e-03  0.000000000000000000e+00  2.262499999999999928e-02  0.000000000000000000e+00  0.000000000000000000e+00
-7.500000000000002325e-03  2.224999999999999895e-02  2.199999999999999872e-02  6.012499999999999789e-02  -1.487500000000000107e-02  0.000000000000000000e+00  9.168386459350585938e-02
-3.072125000000000217e+00  -1.837500000000000577e+00  -1.845624999999999183e+00  -2.598374999999999879e+00  -6.226375000000002657e+00  2.696250000000000036e-01  1.770660877227783203e-01
-4.996250000000035385e-01  -2.389874999999999527e+00  1.148625000000000229e+00  -3.077499999999989688e-01  -4.137499999999905143e-01  -8.725000000000009137e-02  2.385680675506591797e-01
2.201874999999998916e+00  -1.107875000000001275e+00  3.220874999999999932e+00  -2.612499999999837175e-02  3.870125000000002036e+00  9.543750000000003064e-01  3.189399242401123047e-01
2.135124999999999940e+00  -5.324999999999981970e-01  1.900499999999999412e+00  1.523499999999996968e+00  -9.761249999999995763e-01  1.118624999999999758e+00  3.694500923156738281e-01
2.012625000000000330e+00  -2.581249999999979394e-01  8.652500000000048486e-01  2.786000000000000032e+00  -3.858250000000000401e+00  7.648750000000016369e-01  4.113819599151611328e-01
1.408500000000000085e+00  -4.410000000000038889e-01  7.729999999999959126e-01  2.057624999999998483e+00  -3.045125000000002746e+00  3.602499999999994595e-01  4.774050712585449219e-01
1.891624999999993895e+00  -5.016249999999985443e-01  8.758750000000050662e-01  1.447375000000000744e+00  -8.731250000000023714e-01  1.894999999999986973e-01  5.459609031677246094e-01
-2.873749999999994365e-01  -1.943749999999966338e-01  5.096249999999996616e-01  1.016500000000003512e+00  4.524999999999668177e-02  8.250000000001311840e-03  5.993080139160156250e-01
-9.844999999999992646e-01  2.281249999999956923e-01  1.538749999999977636e-01  6.465000000000011848e-01  3.787499999999277556e-02  -9.037500000000017741e-02  6.402668952941894531e-01
3.172499999999980891e-01  2.863749999999984364e-01  3.750000000003750333e-03  6.032500000000065032e-01  3.318749999999953681e-01  -7.287500000000002309e-02  6.960399150848388672e-01
9.762499999999979527e-01  2.722499999999947184e-01  6.624999999996217248e-03  5.385000000000041975e-01  8.023750000000079430e-01  -8.787499999999767719e-02  7.443900108337402344e-01
1.078124999999999112e+00  4.004999999999980798e-01  -7.512500000000227329e-02  4.219999999999987650e-01  1.118500000000008265e+00  -9.387500000000020828e-02  7.838940620422363281e-01
9.207499999999979590e-01  3.482500000000013363e-01  -1.702500000000037317e-01  1.988750000000011342e-01  1.290499999999999980e+00  -8.062500000000083489e-02  8.295710086822509766e-01
5.674999999999985612e-01  5.686250000000031557e-01  -4.879999999999953819e-01  -1.418749999999996403e-01  1.385625000000001439e+00  -1.486249999999994520e-01  8.758120536804199219e-01
2.790000000000014690e-01  7.636250000000038840e-01  -4.764999999999977587e-01  -1.286250000000002669e-01  1.393749999999999156e+00  -1.887499999999979472e-01  9.255869388580322266e-01
9.250000000002311928e-03  6.387500000000003730e-01  -6.512499999999989964e-01  -3.726250000000014273e-01  1.432875000000000121e+00  -2.126249999999975382e-01  9.664149284362792969e-01
1.299999999999912337e-02  6.881249999999977662e-01  -7.311250000000060201e-01  -4.553750000000009179e-01  1.402875000000001204e+00  -1.827499999999988856e-01  1.007659912109375000e+00
-1.174999999999093436e-02  8.267500000000010951e-01  -6.666249999999970255e-01  -5.697499999999938725e-01  1.404249999999999110e+00  -2.253749999999998810e-01  1.045984983444213867e+00
-6.099999999999161648e-02  7.713750000000012541e-01  -8.043749999999960654e-01  -5.968750000000035971e-01  1.302750000000000075e+00  -2.357499999999998486e-01  1.083371877670288086e+00
7.662499999999683453e-02  8.401250000000005658e-01  -8.838750000000061835e-01  -7.580000000000016724e-01  1.251625000000000210e+00  -2.850000000000005307e-01  1.126435995101928711e+00
5.075000000000218225e-02  8.964999999999979652e-01  -9.097500000000008358e-01  -7.683750000000016955e-01  1.315999999999999837e+00  -2.040000000000027902e-01  1.173667907714843750e+00
-8.999999999995123012e-03  1.023625000000000229e+00  -1.032124999999998405e+00  -9.551250000000011120e-01  1.420249999999999568e+00  -2.641250000000004428e-01  1.211005926132202148e+00
7.172500000000026077e-01  1.028124999999999512e+00  -1.104499999999997817e+00  -1.052124999999997534e+00  1.528750000000000497e+00  -2.411250000000000060e-01  1.247828960418701172e+00
1.136374999999995028e+00  1.258999999999999675e+00  -1.200124999999999886e+00  -1.195125000000001769e+00  1.457250000000000156e+00  -2.702499999999996572e-01  1.288775920867919922e+00
9.998749999999972937e-01  1.252499999999999947e+00  -1.262374999999999581e+00  -1.288375000000001380e+00  1.265374999999999028e+00  -2.607499999999988161e-01  1.327672004699707031e+00
7.066249999999885123e-01  1.154250000000000664e+00  -1.305874999999999675e+00  -1.298874999999999558e+00  1.000500000000001277e+00  -2.686249999999997806e-01  1.366957902908325195e+00
6.132499999999957430e-01  1.133000000000000229e+00  -1.155624999999999902e+00  -1.157874999999999988e+00  9.702499999999988356e-01  -2.216249999999996001e-01  1.410113096237182617e+00
7.646249999999910063e-01  1.145125000000000393e+00  -1.212874999999999481e+00  -1.223375000000000101e+00  1.165874999999996664e+00  -1.642499999999994520e-01  1.453684091567993164e+00
3.163750000000076223e-01  8.658749999999986180e-01  -9.903749999999998943e-01  -9.111249999999987415e-01  1.094749999999998558e+00  -1.663749999999998563e-01  1.502115964889526367e+00
-1.968749999999991340e-01  5.740000000000016200e-01  -7.199999999999984190e-01  -7.119999999999990781e-01  8.190000000000002833e-01  -1.358750000000005786e-01  1.542519092559814453e+00
-4.717500000000068860e-01  5.116249999999982201e-01  -6.261250000000017080e-01  -6.442500000000024318e-01  6.522499999999999964e-01  -1.694999999999995122e-01  1.578845977783203125e+00
-8.212499999999955946e-01  4.005000000000050187e-01  -5.075000000000009504e-01  -4.650000000000001354e-01  4.037500000000013300e-01  -1.520000000000002183e-01  1.619332075119018555e+00
-9.598749999999989235e-01  3.577500000000038982e-01  -4.693750000000010414e-01  -4.889999999999998237e-01  1.373750000000090177e-01  -1.282499999999998919e-01  1.663716077804565430e+00
-1.072000000000003395e+00  2.791250000000050635e-01  -2.697499999999991571e-01  -2.908749999999994396e-01  -1.351249999999998286e-01  -3.287499999999991818e-02  1.704444885253906250e+00
-1.270750000000000934e+00  1.636250000000005755e-01  -2.357499999999998486e-01  -2.981249999999997513e-01  -3.522499999999983977e-01  -6.087500000000016509e-02  1.741472005844116211e+00
-1.329749999999990662e+00  -4.025000000000555911e-02  -7.125000000000186740e-02  -9.887499999999826983e-02  -6.367499999999983729e-01  -1.952499999999996738e-01  1.776890993118286133e+00
-1.259875000000000522e+00  -2.348749999999955040e-01  1.112500000000002376e-01  8.224999999999899059e-02  -8.427499999999962244e-01  1.338750000000001050e-01  1.814491987228393555e+00
-1.198375000000001522e+00  -3.593750000000020539e-01  2.459999999999996911e-01  1.826249999999987605e-01  -1.025375000000001924e+00  2.007499999999999563e-01  1.852500915527343750e+00
-1.311124999999996321e+00  -4.937500000000011324e-01  3.506250000000002420e-01  2.753750000000013132e-01  -1.114249999999997076e+00  2.011249999999999150e-01  1.885251045227050781e+00
-1.088874999999996041e+00  -4.760000000000007003e-01  3.476250000000006835e-01  2.783750000000008162e-01  -9.996250000000039826e-01  4.966250000000000941e-01  1.937524080276489258e+00
-9.874999999999952704e-01  -4.956249999999995381e-01  4.264999999999997682e-01  2.669999999999998486e-01  -9.083749999999959357e-01  2.475000000000003239e-02  1.974030017852783203e+00
-1.500000000001500133e-03  -7.187499999999902300e-02  7.974999999999995981e-02  8.375000000000049072e-02  -2.637500000000209122e-02  -9.462499999999998690e-02  2.014971017837524414e+00
6.250000000000015959e-03  2.503750000000000142e-01  -7.212499999999999467e-02  4.098749999999999893e-01  -4.492499999999999827e-01  -5.031249999999999334e-01  2.831541061401367188e+00
1.525000000000000487e-02  3.036250000000000338e-01  -2.062500000000000097e-02  3.704999999999999960e-01  2.213749999999999885e-01  -1.694999999999999840e-01  2.884975910186767578e+00
1.398749999999999993e-01  6.712499999999999023e-02  2.316249999999999698e-01  2.512500000000000289e-01  1.415000000000000147e-01  4.842499999999999583e-01  2.913655996322631836e+00
1.106750000000000123e+00  -1.195874999999999799e+00  1.516874999999999973e+00  -2.068749999999999201e-01  -5.043750000000000178e-01  1.566749999999999865e+00  2.944041013717651367e+00
1.417000000000000703e+00  -1.702749999999999320e+00  1.950624999999999165e+00  -6.658749999999997726e-01  -6.375000000000005662e-03  1.355750000000000233e+00  2.977056026458740234e+00
1.322000000000000286e+00  -1.719124999999998460e+00  1.894124999999999837e+00  -5.432499999999998996e-01  4.771250000000000213e-01  1.345874999999999710e+00  3.009651899337768555e+00
1.179249999999999687e+00  -1.336500000000000909e+00  1.749375000000000790e+00  -1.843749999999996503e-01  -4.517499999999999849e-01  1.115875000000002171e+00  3.058148860931396484e+00
8.396250000000000657e-01  -1.191249999999997922e+00  1.503249999999997533e+00  -8.162500000000010025e-02  -5.997500000000000053e-01  8.741249999999999298e-01  3.097110033035278320e+00
7.733749999999997016e-01  -1.002500000000003277e+00  1.432124999999999426e+00  -2.787500000000012190e-02  3.800000000000000044e-01  7.316249999999996367e-01  3.121845960617065430e+00
6.063750000000027729e-01  -8.752500000000009717e-01  1.221125000000003347e+00  -1.193750000000005501e-01  1.889999999999999736e-01  6.032499999999996199e-01  3.147367954254150391e+00
4.427499999999987002e-01  -6.595000000000003082e-01  1.003624999999993994e+00  -6.212500000000054784e-02  5.212499999999999911e-01  4.388750000000052331e-01  3.174797058105468750e+00
2.653749999999982512e-01  -4.699999999999981970e-01  7.033749999999990843e-01  -1.037499999999996758e-01  -4.421249999999999902e-01  2.297500000000007869e-01  3.208910942077636719e+00
1.680000000000014815e-01  -3.090000000000037161e-01  4.411250000000005445e-01  -9.187499999999994282e-02  -6.500000000000000222e-02  1.299999999999981726e-01  3.243891954421997070e+00
1.232499999999983609e-01  -1.627500000000031699e-01  1.888749999999980722e-01  3.625000000000155875e-03  4.099999999999999756e-01  8.974999999999955236e-02  3.273408889770507812e+00
-1.088750000000013318e-01  -3.362499999999546407e-02  -8.925000000000599121e-02  -3.837500000000021450e-02  1.365000000000000102e-01  -5.175000000000318234e-02  3.304821014404296875e+00
-1.481250000000058908e-01  8.837500000000164668e-02  -1.119999999999940488e-01  -7.799999999999994438e-02  -4.539999999999999591e-01  -1.639999999999974811e-01  3.334860086441040039e+00
-1.988750000000011342e-01  1.894999999999952278e-01  -3.628749999999986153e-01  -5.862499999999964961e-02  -2.662499999999999867e-01  -2.588749999999986895e-01  3.368808031082153320e+00
-1.812500000000008549e-01  2.577500000000010338e-01  -3.487500000000018363e-01  9.787499999999986489e-02  4.046250000000000124e-01  -2.766250000000025633e-01  3.404721021652221680e+00
-3.088750000000001217e-01  3.621250000000048042e-01  -5.396249999999949143e-01  -3.074999999999952771e-02  -2.311250000000000249e-01  -3.567500000000028981e-01  3.436142921447753906e+00
-3.256249999999994982e-01  3.707499999999960827e-01  -5.666249999999941611e-01  1.874999999999966971e-02  5.651249999999999885e-01  -3.389999999999990243e-01  3.471570014953613281e+00
-3.824999999999973976e-01  6.022499999999986198e-01  -7.087500000000009903e-01  6.325000000000080558e-02  -4.322500000000000231e-01  -4.319999999999983298e-01  3.503336906433105469e+00
-4.882499999999990736e-01  5.731250000000006617e-01  -7.565000000000001723e-01  9.812500000000011491e-02  2.202500000000000013e-01  -4.618750000000004796e-01  3.533355951309204102e+00
-1.014250000000001206e+00  1.395000000000000462e+00  -1.668250000000003119e+00  2.611250000000000515e-01  3.154999999999999472e-01  -1.045625000000001359e+00  3.567916870117187500e+00
-4.541249999999996678e-01  6.180000000000004379e-01  -7.797500000000026077e-01  2.048750000000001958e-01  -3.473750000000000449e-01  -4.720000000000001972e-01  3.606150865554809570e+00
-4.019999999999995799e-01  5.977500000000010028e-01  -8.550000000000015365e-01  5.475000000000011108e-02  -2.172499999999999987e-01  -4.511250000000001092e-01  3.636439085006713867e+00
-4.022499999999998299e-01  5.318749999999976552e-01  -7.242500000000026139e-01  7.762499999999956934e-02  4.388750000000000151e-01  -4.404999999999998916e-01  3.664998054504394531e+00
-3.994999999999970797e-01  5.070000000000004503e-01  -7.651250000000019424e-01  8.262500000000022604e-02  -4.074999999999998762e-02  -4.428749999999987974e-01  3.700615882873535156e+00
5.749999999999990362e-03  -3.274999999999999439e-02  2.250000000000000264e-03  5.463749999999999440e-01  -1.666249999999999953e-01  5.646250000000000435e-01  4.518148899078369141e+00
1.912499999999999617e-02  2.262500000000000622e-02  2.200000000000000566e-02  -2.878749999999999920e-01  9.624999999999998834e-02  4.687500000000000000e-01  4.560229063034057617e+00
-9.249999999999994338e-03  -6.625000000000011956e-03  -5.550000000000000766e-02  2.173749999999999849e-01  4.982499999999999707e-01  -2.093749999999999778e-01  4.589075088500976562e+00
-6.052499999999998437e-01  1.259999999999999787e+00  -1.629124999999999934e+00  2.013750000000000540e-01  2.989999999999999880e-01  -2.491250000000002074e-01  4.620110988616943359e+00
-1.005874999999999853e+00  1.907499999999999529e+00  -2.583125000000000338e+00  6.700000000000021216e-02  -3.079999999999999405e-01  -1.315749999999999975e+00  4.650276899337768555e+00
-1.129875000000000629e+00  2.012500000000000178e+00  -2.712749999999999773e+00  8.459999999999995302e-01  -5.362500000000000044e-01  -1.042000000000001148e+00  4.690823078155517578e+00
-9.782499999999999529e-01  1.879624999999999213e+00  -2.531749999999999279e+00  5.376249999999999085e-01  -2.625000000000023148e-03  -9.294999999999979945e-01  4.729690074920654297e+00
-8.552500000000018421e-01  1.709124999999998895e+00  -2.320000000000002505e+00  5.513749999999997264e-01  -5.166249999999998899e-01  -8.592499999999988480e-01  4.762809038162231445e+00
-6.546250000000024549e-01  1.394624999999996451e+00  -2.076374999999998305e+00  4.152499999999989533e-01  -1.432500000000000440e-01  -5.858749999999995905e-01  4.799424886703491211e+00
-6.026249999999989670e-01  1.387124999999995945e+00  -1.886125000000002272e+00  3.557500000000001772e-01  3.746250000000000413e-01  -5.434999999999988729e-01  4.828665971755981445e+00
-4.566249999999986708e-01  1.063999999999995394e+00  -1.690374999999993966e+00  2.249999999999995060e-01  1.172499999999999515e-01  -3.973750000000018656e-01  4.859960079193115234e+00
-3.323749999999993099e-01  9.717499999999934523e-01  -1.454250000000004039e+00  2.078749999999997267e-01  -4.258750000000000036e-01  -3.464999999999995861e-01  4.895977020263671875e+00
-3.045000000000026574e-01  7.985000000000005427e-01  -1.209749999999995440e+00  2.153750000000002884e-01  -6.999999999999844888e-03  -2.227499999999972558e-01  4.927016973495483398e+00
-2.053750000000006959e-01  6.991250000000087672e-01  -1.043249999999995570e+00  1.128750000000018627e-01  -6.071249999999999147e-01  -2.147499999999996634e-01  4.956001043319702148e+00
-1.705000000000039817e-01  4.957500000000031326e-01  -6.587499999999996136e-01  1.087500000000012068e-01  -3.922499999999999876e-01  -1.206250000000026745e-01  4.987334966659545898e+00
-1.013750000000007701e-01  3.962500000000007683e-01  -3.623749999999981153e-01  1.012500000000006450e-01  5.507499999999999618e-01  -1.073749999999998317e-01  5.014609098434448242e+00
2.049999999999968514e-02  1.157499999999977991e-01  -1.410000000000022347e-01  9.862500000000148925e-02  -1.146250000000000047e-01  -3.037500000000262212e-02  5.050472974777221680e+00
7.937499999999958478e-02  1.361250000000008287e-01  5.299999999999749356e-02  1.352499999999999536e-01  -7.937499999999995948e-02  8.499999999998092415e-03  5.088881969451904297e+00
4.100000000000630918e-02  6.237499999998952216e-02  -1.929999999999987281e-01  -9.299999999999933320e-02  -5.959999999999999742e-01  6.037500000000139977e-02  5.119616031646728516e+00
8.350000000000024070e-02  1.393749999999971401e-01  1.562499999999134026e-02  -1.087500000000046763e-02  1.351249999999999396e-01  1.197499999999983300e-01  5.149456024169921875e+00
1.913750000000005724e-01  -6.437499999999152234e-02  2.622500000000055342e-01  8.687500000000014655e-02  -4.767500000000000071e-01  1.684999999999985121e-01  5.181427955627441406e+00
2.972499999999989040e-01  -2.327499999999899094e-01  5.728750000000004672e-01  -8.749999999974056308e-04  5.994999999999999218e-01  1.833749999999995106e-01  5.209970951080322266e+00
2.333750000000009428e-01  -4.361249999999955440e-01  7.878750000000073195e-01  -1.297500000000013920e-01  -1.262500000000000011e-01  2.082500000000001017e-01  5.248416900634765625e+00
3.531249999999992450e-01  -5.826250000000032792e-01  9.526249999999986118e-01  -1.661249999999996063e-01  4.843750000000000555e-01  2.492499999999994720e-01  5.283235073089599609e+00
3.621249999999978653e-01  -5.681250000000026557e-01  9.456249999999916112e-01  -1.082500000000007068e-01  2.841249999999999609e-01  2.753750000000013132e-01  5.319998979568481445e+00
2.397500000000003795e-01  -5.812500000000053735e-01  8.637499999999964650e-01  -1.754999999999985738e-01  -5.766250000000000542e-01  2.676250000000005014e-01  5.353950023651123047e+00
3.221249999999994951e-01  -6.821249999999986491e-01  1.183749999999997193e+00  -1.573749999999977944e-01  -1.157499999999999640e-01  3.286250000000024984e-01  5.391609907150268555e+00
3.453750000000019305e-01  -7.315000000000029257e-01  1.167999999999988381e+00  -1.603749999999973253e-01  5.484999999999998765e-01  3.432499999999997775e-01  5.419697046279907227e+00
3.302500000000006541e-01  -5.452499999999971259e-01  1.064250000000002583e+00  -1.419999999999997653e-01  3.436249999999999583e-01  2.957499999999974039e-01  5.453665971755981445e+00
3.311249999999980598e-01  -7.486249999999957661e-01  9.576249999999966178e-01  -2.332500000000008178e-01  4.281249999999999778e-01  3.391249999999991216e-01  5.489646911621093750e+00
3.466249999999996834e-01  -6.256249999999976552e-01  1.039749999999999064e+00  -2.212499999999992251e-01  -4.603749999999999787e-01  2.466250000000003162e-01  5.517988920211791992e+00
3.224999999999998423e-01  -8.030000000000050431e-01  1.058124999999999982e+00  -1.941250000000015741e-01  -1.212499999999999967e-01  2.711249999999970628e-01  5.558352947235107422e+00
2.561250000000011573e-01  -6.894999999999956719e-01  9.899999999999977707e-01  -1.790000000000003255e-01  -1.146249999999999769e-01  2.516250000000000986e-01  5.602483034133911133e+00
3.230000000000003424e-01  -7.610000000000046727e-01  9.196250000000002478e-01  -2.548749999999999072e-01  -2.086250000000000326e-01  2.854999999999993099e-01  5.631342887878417969e+00
2.997499999999996834e-01  -7.209999999999994191e-01  8.946249999999961178e-01  -1.887499999999996680e-01  5.198750000000000870e-01  2.662500000000008749e-01  5.668870925903320312e+00
2.210000000000006959e-01  -6.756249999999991429e-01  8.497499999999963416e-01  -2.261250000000006311e-01  -9.387499999999998623e-02  3.007499999999989071e-01  5.704247951507568359e+00
2.557500000000007545e-01  -6.257500000000012497e-01  8.021249999999973124e-01  -2.706250000000000044e-01  1.570000000000000284e-01  2.862500000000000600e-01  5.751681089401245117e+00
-7.499999999999998855e-03  -1.238749999999999851e-01  -2.325000000000001024e-02  7.375000000000003081e-03  7.375000000000003081e-03  -6.700000000000000400e-02  6.579391002655029297e+00
-1.437499999999999716e-02  1.000000000000001235e-02  -3.137500000000000011e-02  -1.300000000000000114e-02  7.375000000000003081e-03  2.400000000000000050e-02  6.629611968994140625e+00
8.474999999999999201e-02  -1.859999999999999987e-01  2.782499999999999418e-01  -4.324999999999998984e-02  1.499999999999995694e-03  1.213750000000000107e-01  6.659529924392700195e+00
7.308749999999997193e-01  -1.897999999999999465e+00  2.097624999999999407e+00  -4.262499999999998512e-01  1.237500000000000232e-02  7.171249999999999014e-01  6.688720941543579102e+00
9.648749999999995941e-01  -2.376750000000000362e+00  2.842250000000000831e+00  -4.726249999999999618e-01  6.812499999999999112e-02  1.087124999999999453e+00  6.726145982742309570e+00
9.103749999999997122e-01  -2.365249999999999186e+00  2.787374999999998160e+00  -4.358749999999996239e-01  4.912500000000001588e-02  1.018250000000000099e+00  6.762842893600463867e+00
8.798750000000004068e-01  -2.330624999999995950e+00  2.714999999999994973e+00  -4.136249999999999094e-01  6.987499999999997879e-02  8.575000000000005951e-01  6.803729057312011719e+00
7.693749999999992539e-01  -2.069250000000001588e+00  2.595500000000000362e+00  -4.416249999999993237e-01  4.762500000000002842e-02  7.845000000000004192e-01  6.843771934509277344e+00
5.356250000000013500e-01  -1.775249999999999106e+00  2.282375000000003151e+00  -3.689999999999995506e-01  2.462499999999995942e-02  6.230000000000019966e-01  6.883781909942626953e+00
4.261250000000028626e-01  -1.361625000000005192e+00  2.064499999999996671e+00  -3.354999999999989657e-01  -2.293749999999999678e-01  4.985000000000023856e-01  6.919931888580322266e+00
3.734999999999988329e-01  -1.320124999999991333e+00  1.824499999999992683e+00  -2.528749999999996279e-01  -3.046249999999999236e-01  3.898749999999978622e-01  6.953011035919189453e+00
2.856249999999976863e-01  -1.186124999999996099e+00  1.636125000000002050e+00  -2.459999999999996911e-01  -4.174999999999999822e-01  3.757500000000010831e-01  6.981251955032348633e+00
2.178749999999993192e-01  -1.024750000000004713e+00  1.258750000000002922e+00  -3.265000000000004010e-01  1.194999999999999812e-01  2.409999999999981601e-01  7.014929056167602539e+00
1.018750000000012701e-01  -6.163750000000023377e-01  1.042125000000004853e+00  -1.076250000000000817e-01  -3.155000000000000582e-01  1.624999999999959810e-01  7.046426057815551758e+00
1.166249999999986742e-01  -4.591250000000046683e-01  6.408749999999990843e-01  -1.137499999999992684e-01  4.867500000000000160e-01  9.912499999999851985e-02  7.079782962799072266e+00
3.487500000000018363e-02  -2.767500000000061577e-01  3.295000000000103402e-01  -1.142499999999997684e-01  -1.723750000000000004e-01  3.699999999999536993e-02  7.110179901123046875e+00
3.099999999999977773e-02  -1.050000000000078648e-01  3.843750000000062395e-01  -8.375000000001436851e-03  5.216249999999998943e-01  -1.675000000000287370e-02  7.141674041748046875e+00
-9.162500000000142752e-02  1.500000000001500133e-03  6.224999999999980549e-02  3.725000000000255884e-02  -2.346250000000001390e-01  -1.176249999999962048e-01  7.176261901855468750e+00
-5.524999999999974376e-02  1.805000000000001048e-01  -7.912499999999933475e-02  9.700000000000333356e-02  -4.157499999999998974e-01  -1.293749999999940781e-01  7.206448078155517578e+00
-1.348749999999995786e-01  2.846249999999966862e-01  -3.697499999999881437e-01  7.262499999999977307e-02  7.912499999999998701e-02  -2.074999999999993516e-01  7.241492033004760742e+00
-1.418749999999996403e-01  2.073750000000096350e-01  -2.633749999999962510e-01  1.249999999997780664e-03  4.831250000000000266e-01  -2.419999999999991602e-01  7.277720928192138672e+00
-2.109999999999993825e-01  4.102499999999870139e-01  -3.948750000000028626e-01  8.174999999999849054e-02  -3.201249999999999929e-01  -2.389999999999996294e-01  7.313405036926269531e+00
-1.456249999999999212e-01  4.078750000000019860e-01  -5.608749999999884661e-01  1.647500000000017006e-01  4.513749999999999707e-01  -2.184999999999999443e-01  7.346900939941406250e+00
-2.553750000000021281e-01  4.260000000000097042e-01  -8.887500000000075895e-01  8.412499999999739630e-02  -6.375000000000002887e-02  -3.331250000000000600e-01  7.377822875976562500e+00
-2.661250000000024429e-01  6.904999999999966720e-01  -1.142749999999997934e+00  2.124999999998655742e-03  -6.482499999999999929e-01  -3.352499999999987157e-01  7.409929037094116211e+00
-3.750000000000003331e-01  8.055000000000006599e-01  -1.253249999999997311e+00  1.408750000000003610e-01  -5.258749999999999813e-01  -3.852500000000001479e-01  7.447423934936523438e+00
-2.690000000000018487e-01  9.306250000000043654e-01  -1.163125000000000853e+00  1.103749999999993625e-01  2.696250000000000036e-01  -3.345000000000014628e-01  7.483687877655029297e+00
-3.160000000000002807e-01  9.374999999999938938e-01  -1.127124999999992605e+00  2.126249999999992590e-01  -6.987500000000000655e-02  -3.137500000000015277e-01  7.523535013198852539e+00
-2.847500000000002807e-01  8.426249999999996243e-01  -1.072499999999990017e+00  8.700000000000027156e-02  -2.148750000000000104e-01  -3.096250000000008717e-01  7.563046932220458984e+00
-2.588749999999986895e-01  8.006250000000061373e-01  -1.062999999999994394e+00  1.308750000000007685e-01  -6.303750000000000187e-01  -3.774999999999993361e-01  7.598160028457641602e+00
-2.793749999999983746e-01  8.410000000000014131e-01  -1.111999999999987887e+00  1.660000000000012021e-01  -3.299999999999993217e-02  -2.996249999999978098e-01  7.632430076599121094e+00
-3.046249999999993130e-01  9.862500000000009592e-01  -1.090999999999994641e+00  1.817499999999996063e-01  4.068749999999999867e-01  -2.611250000000009397e-01  7.669075012207031250e+00
-2.719999999999996865e-01  9.349999999999982769e-01  -1.196250000000002922e+00  1.956249999999996048e-01  -2.161249999999999560e-01  -2.717499999999994365e-01  7.703155994415283203e+00
-2.901250000000004658e-01  9.527500000000022062e-01  -1.370625000000000204e+00  1.971249999999993840e-01  2.717499999999999361e-01  -3.226249999999999951e-01  7.733422994613647461e+00
-5.789999999999996261e-01  1.891749999999997600e+00  -2.426875000000002114e+00  2.722499999999999365e-01  -4.525000000000004019e-02  -5.648749999999993499e-01  7.771384954452514648e+00
-2.564999999999997837e-01  7.622499999999989839e-01  -9.945000000000022711e-01  2.041249999999994458e-01  -9.600000000000005751e-02  -2.956250000000007483e-01  7.808896064758300781e+00
-2.278750000000006326e-01  7.716249999999980069e-01  -9.046249999999991243e-01  1.798750000000003402e-01  1.905000000000000304e-01  -2.442499999999996618e-01  7.847697019577026367e+00
-2.066250000000001974e-01  7.683749999999982538e-01  -9.255000000000026539e-01  1.280000000000005023e-01  -3.273750000000000826e-01  -1.982499999999996487e-01  7.879915952682495117e+00
3.437499999999968359e-02  -8.387500000000061573e-02  6.437500000000540012e-02  -3.562500000000006634e-02  -3.461249999999999605e-01  -3.874999999999538536e-03  7.912575960159301758e+00
-7.375000000000003081e-03  1.871250000000000135e-01  -1.812500000000001957e-02  4.338750000000000107e-01  -1.650000000000000078e-01  -5.938750000000000417e-01  8.727315902709960938e+00
-7.375000000000003081e-03  2.937500000000000111e-01  7.375000000000003081e-03  1.543749999999999845e-01  4.474999999999999534e-01  1.961249999999999938e-01  8.777107954025268555e+00
-1.437499999999999716e-02  4.616250000000000075e-01  -2.485000000000000264e-01  -2.617499999999999827e-01  2.625000000000000111e-01  -1.200000000000000025e-02  8.809482097625732422e+00
-1.111250000000000016e-01  1.644500000000000073e+00  -1.550999999999999934e+00  -4.939999999999999392e-01  -4.476249999999999951e-01  -3.423749999999999849e-01  8.839876890182495117e+00
-1.461249999999999771e-01  1.922375000000000389e+00  -2.303249999999998021e+00  2.681249999999999467e-01  -1.600000000000000033e-01  -5.617500000000000826e-01  8.877840042114257812e+00
-1.167500000000001037e-01  1.887874999999997083e+00  -2.168875000000000774e+00  -3.463750000000000995e-01  -3.230000000000000648e-01  -2.179999999999998606e-01  8.916109085083007812e+00
-1.288750000000002949e-01  1.718749999999998002e+00  -1.971374999999997435e+00  3.503749999999999920e-01  -3.893750000000000266e-01  -3.478750000000001008e-01  8.951175928115844727e+00
-4.337500000000001077e-02  1.530375000000000485e+00  -1.709124999999998895e+00  4.977499999999999147e-01  -2.412500000000005612e-02  -2.908749999999998836e-01  8.989728927612304688e+00
-6.225000000000023570e-02  1.187000000000000499e+00  -1.321000000000002617e+00  -1.303750000000002685e-01  3.036250000000000893e-01  1.618750000000001299e-01  9.022739887237548828e+00
-8.887499999999998179e-02  1.152374999999997041e+00  -1.277500000000000746e+00  -9.462500000000008404e-02  1.340000000000000080e-01  9.362499999999995826e-02  9.054738998413085938e+00
-7.425000000000009370e-02  9.492499999999987059e-01  -9.281250000000018652e-01  1.150000000000022532e-02  -1.558749999999999858e-01  1.637500000000033026e-02  9.082473039627075195e+00
-3.462499999999993361e-02  8.012500000000033484e-01  -8.588750000000019424e-01  2.399999999999971600e-02  1.610000000000000042e-01  -1.956249999999996048e-01  9.118493080139160156e+00
-1.112500000000028397e-02  6.470000000000016849e-01  -6.816250000000051434e-01  -5.512500000000004896e-02  3.992499999999999938e-01  -2.233750000000000457e-01  9.151558876037597656e+00
-1.762499999999984565e-02  5.089999999999955671e-01  -2.913749999999964979e-01  -3.112499999999990274e-02  7.899999999999997302e-02  1.078750000000003317e-01  9.181442022323608398e+00
-1.125000000000257738e-03  3.389999999999990243e-01  -3.646249999999934266e-01  -7.387499999999971867e-02  3.468749999999999889e-01  9.687500000000016931e-02  9.210248947143554688e+00
-6.624999999999686695e-03  3.887499999999932676e-01  -3.612499999999935207e-01  6.687499999999965694e-02  -5.220000000000000195e-01  5.412499999999991623e-02  9.240813016891479492e+00
2.625000000000023148e-02  3.580000000000110871e-01  -3.286250000000129345e-01  -3.250000000000214523e-03  -1.406250000000000000e-01  2.337500000000039199e-02  9.272150993347167969e+00
-1.162499999999991665e-02  1.112499999999932987e-01  -1.368749999999946398e-01  -1.825000000000003703e-02  3.466249999999999054e-01  -8.587500000000000688e-02  9.307080030441284180e+00
2.274999999999976694e-02  3.737500000000615330e-02  6.899999999999961720e-02  1.675000000000027162e-02  -5.797499999999999876e-01  -2.091250000000001164e-01  9.338254928588867188e+00
5.124999999999964306e-02  -1.343750000000060174e-01  1.865000000000061053e-01  6.125000000000054012e-03  -2.426250000000000073e-01  -2.327499999999998737e-01  9.367634057998657227e+00
-4.125000000000222239e-03  -2.952499999999969038e-01  3.868749999999948619e-01  6.500000000000429046e-03  5.177500000000000435e-01  -2.762499999999999956e-01  9.402482032775878906e+00
9.374999999999834854e-03  -4.802500000000015090e-01  6.104999999999999316e-01  3.987499999999997990e-02  2.628749999999999698e-01  -1.672499999999998710e-01  9.437432050704956055e+00
1.158750000000000890e-01  -1.252124999999999710e+00  1.612000000000002320e+00  3.300000000000004319e-02  -1.437499999999999889e-01  1.301250000000000184e-01  9.467195034027099609e+00
6.525000000000019673e-02  -5.914999999999948077e-01  6.385000000000070619e-01  2.437499999999965736e-02  3.155000000000000027e-01  2.011250000000003313e-01  9.502449989318847656e+00
7.075000000000006284e-02  -5.312499999999970024e-01  6.693749999999998312e-01  -2.862500000000000461e-02  -5.127500000000000391e-01  2.908749999999998836e-01  9.541725873947143555e+00
7.049999999999981282e-02  -5.306249999999997913e-01  6.144999999999969376e-01  -9.112499999999962297e-02  1.416250000000000009e-01  1.898749999999999327e-01  9.638256072998046875e+00
5.650000000000012651e-02  -6.118749999999978373e-01  6.617499999999956195e-01  -6.262500000000018052e-02  -4.983750000000000124e-01  1.517499999999999682e-01  9.667006015777587891e+00
5.387500000000010336e-02  -8.622500000000018483e-01  8.808749999999961888e-01  -5.712499999999988420e-02  1.769999999999999629e-01  1.538749999999999285e-01  9.701709032058715820e+00
7.362499999999989886e-02  -8.748750000000040661e-01  9.206250000000012479e-01  -8.887499999999998179e-02  -4.925000000000002986e-02  -6.000000000000362682e-03  9.737096071243286133e+00
4.725000000000020156e-02  -8.231249999999940004e-01  9.162500000000003419e-01  -1.624999999999998945e-01  5.481249999999999734e-01  1.808750000000000357e-01  9.772268056869506836e+00
6.687500000000008715e-02  -8.068749999999985656e-01  8.083750000000000657e-01  1.073750000000002619e-01  -2.752499999999999947e-01  -8.250000000000010103e-02  9.810271978378295898e+00
1.262500000000004938e-02  -6.986250000000012728e-01  7.008750000000001368e-01  -1.533749999999998725e-01  -4.700000000000000289e-01  5.799999999999989192e-02  9.848520994186401367e+00
-1.274999999999995755e-02  5.500000000000296319e-02  -3.912500000000096456e-02  1.075000000000034261e-02  4.441249999999999365e-01  -1.487500000000013117e-02  9.884922027587890625e+00
-3.737500000000000544e-02  1.274999999999998357e-02  0.000000000000000000e+00  8.625000000000000722e-02  7.374999999999996142e-03  -2.899999999999999800e-02  1.069599795341491699e+01
-7.499999999999998855e-03  -1.499999999999999771e-02  -2.987499999999999531e-02  5.876250000000000639e-01  -2.224999999999999895e-02  -2.768749999999999822e-01  1.075148797035217285e+01
1.096250000000000002e-01  -1.381249999999999978e-01  1.459999999999999631e-01  -4.568750000000000311e-01  -7.249999999999999500e-03  -2.723749999999999782e-01  1.078155589103698730e+01
9.468749999999998002e-01  -1.049750000000000405e+00  1.309250000000000025e+00  -5.171249999999999458e-01  1.000000000000000671e-03  7.900000000000001465e-01  1.080907487869262695e+01
1.219374999999999876e+00  -1.370749999999999469e+00  1.685374999999999401e+00  -1.881249999999999312e-01  -2.012500000000000053e-02  1.378374999999999462e+00  1.084257388114929199e+01
1.107375000000000664e+00  -1.294375000000000275e+00  1.557499999999999885e+00  -6.463749999999998108e-01  -1.500000000000002633e-03  1.163500000000001311e+00  1.087987089157104492e+01
8.766250000000024301e-01  -1.039249999999998453e+00  1.301250000000000240e+00  -1.713749999999996387e-01  7.124999999999996787e-03  9.208750000000015534e-01  1.092316102981567383e+01
6.843749999999975131e-01  -9.455000000000018945e-01  1.129749999999998700e+00  -2.757499999999999396e-01  1.412500000000000387e-02  7.121250000000008962e-01  1.095880699157714844e+01
5.743749999999985256e-01  -8.137499999999985301e-01  1.037500000000003642e+00  -1.441250000000001419e-01  -9.749999999999999986e-03  6.136249999999995319e-01  1.098781800270080566e+01
5.137500000000002620e-01  -6.899999999999996136e-01  1.013875000000004301e+00  -4.537500000000027622e-02  -7.374999999999996142e-03  4.942500000000016325e-01  1.101899600028991699e+01
4.041249999999982356e-01  -5.606250000000020384e-01  7.657500000000024842e-01  -1.221249999999998309e-01  2.637500000000000261e-02  4.015000000000025215e-01  1.105117607116699219e+01
3.127500000000005276e-01  -4.581249999999967293e-01  5.388750000000011031e-01  -6.137499999999979777e-02  -4.125000000000005398e-03  2.895000000000015339e-01  1.108397293090820312e+01
8.962499999999942735e-02  -1.907499999999964779e-01  3.927499999999972680e-01  4.725000000000041667e-02  -9.125000000000018513e-03  1.293749999999975475e-01  1.111991500854492188e+01
4.525000000000015121e-02  -1.646250000000015756e-01  1.488749999999997020e-01  6.637499999999872669e-02  4.187500000000000250e-02  2.150000000000068523e-02  1.115207195281982422e+01
-6.062499999999818034e-02  -1.862499999999434053e-02  -4.487499999999977618e-02  1.587500000000026390e-02  3.112499999999998254e-02  -7.562499999999930389e-02  1.118364095687866211e+01
-1.046250000000005509e-01  1.191249999999977049e-01  -7.662500000000377343e-02  3.437500000000055095e-02  -1.250000000000000590e-02  -8.237499999999911560e-02  1.120940804481506348e+01
-1.969999999999992590e-01  1.101250000000025819e-01  -1.333749999999980784e-01  6.762500000000083722e-02  2.199999999999999178e-02  -2.023750000000011651e-01  1.123960709571838379e+01
-1.710000000000010123e-01  1.451249999999959517e-01  -1.901249999999993223e-01  -2.550000000000034878e-02  -1.587499999999999328e-02  -2.492499999999994720e-01  1.127404808998107910e+01
-2.362500000000003486e-01  1.934999999999992282e-01  -2.795000000000019691e-01  1.120000000000001134e-01  -1.987500000000000724e-02  -2.408750000000015046e-01  1.130582904815673828e+01
-2.512500000000014722e-01  2.488750000000025664e-01  -4.305000000000003268e-01  1.624999999999890421e-03  -1.175000000000000003e-02  -2.977499999999994040e-01  1.134147906303405762e+01
-3.861250000000010507e-01  3.948749999999959237e-01  -4.545000000000035123e-01  2.937499999999988731e-02  -2.512499999999999456e-02  -3.743749999999996803e-01  1.137694787979125977e+01
-3.645000000000002127e-01  4.414999999999974500e-01  -5.948750000000015969e-01  8.724999999999964728e-02  -2.499999999999999792e-02  -4.422499999999982001e-01  1.140987300872802734e+01
-8.152500000000000302e-01  9.659999999999980824e-01  -1.262625000000003217e+00  1.660000000000003417e-01  -1.624999999999998841e-03  -8.239999999999982894e-01  1.144087195396423340e+01
-3.547499999999974007e-01  4.491249999999981091e-01  -6.188750000000048379e-01  7.375000000000002387e-02  -1.000000000000000671e-03  -4.021249999999996771e-01  1.148145008087158203e+01
-4.317500000000015770e-01  4.910000000000018239e-01  -6.376250000000027729e-01  1.212499999999998301e-01  8.375000000000000500e-03  -3.680000000000002713e-01  1.151756906509399414e+01
-3.139999999999982805e-01  4.708749999999990443e-01  -6.271249999999991553e-01  1.163750000000001589e-01  2.249999999999997228e-03  -4.140000000000011449e-01  1.155329203605651855e+01
-3.948750000000011418e-01  4.594999999999980766e-01  -5.752499999999993729e-01  9.562500000000022371e-02  9.875000000000000097e-03  -3.811250000000012683e-01  1.159449696540832520e+01
3.374999999999905853e-03  -5.874999999998936628e-03  -2.812500000000037192e-02  -2.549999999999991510e-02  -6.374999999999998723e-03  5.999999999999061639e-03  1.163469195365905762e+01
2.249999999999999223e-02  -2.417499999999999927e-01  -8.749999999999995628e-03  -3.434999999999999720e-01  2.975000000000000561e-02  -1.575000000000000358e-02  1.244640898704528809e+01
-2.250000000000000264e-02  2.611249999999999960e-01  1.099999999999999589e-02  8.262499999999999012e-02  -1.487500000000000107e-02  1.487499999999999586e-02  1.249255490303039551e+01
-3.662500000000000477e-02  4.566250000000000031e-01  -2.764999999999999680e-01  2.000000000000000111e-01  1.537500000000000151e-02  -5.174999999999999739e-02  1.251966404914855957e+01
-2.767500000000000515e-01  1.046124999999999750e+00  -1.670374999999999943e+00  5.828749999999999210e-01  2.374999999999999941e-03  -2.853749999999999898e-01  1.254846286773681641e+01
-3.663749999999999507e-01  1.814750000000000307e+00  -2.565625000000000266e+00  1.000750000000000250e+00  -1.087499999999999925e-02  -4.781249999999998002e-01  1.257989406585693359e+01
-4.241250000000000298e-01  1.835500000000000353e+00  -2.499624999999998209e+00  5.670000000000006146e-01  -9.750000000000006925e-03  -2.232500000000003648e-01  1.261946201324462891e+01
-3.661250000000001448e-01  1.719249999999998613e+00  -2.372000000000006104e+00  4.513750000000003593e-01  2.149999999999999481e-02  -3.318749999999996980e-01  1.266469907760620117e+01
-2.862500000000000600e-01  1.367500000000000604e+00  -1.958374999999998201e+00  3.648750000000006155e-01  -5.874999999999993942e-03  -2.097499999999998532e-01  1.270452904701232910e+01
-2.416249999999987852e-01  1.322749999999997428e+00  -2.003250000000004860e+00  3.487500000000001155e-01  2.617499999999999827e-01  -1.986250000000008842e-01  1.273648595809936523e+01
-2.661249999999990012e-01  1.223249999999995064e+00  -1.854499999999994930e+00  3.218749999999992450e-01  1.549999999999999989e-01  -1.907499999999999474e-01  1.276711297035217285e+01
-1.981250000000003841e-01  1.098250000000001947e+00  -1.764749999999995378e+00  3.972500000000017684e-01  -4.372500000000000275e-01  -1.778749999999992004e-01  1.279924297332763672e+01
-1.811249999999989813e-01  9.504999999999999005e-01  -1.498750000000006910e+00  3.272500000000011511e-01  1.575000000000000011e-01  -9.500000000000133338e-02  1.283504796028137207e+01
-4.937499999999907241e-02  6.733750000000038316e-01  -1.011874999999995417e+00  1.703750000000003872e-01  4.678750000000000409e-01  -5.987499999999916500e-02  1.286840486526489258e+01
-6.950000000000011724e-02  4.966250000000005382e-01  -8.676249999999968709e-01  2.008749999999996649e-01  -4.397499999999999742e-01  -5.949999999999878997e-02  1.289794802665710449e+01
-4.662499999999979161e-02  3.216249999999920561e-01  -5.556250000000040323e-01  1.714999999999980429e-01  -2.829999999999999738e-01  -2.524999999999923139e-02  1.293147301673889160e+01
3.274999999999979317e-02  1.846249999999938218e-01  -2.044999999999963514e-01  -3.262500000000140288e-02  -4.148749999999999938e-01  4.674999999999991662e-02  1.297110795974731445e+01
4.375000000000038580e-02  3.249999999999086953e-02  -5.249999999998311573e-03  4.950000000000093214e-02  8.362500000000003264e-02  -1.549999999999988887e-02  1.300313305854797363e+01
4.649999999999966660e-02  1.167499999999987992e-01  -8.450000000000124079e-02  6.275000000000030553e-02  3.378749999999999254e-01  2.187499999999932554e-02  1.303428292274475098e+01
1.024999999999984257e-02  5.587499999999689937e-02  -6.837500000000940048e-02  8.162499999999836553e-02  -2.510000000000000009e-01  1.499999999999938882e-02  1.306976294517517090e+01
7.974999999999995981e-02  -6.674999999999042810e-02  1.158750000000013936e-01  3.212500000000090283e-02  -2.585000000000000631e-01  6.749999999999985179e-02  1.309875488281250000e+01
6.862499999999924216e-02  -1.682500000000086704e-01  4.170000000000007034e-01  -3.875000000000058953e-02  -3.928749999999999742e-01  5.912500000000014966e-02  1.313943600654602051e+01
1.426249999999986418e-01  -3.702500000000025215e-01  8.274999999999949063e-01  -1.201250000000021745e-01  -5.251249999999999529e-01  4.587499999999904154e-02  1.317499399185180664e+01
1.362499999999992051e-01  -5.372500000000030029e-01  9.656249999999977351e-01  -1.271250000000022362e-01  2.466249999999999831e-01  1.316249999999997977e-01  1.320338702201843262e+01
2.781250000000005662e-01  -1.250999999999995227e+00  2.064749999999990315e+00  -3.291249999999995568e-01  -1.768750000000000044e-01  2.325000000000000677e-01  1.324022388458251953e+01
1.394999999999989859e-01  -4.778750000000026033e-01  9.055000000000035243e-01  -1.208749999999994551e-01  4.386249999999999871e-01  1.087499999999994721e-01  1.328614091873168945e+01
1.092499999999999721e-01  -5.721249999999996616e-01  9.482499999999977058e-01  -1.333749999999980784e-01  2.028749999999999998e-01  1.294999999999993934e-01  1.332956790924072266e+01
9.637499999999923905e-02  -4.784999999999997589e-01  9.474999999999900169e-01  -1.513749999999987328e-01  3.305000000000000160e-01  1.063749999999988316e-01  1.336905908584594727e+01
1.328749999999992992e-01  -5.812499999999983791e-01  8.937499999999987121e-01  -1.687499999999987621e-01  -2.972499999999999587e-01  1.033750000000010355e-01  1.340318894386291504e+01
1.724999999999999034e-01  -5.514999999999964375e-01  9.398749999999996829e-01  -1.226250000000012053e-01  -2.235000000000000042e-01  8.037499999999971056e-02  1.343750286102294922e+01
1.507499999999998286e-01  -6.102499999999996261e-01  1.061125000000002983e+00  -1.941249999999998532e-01  5.106249999999999956e-01  7.075000000000049305e-02  1.346641993522644043e+01
1.307499999999997831e-01  -6.907499999999968665e-01  1.076500000000001123e+00  -1.878750000000005416e-01  -6.999999999999996503e-02  1.022499999999999104e-01  1.349509692192077637e+01
2.409999999999998810e-01  -1.550124999999999309e+00  2.124875000000005176e+00  -4.618750000000004796e-01  2.056250000000000022e-01  2.349999999999999589e-01  1.353334403038024902e+01
1.570000000000000284e-01  -6.898749999999994609e-01  9.507500000000002061e-01  -1.480000000000005478e-01  -4.196249999999999702e-01  1.377499999999998448e-01  1.357187008857727051e+01
1.286249999999994065e-01  -7.307499999999987894e-01  8.907500000000025953e-01  -2.177499999999991942e-01  -2.061249999999999749e-01  1.173750000000002847e-01  1.360926198959350586e+01
1.273749999999998772e-01  -6.089999999999984315e-01  7.753750000000017017e-01  -2.581249999999996603e-01  -1.521249999999999825e-01  1.113749999999994883e-01  1.364982390403747559e+01
1.162499999999991665e-02  1.724999999999990430e-02  -1.502499999999976077e-01  9.999999999999592548e-03  -3.516249999999999654e-01  -7.424999999999966349e-02  1.368081998825073242e+01
1.487499999999999586e-02  3.149999999999999328e-02  2.974999999999999173e-02  -2.977500000000000147e-01  3.804999999999999494e-01  3.155000000000000027e-01  1.449331688880920410e+01
7.499999999999992784e-03  1.512500000000000129e-02  7.500000000000005794e-03  -3.751250000000000417e-01  4.769999999999999796e-01  -2.757499999999999951e-01  1.454380798339843750e+01
3.237500000000000100e-02  -2.422499999999999931e-01  2.973750000000000004e-01  8.949999999999998235e-02  3.081250000000000377e-01  4.528750000000000275e-01  1.457182908058166504e+01
3.894999999999999574e-01  -1.819125000000000325e+00  2.190875000000000128e+00  -8.896249999999999991e-01  3.064999999999999947e-01  1.431249999999999190e-01  1.460166692733764648e+01
4.615000000000000768e-01  -2.379499999999999726e+00  2.915250000000001229e+00  -8.923750000000003624e-01  -4.731250000000000178e-01  4.742499999999998384e-01  1.463524603843688965e+01
4.829999999999999294e-01  -2.358624999999999527e+00  2.877250000000001418e+00  -5.009999999999996678e-01  -5.991250000000000187e-01  4.702499999999992797e-01  1.467600297927856445e+01
4.546250000000001679e-01  -2.121249999999998082e+00  2.727625000000004185e+00  -3.443750000000000422e-01  -3.738750000000000129e-01  4.336249999999999827e-01  1.471511697769165039e+01
4.027500000000003300e-01  -2.008374999999999577e+00  2.543125000000000302e+00  -4.606249999999992295e-01  -2.849999999999999756e-01  3.736250000000007065e-01  1.474943590164184570e+01
2.921250000000006897e-01  -1.782249999999999002e+00  2.241249999999999964e+00  -4.515000000000005120e-01  -3.492499999999999494e-01  3.073750000000003424e-01  1.478403401374816895e+01
2.256250000000001310e-01  -1.406875000000001874e+00  2.066875000000009788e+00  -4.054999999999995830e-01  4.218750000000000555e-01  3.483749999999997127e-01  1.481837201118469238e+01
1.878750000000005416e-01  -1.398375000000007251e+00  2.110750000000008342e+00  -3.393749999999993716e-01  2.500000000000000000e-01  2.702499999999996572e-01  1.485313987731933594e+01
2.022500000000010401e-01  -1.021124999999997618e+00  1.716500000000009685e+00  -3.700000000000005507e-01  -4.303749999999998410e-01  1.818749999999997313e-01  1.488457107543945312e+01
1.294999999999993934e-01  -1.027750000000007713e+00  1.390500000000002734e+00  -2.328750000000004428e-01  2.340000000000000413e-01  1.450000000000010170e-01  1.491574406623840332e+01
1.048750000000008009e-01  -6.192499999999878657e-01  1.125125000000004594e+00  -1.343750000000025480e-01  4.426249999999999907e-01  1.107499999999997375e-01  1.494763708114624023e+01
9.587500000000047373e-02  -5.697499999999938725e-01  9.212499999999984590e-01  -1.027499999999986757e-01  -3.051250000000000351e-01  9.162500000000142752e-02  1.498169589042663574e+01
2.475000000000046607e-02  -3.842500000000026450e-01  5.234999999999961906e-01  -2.103749999999987574e-01  -3.328749999999999210e-01  3.125000000000002776e-02  1.501294803619384766e+01
1.462500000000074851e-02  -1.943749999999966338e-01  3.403750000000038689e-01  -1.496250000000004521e-01  6.750000000000028547e-03  3.587499999999771427e-02  1.504150795936584473e+01
-5.174999999999971290e-02  9.175000000000155254e-02  -6.249999999999311662e-02  -1.537499999999802913e-02  4.683750000000000413e-01  5.875000000002406075e-03  1.507502698898315430e+01
-5.749999999998811617e-03  4.575000000001105960e-02  -2.712500000000006573e-01  1.474999999999740408e-02  -3.900000000000008321e-02  -9.687499999999973910e-02  1.510246491432189941e+01
-3.774999999999958944e-02  3.503749999999999920e-01  -3.756250000000044276e-01  7.812500000000180411e-02  3.235000000000000098e-01  -7.562500000000277334e-02  1.513235306739807129e+01
-9.725000000000011413e-02  5.644999999999955609e-01  -6.965000000000026725e-01  3.237500000000115286e-02  -7.737499999999999933e-02  -1.336250000000000493e-01  1.516723704338073730e+01
-1.011250000000005200e-01  3.991250000000001741e-01  -7.267499999999982307e-01  1.524999999999790412e-02  3.378749999999999809e-01  -1.318750000000000477e-01  1.520035099983215332e+01
-6.487499999999896128e-02  1.132499999999952989e-01  -2.563750000000031282e-01  9.649999999999936406e-02  -5.323749999999999316e-01  -9.512499999999972367e-02  1.523572993278503418e+01
-1.012500000000006450e-01  3.089999999999898384e-01  -5.526250000000010321e-01  -1.762500000000027933e-02  -3.174999999999999489e-01  -1.829999999999991356e-01  1.526774406433105469e+01
-9.750000000000036415e-02  5.425000000000013145e-01  -7.003749999999892006e-01  -6.249999999999311662e-03  2.366249999999999465e-01  -1.959999999999999798e-01  1.529708504676818848e+01
-1.740000000000005431e-01  7.738750000000071960e-01  -8.949999999999930234e-01  1.958749999999981339e-01  2.926249999999999130e-01  -1.421249999999998903e-01  1.533335399627685547e+01
-1.323749999999987992e-01  6.688749999999993312e-01  -9.568750000000098010e-01  1.645000000000014506e-01  -1.083749999999999575e-01  -1.573750000000012639e-01  1.537072300910949707e+01
-1.696250000000013580e-01  6.646250000000020197e-01  -9.928749999999902931e-01  2.139999999999989133e-01  -1.179999999999999383e-01  -1.476250000000001728e-01  1.541343498229980469e+01
-1.162500000000000339e-01  8.001249999999987539e-01  -1.085000000000002629e+00  9.787499999999726974e-02  3.282500000000000417e-01  -2.049999999999985723e-01  1.545197606086730957e+01
-1.154999999999992838e-01  8.082500000000033546e-01  -1.116875000000003171e+00  1.283750000000000169e-01  -1.543749999999999845e-01  -2.153750000000002884e-01  1.548610496520996094e+01
-1.303750000000002685e-01  7.626250000000028839e-01  -1.195374999999998522e+00  1.631250000000000755e-01  1.526249999999999829e-01  -2.171250000000002900e-01  1.551833701133728027e+01
-1.182499999999985646e-01  7.358749999999969482e-01  -1.089999999999993641e+00  1.429999999999990168e-01  -4.117500000000000049e-01  -1.888749999999997931e-01  1.554649090766906738e+01
-1.199999999999994404e-01  8.897500000000015952e-01  -1.045875000000001664e+00  2.227499999999989766e-01  2.816249999999999587e-01  -1.625000000000003109e-01  1.559059596061706543e+01
-1.306249999999996581e-01  8.507500000000042251e-01  -1.170375000000001275e+00  2.461249999999998161e-01  1.768750000000000600e-01  -1.494999999999994666e-01  1.563789987564086914e+01
-1.285000000000001419e-01  8.685000000000011600e-01  -1.130375000000002794e+00  2.181249999999995692e-01  -3.853749999999999676e-01  -1.572500000000002784e-01  1.567256999015808105e+01
-1.473749999999999227e-01  8.500000000000035305e-01  -1.053124999999994982e+00  2.182499999999996942e-01  2.205000000000000293e-01  -1.412499999999998757e-01  1.571432399749755859e+01
-9.925000000000037959e-02  7.697499999999996012e-01  -8.518749999999949418e-01  2.067500000000003224e-01  4.395000000000000018e-01  -1.026250000000002854e-01  1.575522589683532715e+01
-1.008749999999993957e-01  7.155000000000008020e-01  -9.013750000000028129e-01  1.840000000000001357e-01  5.549999999999999378e-01  -5.912500000000014966e-02  1.579316091537475586e+01
-1.147500000000002685e-01  6.536249999999979021e-01  -8.441250000000011244e-01  1.453750000000005316e-01  3.352499999999999925e-01  -6.137499999999979777e-02  1.583298897743225098e+01
2.124999999999956785e-03  -9.400000000000033329e-02  5.037499999999833777e-02  -2.087499999999919281e-02  -3.996250000000000080e-01  5.862499999999964961e-02  1.587341904640197754e+01
0.000000000000000000e+00  -3.264999999999999569e-01  1.224999999999999874e-02  -6.116249999999999742e-01  -4.793749999999999956e-01  4.087500000000000161e-02  1.667995500564575195e+01
2.250000000000000264e-02  -2.777499999999999969e-01  7.375000000000003081e-03  -3.226249999999999951e-01  2.687499999999999958e-02  -4.411249999999999893e-01  1.671879005432128906e+01
2.413750000000000062e-01  1.121375000000000011e+00  -9.638749999999999263e-01  2.526250000000000440e-01  1.578749999999999876e-01  -2.581249999999999933e-01  1.675046086311340332e+01
5.512500000000001288e-01  1.818374999999999631e+00  -2.343875000000000597e+00  8.184999999999998943e-01  -4.250000000000000305e-02  3.327500000000001568e-01  1.678177595138549805e+01
6.333749999999993552e-01  2.457500000000001350e+00  -2.948875000000000135e+00  4.533749999999997504e-01  -3.533749999999999947e-01  5.341249999999998499e-01  1.681713604927062988e+01
5.947499999999997788e-01  2.112374999999999670e+00  -2.570750000000003421e+00  5.669999999999998375e-01  -5.797499999999999876e-01  5.076249999999994378e-01  1.685556101799011230e+01
5.030000000000000027e-01  1.908750000000000613e+00  -2.503624999999995548e+00  3.146250000000006541e-01  -4.633749999999999813e-01  5.015000000000001679e-01  1.689504504203796387e+01
3.852500000000001479e-01  1.720625000000003402e+00  -2.569250000000002032e+00  3.186250000000012128e-01  8.525000000000003408e-02  4.819999999999997620e-01  1.694097304344177246e+01
3.292499999999996541e-01  1.552125000000001309e+00  -2.370374999999993904e+00  3.612499999999987388e-01  -1.136250000000000038e-01  3.436249999999984595e-01  1.698222708702087402e+01
3.525000000000020894e-01  1.629375000000002238e+00  -2.485250000000008175e+00  4.134999999999972031e-01  2.867500000000000049e-01  3.472500000000003362e-01  1.701982688903808594e+01
1.894999999999986973e-01  1.178749999999992193e+00  -1.964875000000004812e+00  1.971249999999993840e-01  3.574999999999997624e-02  2.751249999999975659e-01  1.705445790290832520e+01
2.143749999999992883e-01  1.084874999999998924e+00  -1.614125000000007804e+00  3.683750000000006186e-01  3.616250000000000298e-01  1.971249999999993840e-01  1.708889794349670410e+01
1.286250000000002669e-01  7.080000000000002958e-01  -1.129749999999998700e+00  1.845000000000006357e-01  -3.188749999999999640e-01  1.302500000000018920e-01  1.712267208099365234e+01
6.387500000000143063e-02  6.338749999999920837e-01  -6.553749999999997078e-01  1.703750000000003872e-01  -4.087500000000000577e-01  7.187499999999902300e-02  1.715790796279907227e+01
4.449999999999940115e-02  3.653750000000011156e-01  -5.975000000000008082e-01  5.925000000000027467e-02  3.112500000000000266e-01  7.037500000000099232e-02  1.719199991226196289e+01
-2.250000000000168532e-02  3.188749999999962448e-01  -3.060000000000007159e-01  1.133749999999988933e-01  -3.588749999999999996e-01  -1.137500000000096767e-02  1.722886705398559570e+01
-9.825000000000111422e-02  -1.403749999999981402e-01  2.065000000000122293e-01  7.875000000000936806e-03  5.888749999999999263e-01  -1.344999999999992035e-01  1.727510595321655273e+01
-9.837500000000123923e-02  -1.310000000000061116e-01  2.903750000000093756e-01  3.875000000000405898e-03  4.076250000000000151e-01  -1.043750000000003009e-01  1.730662608146667480e+01
-6.612500000000021139e-02  -2.949999999999897149e-01  3.258750000000032454e-01  -7.450000000000164824e-02  -3.491249999999999076e-01  -1.447500000000025155e-01  1.734051108360290527e+01
-8.624999999999952149e-02  -3.368750000000003686e-01  5.561250000000045324e-01  -4.774999999999918199e-02  1.302500000000000324e-01  -9.937500000000223932e-02  1.737971186637878418e+01
-9.962500000000248934e-02  -1.923749999999946336e-01  4.758750000000006031e-01  -6.374999999999436673e-03  -3.874999999999999001e-01  -1.502500000000010771e-01  1.741116690635681152e+01
-1.672500000000007314e-01  -3.296250000000000568e-01  6.200000000000094325e-01  -1.250000000001250111e-03  -6.375000000000000111e-02  -1.461250000000004212e-01  1.744739603996276855e+01
-1.727500000000027625e-01  -2.603749999999932507e-01  6.988750000000015783e-01  -5.799999999999902456e-02  -1.342500000000000360e-01  -1.694999999999995122e-01  1.748055386543273926e+01
-1.724999999999990430e-01  -4.834999999999978204e-01  7.835000000000064135e-01  -1.094999999999984874e-01  5.758750000000001368e-01  -1.894999999999986973e-01  1.751141905784606934e+01
-1.291250000000007669e-01  -4.962500000000036326e-01  8.921249999999936175e-01  -1.067499999999992066e-01  -2.628750000000000808e-01  -1.810000000000006048e-01  1.754094195365905762e+01
0.000000000000000000e+00  0.000000000000000000e+00  0.000000000000000000e+00  0.000000000000000000e+00  0.000000000000000000e+00  0.000000000000000000e+00  1.757617187500000000e+01
-2.071249999999989766e-01  -7.632499999999931006e-01  1.090375000000004535e+00  -2.452500000000024105e-01  9.837499999999993472e-02  -2.104999999999988824e-01  1.761701393127441406e+01
-1.861250000000005123e-01  -8.784999999999903997e-01  1.326874999999991145e+00  -2.218749999999998501e-01  -6.625000000000011956e-03  -2.655000000000001248e-01  1.765410900115966797e+01
-2.130000000000013827e-01  -8.098750000000015659e-01  1.298750000000001181e+00  -1.403750000000016096e-01  4.333750000000000657e-01  -2.613749999999994689e-01  1.769265890121459961e+01
-1.688749999999988871e-01  -8.237499999999980949e-01  1.101875000000002158e+00  -1.891249999999983222e-01  4.171250000000000235e-01  -1.914999999999989488e-01  1.772940492630004883e+01
-6.924999999999986722e-02  -5.707499999999948725e-01  1.062875000000004677e+00  -9.712499999999998912e-02  -1.168749999999999928e-01  -1.995000000000000107e-01  1.777064895629882812e+01
-2.162500000000011635e-01  -7.772500000000001075e-01  1.107375000000000664e+00  -2.201249999999998208e-01  -3.406250000000000111e-01  -1.779999999999993254e-01  1.780664801597595215e+01
-1.661249999999996063e-01  -7.488750000000029550e-01  1.030375000000000041e+00  -2.413750000000002560e-01  3.332499999999999907e-01  -1.941249999999998532e-01  1.784265398979187012e+01
-1.687499999999996225e-01  -8.829999999999949001e-01  1.139999999999995239e+00  -1.892500000000001681e-01  -2.262499999999999512e-01  -1.626250000000004359e-01  1.788181304931640625e+01
-1.749999999999997946e-01  -8.797500000000054721e-01  1.140250000000002428e+00  -1.983750000000006342e-01  -1.409999999999999587e-01  -2.002499999999999003e-01  1.791893005371093750e+01
-1.267500000000001126e-01  -7.801249999999995133e-01  1.030375000000000041e+00  -1.316249999999997977e-01  -5.824999999999992684e-02  -1.368749999999998301e-01  1.796064591407775879e+01
-1.399999999999994860e-01  -7.694999999999992957e-01  9.569999999999995177e-01  -1.765000000000012947e-01  1.808750000000000357e-01  -1.482499999999999374e-01  1.800111699104309082e+01
-9.887500000000000455e-02  -6.536249999999979021e-01  8.809999999999997833e-01  -9.200000000000006783e-02  -2.524999999999998912e-01  -1.402500000000006242e-01  1.804148793220520020e+01
-1.925000000000016975e-02  -9.624999999999217515e-03  -1.100000000000024569e-01  -4.600000000000090128e-02  -3.052499999999999658e-01  -6.250000000000179023e-03  1.807670998573303223e+01
0.000000000000000000e+00  -1.987500000000000724e-02  -2.624999999999995826e-03  2.237500000000000253e-02  5.023750000000000160e-01  -4.397500000000000298e-01  1.888395094871520996e+01
-7.500000000000000590e-03  2.137500000000000511e-02  -5.999999999999996655e-03  -8.249999999999996919e-03  -5.167499999999999316e-01  4.805000000000000382e-01  1.893041992187500000e+01
-3.587499999999999717e-02  -1.934999999999999776e-01  2.542499999999999760e-01  -4.425000000000000461e-02  -1.322500000000000064e-01  -3.790000000000000036e-01  1.896420097351074219e+01
-7.162499999999996647e-02  -1.427124999999999533e+00  1.974624999999999853e+00  -4.898749999999998384e-01  -2.402499999999999913e-01  2.098749999999999782e-01  1.899620699882507324e+01
-9.737500000000001710e-02  -1.947875000000000023e+00  2.689374999999997407e+00  -8.486249999999995186e-01  -3.863749999999999685e-01  -3.162499999999996564e-02  1.902992606163024902e+01
-1.057499999999999413e-01  -1.859499999999999931e+00  2.627625000000001432e+00  -7.081249999999986722e-01  -4.386249999999999871e-01  -5.650000000000012651e-02  1.907235407829284668e+01
-8.349999999999981048e-02  -1.591750000000002885e+00  2.142375000000001695e+00  -5.791250000000015552e-01  2.935000000000000386e-01  3.912500000000009720e-02  1.912042903900146484e+01
-1.125000000000001832e-01  -1.298500000000001098e+00  2.136749999999999705e+00  -3.993750000000004241e-01  -4.728750000000001008e-01  8.374999999999702127e-03  1.915688204765319824e+01
-2.674999999999986416e-02  -1.094999999999998641e+00  1.762500000000000178e+00  -4.184999999999987064e-01  3.146249999999999880e-01  -1.399999999999999301e-01  1.919116401672363281e+01
-4.762499999999992434e-02  -1.142625000000001334e+00  1.775999999999999801e+00  -2.723749999999983129e-01  3.807499999999999774e-01  -7.187499999999988343e-02  1.922483897209167480e+01
-2.300000000000001696e-02  -8.476249999999976303e-01  1.374249999999993532e+00  -2.821249999999976277e-01  -8.912499999999998201e-02  3.250000000000648204e-03  1.925927400588989258e+01
-6.162499999999961064e-02  -5.271250000000032854e-01  1.011124999999987617e+00  -2.236249999999981308e-01  5.912500000000001088e-02  -1.249999999999515388e-03  1.929524588584899902e+01
-3.812499999999996447e-02  -5.644999999999955609e-01  9.524999999999950173e-01  -3.101250000000013718e-01  -3.881249999999999423e-01  5.087499999999970518e-02  1.932834291458129883e+01
-4.825000000000011224e-02  -3.452499999999983360e-01  5.646249999999991553e-01  -1.647500000000017006e-01  2.483749999999999569e-01  4.137499999999974531e-02  1.936544895172119141e+01
-2.412500000000070838e-02  -1.876249999999968221e-01  3.651250000000078044e-01  -1.414999999999992653e-01  4.645000000000000795e-01  5.587499999999950145e-02  1.939571690559387207e+01
1.475000000000000616e-02  -1.374999999999987343e-01  4.149999999999987033e-02  -8.825000000000152167e-02  5.418749999999998845e-01  5.799999999999989192e-02  1.942998003959655762e+01
3.475000000000005862e-02  -1.352500000000034230e-01  1.260000000000011111e-01  -8.700000000000027156e-02  -1.112500000000000155e-01  4.150000000000030054e-02  1.946661090850830078e+01
1.750000000000015432e-03  -1.276249999999992668e-01  3.725000000000255884e-02  -7.612499999999980393e-02  -1.981250000000000511e-01  1.899999999999991973e-02  1.950010108947753906e+01
5.737500000000013423e-02  1.001250000000064588e-01  -1.247500000000067999e-01  5.000000000001530998e-03  -5.529999999999999361e-01  -4.000000000000097228e-03  1.953229188919067383e+01
1.624999999999977157e-02  1.207500000000027995e-01  -5.191249999999952847e-01  5.112499999999908784e-02  -5.491249999999998632e-01  3.674999999999988692e-02  1.956663894653320312e+01
4.487500000000020639e-02  3.841249999999990505e-01  -5.445000000000033147e-01  2.474999999999977218e-01  7.337499999999998190e-02  -4.124999999999962030e-02  1.960176086425781250e+01
7.762499999999999956e-02  5.212500000000008793e-01  -9.353750000000021769e-01  2.343749999999984734e-01  7.124999999999969899e-03  8.775000000000014733e-02  1.963932299613952637e+01
4.074999999999998762e-02  6.616249999999990195e-01  -1.111874999999998170e+00  3.547500000000008979e-01  5.363749999999999352e-01  2.674999999999986416e-02  1.967041802406311035e+01
9.950000000000019940e-02  1.480249999999995403e+00  -2.438499999999996337e+00  5.002500000000006386e-01  -8.187500000000001721e-02  7.874999999999982014e-02  1.971036100387573242e+01
2.387500000000002467e-02  4.695000000000046358e-01  -9.836250000000018590e-01  2.118750000000002576e-01  -4.949999999999999956e-01  -1.431250000000000300e-01  1.975394892692565918e+01
2.712500000000023920e-02  4.733749999999981029e-01  -8.321250000000030012e-01  2.264999999999975366e-01  8.687500000000003553e-02  -1.246250000000001662e-01  1.978876495361328125e+01
3.712499999999983175e-02  4.714999999999996971e-01  -7.209999999999994191e-01  2.083750000000002267e-01  -3.515000000000000346e-01  3.200000000000034067e-02  1.982266092300415039e+01
2.599999999999998146e-02  5.485000000000003206e-01  -9.568749999999959233e-01  1.326249999999973284e-01  1.143750000000001016e-01  -3.487499999999974648e-02  1.985670495033264160e+01
4.787499999999973721e-02  7.412500000000057376e-01  -1.019875000000003418e+00  3.133750000000011249e-01  -5.421250000000000790e-01  2.260000000000000620e-01  1.989542698860168457e+01
4.312499999999997585e-02  7.064999999999987956e-01  -1.036875000000006430e+00  2.897500000000000631e-01  1.499999999999999667e-01  -2.068750000000000311e-01  1.993927597999572754e+01
7.662500000000008193e-02  6.291250000000011555e-01  -9.663749999999984297e-01  2.263749999999991325e-01  -1.180000000000000493e-01  3.825000000000008948e-02  1.998008799552917480e+01
2.462500000000012249e-02  5.451250000000004148e-01  -8.907500000000025953e-01  3.087499999999999689e-01  1.517499999999998572e-01  -7.149999999999995248e-02  2.001572299003601074e+01
4.125000000000005052e-02  5.247500000000009379e-01  -7.456249999999997602e-01  2.483750000000003177e-01  2.418750000000000067e-01  1.983749999999999680e-01  2.008148908615112305e+01
-1.087500000000003395e-02  -7.712500000000080402e-02  -1.274999999999887335e-02  2.399999999999971600e-02  -5.090000000000000080e-01  7.275000000000012013e-02  2.011656904220581055e+01
-2.250000000000000264e-02  -1.899999999999999467e-01  -4.374999999999983936e-03  -5.047500000000000320e-01  -5.071249999999999369e-01  1.250000000000165909e-04  2.093792295455932617e+01
1.499999999999999771e-02  1.988749999999999962e-01  2.887499999999999789e-02  1.772499999999999909e-01  -2.371250000000000302e-01  3.886249999999999982e-01  2.099167799949645996e+01
-3.662499999999999784e-02  -1.297499999999999765e-01  -1.582499999999999740e-01  -4.437500000000000472e-02  3.605000000000000426e-01  -3.787500000000000311e-01  2.102179408073425293e+01
-3.173749999999999627e-01  7.167499999999998872e-01  -1.237374999999999670e+00  7.337499999999999023e-01  -1.794999999999999929e-01  5.987500000000003236e-02  2.105164599418640137e+01
-3.505000000000000893e-01  1.104250000000000176e+00  -1.576875000000000027e+00  1.534999999999999976e-01  -3.850000000000001338e-02  -2.625000000000001221e-01  2.109284186363220215e+01
-3.563749999999998863e-01  1.120999999999998664e+00  -1.592750000000000332e+00  4.142500000000001181e-01  -1.031250000000000222e-01  -5.085000000000002851e-01  2.113017106056213379e+01
-2.732500000000000484e-01  8.547500000000013420e-01  -1.255624999999999769e+00  1.552499999999999991e-01  -4.990000000000001101e-01  -2.161250000000001781e-01  2.117019701004028320e+01
-2.265000000000001457e-01  6.782500000000017959e-01  -8.965000000000014069e-01  2.279999999999998972e-01  -6.386249999999999982e-01  -1.361250000000008287e-01  2.120637893676757812e+01
-1.372500000000002052e-01  6.032499999999996199e-01  -8.443749999999944356e-01  1.716249999999998888e-01  -2.436249999999999805e-01  -1.360000000000007037e-01  2.123896193504333496e+01
-1.530000000000003579e-01  5.968750000000001554e-01  -7.660000000000027898e-01  1.851249999999995122e-01  2.953749999999999987e-01  -7.500000000000041356e-02  2.127273797988891602e+01
-1.038749999999998008e-01  3.876249999999990536e-01  -5.718749999999994671e-01  1.471249999999996727e-01  -3.988749999999999796e-01  -7.375000000000436762e-03  2.130589604377746582e+01
-2.124999999999870048e-02  4.018750000000029243e-01  -4.939999999999944436e-01  1.806250000000002298e-01  -1.303750000000000187e-01  -5.812499999999914957e-02  2.133963799476623535e+01
-4.637500000000127631e-02  2.557499999999990337e-01  -3.329999999999999627e-01  1.248749999999999860e-01  5.188749999999999751e-01  -4.249999999999913569e-02  2.136938905715942383e+01
-4.949999999999919742e-02  2.909999999999995923e-01  -4.082499999999988916e-01  1.524999999999998579e-01  -3.118749999999999578e-01  -6.000000000000796363e-03  2.140757107734680176e+01
-5.637500000000086886e-02  2.662500000000025957e-01  -3.287500000000026512e-01  1.080000000000004567e-01  2.031250000000000000e-01  -5.125000000001656009e-03  2.144153904914855957e+01
-1.600000000000038891e-02  2.008750000000031344e-01  -3.024999999999555822e-02  9.625000000000084877e-02  7.275000000000000910e-02  2.012499999999931011e-02  2.147712492942810059e+01
4.925000000000068212e-02  1.274999999999887335e-02  -2.937499999999815259e-02  9.000000000000327183e-03  3.868750000000000244e-01  2.399999999999971600e-02  2.151237797737121582e+01
3.037500000000088740e-02  -4.987499999999783773e-02  -2.774999999999999689e-02  6.399999999999982092e-02  1.931249999999999356e-01  4.875000000000018208e-02  2.154461789131164551e+01
6.075000000000004008e-02  -5.575000000000024380e-02  1.468749999999977018e-01  -8.749999999999903688e-02  8.187499999999997558e-02  8.200000000000047529e-02  2.157206296920776367e+01
6.350000000000105560e-02  -1.339999999999952340e-01  2.369999999999941598e-01  -6.412499999999994593e-02  -4.053749999999999853e-01  2.062500000000154488e-02  2.160602807998657227e+01
1.519999999999993578e-01  -1.521250000000029523e-01  4.136250000000007976e-01  -2.549999999999948141e-02  3.911250000000000004e-01  8.949999999999930234e-02  2.164077687263488770e+01
1.728749999999994180e-01  -2.557499999999990337e-01  4.999999999999935052e-01  -3.687500000000044909e-02  1.362500000000000377e-01  1.001250000000003804e-01  2.167935895919799805e+01
9.637500000000009948e-02  -2.917500000000003424e-01  5.734999999999975673e-01  -9.537499999999997369e-02  -3.941249999999999476e-01  8.850000000000003697e-02  2.171954393386840820e+01
7.737500000000017975e-02  -3.036250000000018101e-01  3.981249999999991740e-01  -7.337500000000052314e-02  4.337499999999999689e-01  1.268750000000002376e-01  2.175333404541015625e+01
7.112500000000000766e-02  -2.762499999999987188e-01  3.814999999999998948e-01  -5.825000000000100930e-02  -4.056249999999999578e-01  3.050000000000014505e-02  2.178950500488281250e+01
1.212500000000006906e-01  -2.568749999999966893e-01  4.398749999999992943e-01  -5.374999999999997835e-02  -1.991250000000000797e-01  7.612499999999980393e-02  2.182578206062316895e+01
1.409999999999996256e-01  -3.912499999999992095e-01  5.191250000000021680e-01  -1.181249999999984396e-01  -2.467499999999999971e-01  9.325000000000044365e-02  2.186114597320556641e+01
8.862500000000016198e-02  -4.063749999999969886e-01  6.330000000000015614e-01  -1.402499999999997360e-01  2.481250000000000122e-01  1.108749999999998626e-01  2.190856790542602539e+01
1.254999999999997506e-01  -3.566249999999993037e-01  6.053749999999982201e-01  -1.323749999999996874e-01  -1.346249999999999669e-01  8.500000000000000611e-02  2.194823908805847168e+01
1.168749999999997846e-01  -2.885000000000005338e-01  4.718750000000000444e-01  -1.260000000000002507e-01  3.401249999999999551e-01  9.624999999999997446e-02  2.199576497077941895e+01
9.124999999999974798e-02  -3.633749999999991154e-01  4.611249999999997295e-01  -1.021249999999997854e-01  -3.766249999999999876e-01  6.787499999999979661e-02  2.204273796081542969e+01
-1.750000000000015432e-03  5.087499999999883782e-02  -3.249999999999780842e-03  3.174999999999966044e-02  -5.182499999999999885e-01  6.875000000000370398e-03  2.208382892608642578e+01
-7.499999999999998855e-03  -1.224999999999999874e-02  -1.487499999999999586e-02  -1.474999999999999922e-01  4.801249999999999685e-01  7.499999999999998855e-03  2.289510297775268555e+01
-7.499999999999998855e-03  3.237499999999999406e-02  9.875000000000008771e-03  -5.531249999999999778e-01  3.792500000000000315e-01  2.412500000000000408e-02  2.294046497344970703e+01
4.862500000000000155e-02  -1.337500000000000078e-01  1.908750000000000169e-01  -3.416250000000000120e-01  6.874999999999990494e-03  2.287499999999999950e-02  2.297189998626708984e+01
4.332500000000000240e-01  -1.327624999999999833e+00  1.497875000000000068e+00  -8.788749999999999618e-01  2.771249999999999547e-01  3.057500000000000218e-01  2.301283788681030273e+01
5.633750000000005143e-01  -1.734374999999999778e+00  1.926250000000000906e+00  -1.083749999999999575e-01  4.913750000000000617e-01  6.800000000000000488e-01  2.305015993118286133e+01
5.040000000000001146e-01  -1.644874999999996978e+00  1.884125000000000272e+00  -2.683750000000003633e-01  2.610000000000000098e-01  5.557499999999998552e-01  2.308975100517272949e+01
4.017499999999993299e-01  -1.317374999999999075e+00  1.527625000000001121e+00  -1.915000000000006974e-01  -2.998750000000000027e-01  4.045000000000003593e-01  2.313175392150878906e+01
3.036250000000000893e-01  -1.019625000000003112e+00  1.286250000000002558e+00  -2.479999999999999427e-01  -1.063749999999999973e-01  3.449999999999998068e-01  2.317765402793884277e+01
2.776250000000000662e-01  -9.033749999999979297e-01  1.150625000000002229e+00  -1.435000000000012654e-01  -5.977500000000000036e-01  2.233749999999996017e-01  2.321081709861755371e+01
2.298749999999991633e-01  -7.484999999999991660e-01  9.008750000000023128e-01  -1.209999999999995801e-01  -5.946249999999999591e-01  1.945000000000002283e-01  2.324831199645996094e+01
1.331250000000012979e-01  -5.604999999999984439e-01  8.809999999999997833e-01  -4.237500000000074540e-02  1.666250000000000231e-01  1.502499999999993285e-01  2.328756904602050781e+01
9.512499999999972367e-02  -4.213750000000016094e-01  5.352500000000010028e-01  -4.987499999999957245e-02  -4.139999999999999791e-01  1.091249999999981124e-01  2.332357788085937500e+01
3.637499999999994904e-02  -2.079999999999998517e-01  4.776250000000023532e-01  -4.725000000000041667e-02  -3.679999999999999938e-01  6.012500000000114975e-02  2.335734105110168457e+01
3.075000000000126243e-02  -2.093750000000046962e-01  3.494999999999956475e-01  -8.274999999999949063e-02  5.875000000000000222e-01  9.749999999999342526e-03  2.339211106300354004e+01
2.387499999999959099e-02  -7.549999999999917888e-02  2.606250000000073785e-01  -5.250000000000046296e-03  3.828749999999999654e-01  4.249999999997311484e-03  2.342867207527160645e+01
1.249999999999515388e-03  -3.649999999999486988e-02  -2.537500000000803002e-02  -2.512500000000084110e-02  -1.718750000000001388e-01  -4.550000000000040123e-02  2.345988893508911133e+01
-3.249999999999954314e-02  7.374999999999742872e-02  6.925000000000680611e-02  1.925000000000016975e-02  -5.542500000000000204e-01  -9.349999999999983324e-02  2.349301290512084961e+01
-7.250000000000311751e-03  -1.029999999999989257e-01  7.025000000000780620e-02  2.487500000000059108e-02  -5.182499999999999885e-01  -1.064999999999989566e-01  2.353180193901062012e+01
-4.962499999999932243e-02  9.125000000000105249e-02  1.724999999999643485e-02  3.200000000000077782e-02  -4.062500000000000000e-01  -1.348749999999995786e-01  2.356761503219604492e+01
-5.487499999999936873e-02  1.033749999999958313e-01  -8.137499999999464606e-02  -1.250000000001250111e-03  -3.037499999999996453e-02  -1.141250000000013781e-01  2.360157608985900879e+01
-1.595000000000016405e-01  2.621250000000019398e-01  -3.887500000000002065e-01  2.074999999999993516e-02  -1.084999999999999853e-01  -1.569999999999991402e-01  2.363770008087158203e+01
-1.412500000000007361e-01  3.438750000000004303e-01  -3.857499999999972062e-01  1.212500000000015649e-01  5.377500000000000613e-01  -2.025000000000012901e-01  2.367512798309326172e+01
-1.294999999999993934e-01  4.576250000000031681e-01  -6.116249999999975318e-01  1.736250000000001681e-01  8.999999999999991340e-02  -1.707500000000007623e-01  2.371057605743408203e+01
-3.324999999999994627e-01  1.129749999999998700e+00  -1.275374999999995262e+00  3.181249999999989364e-01  7.587499999999998412e-02  -3.610000000000002096e-01  2.374719905853271484e+01
-1.321250000000002978e-01  4.847499999999990705e-01  -6.241249999999961551e-01  6.849999999999911715e-02  -4.402499999999999747e-01  -1.523750000000014537e-01  2.379012989997863770e+01
-1.031250000000007855e-01  3.724999999999978328e-01  -4.142499999999979532e-01  6.174999999999930544e-02  -5.093749999999999112e-01  -1.559999999999998888e-01  2.382976794242858887e+01
-1.587500000000008904e-01  3.918749999999998623e-01  -4.578749999999964793e-01  8.750000000000077161e-03  1.769999999999999629e-01  -1.606250000000010447e-01  2.387159991264343262e+01
-1.200000000000003147e-01  4.798750000000046034e-01  -5.676249999999951612e-01  7.212500000000013345e-02  4.468750000000000222e-01  -1.432499999999992668e-01  2.391048502922058105e+01
-1.257499999999991125e-01  4.732500000000014473e-01  -6.111250000000040261e-01  7.324999999999952383e-02  -1.932500000000000051e-01  -1.905000000000005578e-01  2.395190405845642090e+01
-1.736250000000001681e-01  5.852499999999989377e-01  -7.178749999999997078e-01  1.236249999999995963e-01  -3.953749999999999765e-01  -2.222500000000002252e-01  2.398928403854370117e+01
-1.590000000000002800e-01  5.387499999999975087e-01  -6.655000000000063087e-01  9.512499999999972367e-02  -4.843750000000000000e-01  -1.257500000000000007e-01  2.403078889846801758e+01
-1.514999999999997182e-01  6.032499999999996199e-01  -6.481249999999993960e-01  1.512500000000003286e-01  -2.238749999999999907e-01  -1.445000000000005169e-01  2.406938409805297852e+01
-1.128750000000001280e-01  5.640000000000019442e-01  -6.794999999999995488e-01  1.254999999999997506e-01  2.653749999999999720e-01  -9.249999999999969358e-02  2.411548995971679688e+01
1.000000000000132727e-03  -2.575000000000146616e-02  2.412499999999984102e-02  -3.225000000000016048e-02  8.974999999999998257e-02  -2.462499999999947370e-02  2.415420603752136230e+01
