  q1     q2   q3   q4  q5   q6   t1
-1.039799038563863576e+00  -1.134957138692037404e+00  1.544919967651367188e+00  -2.096937004719869435e+00  -1.569955174122945607e+00  -3.569926087056295216e+00  0.000000000000000000e+00
-1.039787117634908498e+00  -1.134957138692037404e+00  1.544932365417480469e+00  -2.096937004719869435e+00  -1.569979015980855763e+00  -3.569913927708761037e+00  9.168386459350585938e-02
-1.042340103779928029e+00  -1.136395756398336232e+00  1.543556213378906250e+00  -2.098685566579000294e+00  -1.574947182332174123e+00  -3.569794480000631154e+00  1.770660877227783203e-01
-1.054182831441060841e+00  -1.143853012715474904e+00  1.536615848541259766e+00  -2.108480755482808888e+00  -1.599226776753560841e+00  -3.568991963063375294e+00  2.385680675506591797e-01
-1.070988003407613576e+00  -1.166776005421773732e+00  1.535502910614013672e+00  -2.122766796742574513e+00  -1.630799118672506154e+00  -3.567064110432760060e+00  3.189399242401123047e-01
-1.074272457753316701e+00  -1.187695805226461232e+00  1.547253608703613281e+00  -2.131699864064351857e+00  -1.638078514729635060e+00  -3.562178913746969044e+00  3.694500923156738281e-01
-1.072066609059469044e+00  -1.203544918690816701e+00  1.559530735015869141e+00  -2.135495964680806935e+00  -1.644281212483541310e+00  -3.556407038365499318e+00  4.113819599151611328e-01
-1.062285725270406544e+00  -1.229728047047750294e+00  1.581991195678710938e+00  -2.132394615803853810e+00  -1.667030159627095998e+00  -3.544792000447408498e+00  4.774050712585449219e-01
-1.043334786091939748e+00  -1.261436764393941701e+00  1.610697746276855469e+00  -2.118743244801656544e+00  -1.706460777913228810e+00  -3.530255142842428029e+00  5.459609031677246094e-01
-1.022142712269918263e+00  -1.287762943898336232e+00  1.636077404022216797e+00  -2.103296105061666310e+00  -1.740504566823140919e+00  -3.518137756978170216e+00  5.993080139160156250e-01
-1.007050816212789357e+00  -1.306799713765279591e+00  1.654983997344970703e+00  -2.090015713368551076e+00  -1.764598671589986623e+00  -3.509455744420186818e+00  6.402668952941894531e-01
-9.887345472918909195e-01  -1.332705799733297169e+00  1.682207107543945312e+00  -2.070329014454976857e+00  -1.797879521046773732e+00  -3.497637573872701466e+00  6.960399150848388672e-01
-9.718082586871545914e-01  -1.354200665150777638e+00  1.705193996429443359e+00  -2.051696125661031544e+00  -1.825485054646627248e+00  -3.487758700047628224e+00  7.443900108337402344e-01
-9.562962690936487320e-01  -1.371774021779195607e+00  1.724292755126953125e+00  -2.035494152699605763e+00  -1.846995178853170216e+00  -3.479364697133199513e+00  7.838940620422363281e-01
-9.387944380389612320e-01  -1.388413254414693654e+00  1.743283271789550781e+00  -2.018501583729879201e+00  -1.866518322621480763e+00  -3.471342150365011037e+00  8.295710086822509766e-01
-9.162209669696252945e-01  -1.407844845448629201e+00  1.765947818756103516e+00  -1.997988049183980763e+00  -1.887048069630758107e+00  -3.462026421223775685e+00  8.758120536804199219e-01
-8.925202528582971695e-01  -1.425802055989400685e+00  1.787355899810791016e+00  -1.977666680012838185e+00  -1.904463593159810841e+00  -3.452746216450826466e+00  9.255869388580322266e-01
-8.679083029376428726e-01  -1.442368332539693654e+00  1.807615756988525391e+00  -1.957404915486470998e+00  -1.918514553700582326e+00  -3.444148842488424123e+00  9.664149284362792969e-01
-8.475630919085901382e-01  -1.455038849507467091e+00  1.823603153228759766e+00  -1.941297833119527638e+00  -1.927606407796041310e+00  -3.437359396611348927e+00  1.007659912109375000e+00
-8.272421995746057632e-01  -1.466582600270406544e+00  1.838070869445800781e+00  -1.925874058400289357e+00  -1.934506241475240529e+00  -3.431001011525289357e+00  1.045984983444213867e+00
-8.107336203204553726e-01  -1.474673573170797169e+00  1.848924636840820312e+00  -1.914305988942281544e+00  -1.938363377247945607e+00  -3.426031414662496388e+00  1.083371877670288086e+00
-7.863834539996545914e-01  -1.485534016286031544e+00  1.863656044006347656e+00  -1.897875610982076466e+00  -1.941645447407857716e+00  -3.418871227894918263e+00  1.126435995101928711e+00
-7.662413755999963882e-01  -1.493098084126607716e+00  1.874534130096435547e+00  -1.885936085377828419e+00  -1.942196671162740529e+00  -3.413494412099019826e+00  1.173667907714843750e+00
-7.455590407000940445e-01  -1.499186817799703419e+00  1.884083747863769531e+00  -1.874918286000387013e+00  -1.940723244343892873e+00  -3.408704821263448537e+00  1.211005926132202148e+00
-7.250564734088342789e-01  -1.503574673329488576e+00  1.891767024993896484e+00  -1.865709606801168263e+00  -1.937213246022359669e+00  -3.404226605092183888e+00  1.247828960418701172e+00
-7.034142653094690445e-01  -1.506247822438375294e+00  1.897583007812500000e+00  -1.858296696339742482e+00  -1.931164089833394826e+00  -3.400167290364400685e+00  1.288775920867919922e+00
-6.796734968768518570e-01  -1.506966892872945607e+00  1.901687622070312500e+00  -1.852441136037008107e+00  -1.922718826924459279e+00  -3.396491352711812794e+00  1.327672004699707031e+00
-6.541698614703577164e-01  -1.505660359059469044e+00  1.903650283813476562e+00  -1.848848168049947560e+00  -1.912609402333394826e+00  -3.393282000218526662e+00  1.366957902908325195e+00
-6.276224295245569351e-01  -1.502735439931051076e+00  1.903518676757812500e+00  -1.847471062337056935e+00  -1.900462929402486623e+00  -3.390492264424459279e+00  1.410113096237182617e+00
-6.003187338458459976e-01  -1.497904602681295216e+00  1.901508331298828125e+00  -1.847878281270162404e+00  -1.887083832417623341e+00  -3.388049189244405568e+00  1.453684091567993164e+00
-5.660241285907190445e-01  -1.489633862172262013e+00  1.896673202514648438e+00  -1.850620571766988576e+00  -1.868338886891500294e+00  -3.385462824498311818e+00  1.502115964889526367e+00
-5.312488714801233414e-01  -1.479468647633687794e+00  1.889553070068359375e+00  -1.855590645466939748e+00  -1.847318474446431935e+00  -3.383259598408834279e+00  1.542519092559814453e+00
-5.083206335650842789e-01  -1.472108666096822560e+00  1.883880615234375000e+00  -1.859758202229635060e+00  -1.832299534474508107e+00  -3.382050339375631154e+00  1.578845977783203125e+00
-4.806187788592737320e-01  -1.462123696004049123e+00  1.876018047332763672e+00  -1.865745846425191701e+00  -1.812538448964254201e+00  -3.380685393010274709e+00  1.619332075119018555e+00
-4.488757292376917007e-01  -1.449093166981832326e+00  1.865582942962646484e+00  -1.874080959950582326e+00  -1.787975136433736623e+00  -3.379260365162984669e+00  1.663716077804565430e+00
-4.245074431048792007e-01  -1.437753025685445607e+00  1.856212615966796875e+00  -1.881744686757222951e+00  -1.767401043568746388e+00  -3.378314081822530568e+00  1.704444885253906250e+00
-4.061706701861780289e-01  -1.428415600453512013e+00  1.848123073577880859e+00  -1.888319317494527638e+00  -1.751042668019429982e+00  -3.377691570912496388e+00  1.741472005844116211e+00
-3.850992361651819351e-01  -1.416463200245992482e+00  1.838214397430419922e+00  -1.896618191395894826e+00  -1.731211964284078419e+00  -3.376949373875753224e+00  1.776890993118286133e+00
-3.660910765277307632e-01  -1.404727760945455373e+00  1.827994823455810547e+00  -1.905408207570211232e+00  -1.712447945271627248e+00  -3.376601759587423146e+00  1.814491987228393555e+00
-3.526590506183069351e-01  -1.395761315022603810e+00  1.819881439208984375e+00  -1.912162605916158498e+00  -1.698521439229146779e+00  -3.376206700001851857e+00  1.852500915527343750e+00
-3.400419394122522476e-01  -1.386974159871236623e+00  1.812270641326904297e+00  -1.918640915547506154e+00  -1.685697380696431935e+00  -3.375955406819478810e+00  1.885251045227050781e+00
-3.216083685504358414e-01  -1.373176876698629201e+00  1.799944877624511719e+00  -1.929251019154683888e+00  -1.665880982075826466e+00  -3.375535790120260060e+00  1.937524080276489258e+00
-3.124821821795862320e-01  -1.365780178700582326e+00  1.793351173400878906e+00  -1.935083214436666310e+00  -1.656086746846334279e+00  -3.375225130711690724e+00  1.974030017852783203e+00
-3.003924528705042007e-01  -1.355494801198140919e+00  1.784173011779785156e+00  -1.943274323140279591e+00  -1.642640892659322560e+00  -3.375093285237447560e+00  2.014971017837524414e+00
-2.337444464312952164e-01  -1.285389248524801076e+00  1.718716621398925781e+00  -2.004322830830709279e+00  -1.570529762898580373e+00  -3.375416342412130177e+00  2.831541061401367188e+00
-2.337687651263635757e-01  -1.285485092793599904e+00  1.718692779541015625e+00  -2.004239384328023732e+00  -1.570745293294088185e+00  -3.375524346028463185e+00  2.884975910186767578e+00
-2.337930838214319351e-01  -1.285569016133443654e+00  1.718752384185791016e+00  -2.004239384328023732e+00  -1.570697132741109669e+00  -3.375595871602193654e+00  2.913655996322631836e+00
-2.335889975177209976e-01  -1.285892788563863576e+00  1.719326496124267578e+00  -2.004215065632955373e+00  -1.570649449025289357e+00  -3.375344578419820607e+00  2.944041013717651367e+00
-2.322576681720178726e-01  -1.287774864827291310e+00  1.721468448638916016e+00  -2.004335228596822560e+00  -1.570757214223043263e+00  -3.373836104069845021e+00  2.977056026458740234e+00
-2.293069998370569351e-01  -1.291443173085347951e+00  1.725656986236572266e+00  -2.004981819783345998e+00  -1.570757214223043263e+00  -3.370758358632222951e+00  3.009651899337768555e+00
-2.223385016070764664e-01  -1.300338093434469044e+00  1.735373973846435547e+00  -2.006825749074117482e+00  -1.570577446614400685e+00  -3.363454167042867482e+00  3.058148860931396484e+00
-2.144587675677698257e-01  -1.310060803090230763e+00  1.746311187744140625e+00  -2.008610073720113576e+00  -1.570541683827535451e+00  -3.355263773594991505e+00  3.097110033035278320e+00
-2.092292944537561539e-01  -1.316917721425191701e+00  1.754364490509033203e+00  -2.009891812001363576e+00  -1.570697132741109669e+00  -3.349779192601339162e+00  3.121845960617065430e+00
-2.034962813006799820e-01  -1.324194256459371388e+00  1.763183116912841797e+00  -2.010992828999654591e+00  -1.570637528096334279e+00  -3.343936030064718068e+00  3.147367954254150391e+00
-1.952684561358850601e-01  -1.334851566945211232e+00  1.775700569152832031e+00  -2.012621704732076466e+00  -1.570673290883199513e+00  -3.335589949284688771e+00  3.174797058105468750e+00
-1.865847746478479507e-01  -1.345976654683248341e+00  1.789246559143066406e+00  -2.014310185109273732e+00  -1.570553604756490529e+00  -3.326621119176046193e+00  3.208910942077636719e+00
-1.778772513019006851e-01  -1.357604805623189748e+00  1.803391456604003906e+00  -2.016046826039449513e+00  -1.570673290883199513e+00  -3.317472759877340138e+00  3.243891954421997070e+00
-1.690014044391077164e-01  -1.369604412709371388e+00  1.817978382110595703e+00  -2.017902676259176076e+00  -1.570697132741109669e+00  -3.308492008839742482e+00  3.273408889770507812e+00
-1.596820990191858414e-01  -1.381352726613179982e+00  1.832757472991943359e+00  -2.019639317189351857e+00  -1.570661369954244435e+00  -3.299367491398946584e+00  3.304821014404296875e+00
-1.506627241717737320e-01  -1.393363777791158498e+00  1.847165584564208984e+00  -2.021638695393697560e+00  -1.570565525685445607e+00  -3.290206972752706349e+00  3.334860086441040039e+00
-1.420868078814905289e-01  -1.405171696339742482e+00  1.861944675445556641e+00  -2.023483101521627248e+00  -1.570685211812154591e+00  -3.281345907841817677e+00  3.368808031082153320e+00
-1.334388891803186539e-01  -1.416835133229390919e+00  1.876197338104248047e+00  -2.025362793599263966e+00  -1.570757214223043263e+00  -3.272748295460836232e+00  3.404721021652221680e+00
-1.249831358539026382e-01  -1.428103272114888966e+00  1.890103340148925781e+00  -2.027171913777486623e+00  -1.570637528096334279e+00  -3.264390055333272755e+00  3.436142921447753906e+00
-1.149919668780725601e-01  -1.441709343587056935e+00  1.906426906585693359e+00  -2.029423062001363576e+00  -1.570757214223043263e+00  -3.254499260579244435e+00  3.471570014953613281e+00
-1.075909773456018570e-01  -1.452174011860982716e+00  1.918825149536132812e+00  -2.031122986470357716e+00  -1.570553604756490529e+00  -3.247039143239156544e+00  3.503336906433105469e+00
-1.020377318011682632e-01  -1.459617916737691701e+00  1.927596569061279297e+00  -2.032356564198629201e+00  -1.570649449025289357e+00  -3.241746250783101857e+00  3.533355951309204102e+00
-9.341365495790654450e-02  -1.471185986195699513e+00  1.941348075866699219e+00  -2.034392182026998341e+00  -1.570625607167379201e+00  -3.233376089726583302e+00  3.567916870117187500e+00
-8.721286455263310700e-02  -1.479540650044576466e+00  1.951472282409667969e+00  -2.035721127186910451e+00  -1.570398155842916310e+00  -3.227208916340963185e+00  3.606150865554809570e+00
-8.164722124208623200e-02  -1.487356487904683888e+00  1.960507869720458984e+00  -2.037002865468160451e+00  -1.570338074360982716e+00  -3.221784893666402638e+00  3.636439085006713867e+00
-7.622605959047490387e-02  -1.494488541279928029e+00  1.968765735626220703e+00  -2.038224045430318654e+00  -1.570338074360982716e+00  -3.216779772435323537e+00  3.664998054504394531e+00
-7.147580782045537262e-02  -1.501009289418355763e+00  1.976496696472167969e+00  -2.039349857960836232e+00  -1.570027176533834279e+00  -3.212265078221456349e+00  3.700615882873535156e+00
-2.046329179872685700e-02  -1.569477860127584279e+00  2.051596164703369141e+00  -2.053025547658101857e+00  -1.570769135151998341e+00  -3.162126843129293263e+00  4.518148899078369141e+00
-2.047521272768193512e-02  -1.569442097340719044e+00  2.051488399505615234e+00  -2.052917782460347951e+00  -1.570805374776021779e+00  -3.162186686192647755e+00  4.560229063034057617e+00
-2.054721513857060700e-02  -1.569381539021627248e+00  2.051488399505615234e+00  -2.053037468587056935e+00  -1.570876900349752248e+00  -3.162114683781759084e+00  4.589075088500976562e+00
-2.071506181825810700e-02  -1.569117848073140919e+00  2.051069736480712891e+00  -2.052917782460347951e+00  -1.570745293294088185e+00  -3.162222687398092091e+00  4.620110988616943359e+00
-2.160245576967412262e-02  -1.567488018666402638e+00  2.048963069915771484e+00  -2.052522484456197560e+00  -1.570673290883199513e+00  -3.162869040166036427e+00  4.650276899337768555e+00
-2.420550981630498200e-02  -1.562705341969625294e+00  2.042368412017822266e+00  -2.051528755818502248e+00  -1.570421997700826466e+00  -3.165515724812642873e+00  4.690823078155517578e+00
-2.840358415712529450e-02  -1.554685894642965138e+00  2.031513214111328125e+00  -2.049325291310445607e+00  -1.570314232503072560e+00  -3.169982020054952443e+00  4.729690074920654297e+00
-3.290158907045537262e-02  -1.546007935200826466e+00  2.020023822784423828e+00  -2.046738449727193654e+00  -1.570170227681295216e+00  -3.174688164387838185e+00  4.762809038162231445e+00
-3.985816637148076325e-02  -1.532834355031148732e+00  2.002418994903564453e+00  -2.042870823537008107e+00  -1.569907013569967091e+00  -3.181406084691182912e+00  4.799424886703491211e+00
-4.440433183778935700e-02  -1.523964230214254201e+00  1.990187644958496094e+00  -2.040295902882711232e+00  -1.569859329854146779e+00  -3.185848776494161427e+00  4.828665971755981445e+00
-5.095321336855107575e-02  -1.510754887257711232e+00  1.972104072570800781e+00  -2.036452118550435841e+00  -1.569487873707906544e+00  -3.192231480275289357e+00  4.859960079193115234e+00
-5.987722078432256012e-02  -1.492810551320211232e+00  1.947152137756347656e+00  -2.031410996113912404e+00  -1.568938080464498341e+00  -3.200936857854024709e+00  4.895977020263671875e+00
-6.748181978334599762e-02  -1.477334801350728810e+00  1.925502777099609375e+00  -2.027219597493306935e+00  -1.568722073231832326e+00  -3.208277765904561818e+00  4.927016973495483398e+00
-7.341939607729131012e-02  -1.465228382741109669e+00  1.908640861511230469e+00  -2.023890320454732716e+00  -1.568507019673482716e+00  -3.213833872471944630e+00  4.956001043319702148e+00
-8.140737215151006012e-02  -1.448505703602926076e+00  1.885065555572509766e+00  -2.019363705311910451e+00  -1.568386856709615529e+00  -3.221365992222921193e+00  4.987334966659545898e+00
-8.962327638734990387e-02  -1.431495968495504201e+00  1.860628604888916016e+00  -2.014729324971334279e+00  -1.568411175404683888e+00  -3.229244772587911427e+00  5.014609098434448242e+00
-9.791213670839482575e-02  -1.413934055958883107e+00  1.836108207702636719e+00  -2.009807888661519826e+00  -1.568243328724996388e+00  -3.237160030995504201e+00  5.050472974777221680e+00
-1.082509199725549820e-01  -1.391913239155904591e+00  1.805018901824951172e+00  -2.003557030354635060e+00  -1.568267170582906544e+00  -3.246823851262227834e+00  5.088881969451904297e+00
-1.162031332599084976e-01  -1.374028031026021779e+00  1.780223846435546875e+00  -1.998467270527974904e+00  -1.568279091511861623e+00  -3.254511419926778615e+00  5.119616031646728516e+00
-1.222842375384729507e-01  -1.360745255147115529e+00  1.761412620544433594e+00  -1.994695011769429982e+00  -1.568327252064840138e+00  -3.260366741810933888e+00  5.149456024169921875e+00
-1.302726904498499039e-01  -1.342631642018453419e+00  1.736833095550537109e+00  -1.989653889332906544e+00  -1.568351093922750294e+00  -3.268114153538839162e+00  5.181427955627441406e+00
-1.381290594684045914e-01  -1.324877564107076466e+00  1.712050914764404297e+00  -1.984935585652486623e+00  -1.568374935780660451e+00  -3.275502506886617482e+00  5.209970951080322266e+00
-1.472681204425256851e-01  -1.302927796040670216e+00  1.682410717010498047e+00  -1.978636566792623341e+00  -1.568171803151265919e+00  -3.284507338200704396e+00  5.248416900634765625e+00
-1.545489470111292007e-01  -1.285844628010885060e+00  1.659244537353515625e+00  -1.973666969929830373e+00  -1.568123642598287404e+00  -3.291476313267843068e+00  5.283235073089599609e+00
-1.630767027484338882e-01  -1.265393082295553029e+00  1.632021427154541016e+00  -1.967835251485006154e+00  -1.568075958882467091e+00  -3.299822632466451466e+00  5.319998979568481445e+00
-1.695054213153284195e-01  -1.249712292348043263e+00  1.611535072326660156e+00  -1.963320557271138966e+00  -1.568039719258443654e+00  -3.306013170872823537e+00  5.353950023651123047e+00
-1.768696943866174820e-01  -1.231022183095113576e+00  1.587076663970947266e+00  -1.957895580922262013e+00  -1.568231407796041310e+00  -3.313353363667623341e+00  5.391609907150268555e+00
-1.810677687274377945e-01  -1.220280949269429982e+00  1.573267936706542969e+00  -1.954686466847554982e+00  -1.568423096333638966e+00  -3.317640129719869435e+00  5.419697046279907227e+00
-1.864288488971155289e-01  -1.206961456929342091e+00  1.555701255798339844e+00  -1.950746361409322560e+00  -1.568411175404683888e+00  -3.323064867650167287e+00  5.453665971755981445e+00
-1.926177183734338882e-01  -1.190800968800679982e+00  1.535718441009521484e+00  -1.945717159901754201e+00  -1.568507019673482716e+00  -3.329386774693624318e+00  5.489646911621093750e+00
-1.973193327533167007e-01  -1.179171864186422169e+00  1.520712852478027344e+00  -1.942040745412008107e+00  -1.568398777638570607e+00  -3.334129158650533498e+00  5.517988920211791992e+00
-2.026804129229944351e-01  -1.164857689534322560e+00  1.503350734710693359e+00  -1.937729660664693654e+00  -1.568267170582906544e+00  -3.339445416127340138e+00  5.558352947235107422e+00
-2.072504202472131851e-01  -1.152269188557760060e+00  1.487866401672363281e+00  -1.933717552815572560e+00  -1.568195645009176076e+00  -3.344283167515889943e+00  5.602483034133911133e+00
-2.108605543719690445e-01  -1.142713848744527638e+00  1.476462841033935547e+00  -1.930687729512349904e+00  -1.568171803151265919e+00  -3.347959343587056935e+00  5.631342887878417969e+00
-2.141225973712366226e-01  -1.133950058613912404e+00  1.466087818145751953e+00  -1.927933518086568654e+00  -1.568231407796041310e+00  -3.351288143788472951e+00  5.668870925903320312e+00
-2.176249662982385757e-01  -1.124035660420553029e+00  1.454445362091064453e+00  -1.924820248280660451e+00  -1.568015877400533498e+00  -3.355012480412618459e+00  5.704247951507568359e+00
-2.214391867267053726e-01  -1.113641087208883107e+00  1.442215919494628906e+00  -1.921442810689107716e+00  -1.567859951649801076e+00  -3.358987633381978810e+00  5.751681089401245117e+00
-2.464941183673303726e-01  -1.044884030018941701e+00  1.367738246917724609e+00  -1.893624607716695607e+00  -1.570924584065572560e+00  -3.388061348591939748e+00  6.579391002655029297e+00
-2.464578787433069351e-01  -1.044979397450582326e+00  1.367786407470703125e+00  -1.893612209950582326e+00  -1.570912663136617482e+00  -3.388085190449849904e+00  6.629611968994140625e+00
-2.464221159564417007e-01  -1.045039955769674123e+00  1.367882251739501953e+00  -1.893648449574605763e+00  -1.570853058491842091e+00  -3.388085190449849904e+00  6.659529924392700195e+00
-2.461941877948206070e-01  -1.045567337666646779e+00  1.368611812591552734e+00  -1.893791977559224904e+00  -1.570853058491842091e+00  -3.387857977543966115e+00  6.688720941543579102e+00
-2.447069326983850601e-01  -1.049355808888570607e+00  1.372824192047119141e+00  -1.894534413014547169e+00  -1.570841137562887013e+00  -3.386408869420186818e+00  6.726145982742309570e+00
-2.424162069903772476e-01  -1.055278126393453419e+00  1.379621028900146484e+00  -1.895636383687154591e+00  -1.570745293294088185e+00  -3.384038035069600880e+00  6.762842893600463867e+00
-2.383382956134241226e-01  -1.065841023121969044e+00  1.392244815826416016e+00  -1.897791687642232716e+00  -1.570721451436178029e+00  -3.379511658345357716e+00  6.803729057312011719e+00
-2.329767386065881851e-01  -1.080383602772847951e+00  1.409069538116455078e+00  -1.900785271321431935e+00  -1.570601288472310841e+00  -3.373560730610982716e+00  6.843771934509277344e+00
-2.260807196246545914e-01  -1.098199192677633107e+00  1.430058002471923828e+00  -1.904437843953267873e+00  -1.570505444203512013e+00  -3.366507593785421193e+00  6.883781909942626953e+00
-2.184641996966760757e-01  -1.118952099476949513e+00  1.454900264739990234e+00  -1.908438030873433888e+00  -1.570230309163228810e+00  -3.358293120061055959e+00  6.919931888580322266e+00
-2.119043509112756851e-01  -1.137139145527974904e+00  1.477252960205078125e+00  -1.911994759236470998e+00  -1.570110623036519826e+00  -3.351192537938253224e+00  6.953011035919189453e+00
-2.068541685687463882e-01  -1.151717964802877248e+00  1.495165824890136719e+00  -1.914868656788961232e+00  -1.569979015980855763e+00  -3.345732275639669240e+00  6.981251955032348633e+00
-1.978948752032678726e-01  -1.177205864583150685e+00  1.527114868164062500e+00  -1.919718567525045216e+00  -1.569871250783101857e+00  -3.336212698613302052e+00  7.014929056167602539e+00
-1.904113928424280289e-01  -1.198737446461812794e+00  1.554050445556640625e+00  -1.923838440571920216e+00  -1.569775406514303029e+00  -3.328046147023336232e+00  7.046426057815551758e+00
-1.828907171832483414e-01  -1.220951859151021779e+00  1.582493782043457031e+00  -1.928041760121480763e+00  -1.569811169301168263e+00  -3.319807831441060841e+00  7.079782962799072266e+00
-1.753461996661584976e-01  -1.243646446858541310e+00  1.611283779144287109e+00  -1.932484451924459279e+00  -1.569571797047750294e+00  -3.311665121709005177e+00  7.110179901123046875e+00
-1.696251074420374039e-01  -1.260801617299215138e+00  1.633038520812988281e+00  -1.935933415089742482e+00  -1.569512192402974904e+00  -3.305630032216207326e+00  7.141674041748046875e+00
-1.597541014300745132e-01  -1.289680782948629201e+00  1.670001983642578125e+00  -1.941441837941304982e+00  -1.569069210683004201e+00  -3.295248333607808888e+00  7.176261901855468750e+00
-1.520779768573206070e-01  -1.312745873128072560e+00  1.699318885803222656e+00  -1.946051899586812794e+00  -1.568829838429586232e+00  -3.287069861088887990e+00  7.206448078155517578e+00
-1.446417013751428726e-01  -1.335594956074849904e+00  1.728624343872070312e+00  -1.950423065816060841e+00  -1.568590466176168263e+00  -3.279226605092183888e+00  7.241492033004760742e+00
-1.374204794513147476e-01  -1.358264271412984669e+00  1.757164001464843750e+00  -1.954829994832174123e+00  -1.568446938191549123e+00  -3.271479193364278615e+00  7.277720928192138672e+00
-1.282694975482385757e-01  -1.385931317006246388e+00  1.792693138122558594e+00  -1.960243050252095998e+00  -1.568147484456197560e+00  -3.262090984974996388e+00  7.313405036926269531e+00
-1.213968435870569351e-01  -1.408312145863668263e+00  1.820372104644775391e+00  -1.964709583912984669e+00  -1.568051640187398732e+00  -3.254846398030416310e+00  7.346900939941406250e+00
-1.146438757525842789e-01  -1.430129353200094044e+00  1.847261428833007812e+00  -1.968936745320455373e+00  -1.567824188862935841e+00  -3.247997109089986623e+00  7.377822875976562500e+00
-1.083467642413538101e-01  -1.451514546071187794e+00  1.873528957366943359e+00  -1.973175827656881154e+00  -1.567668739949361623e+00  -3.241435114537374318e+00  7.409929037094116211e+00
-1.004427115069788101e-01  -1.477022949849263966e+00  1.904727458953857422e+00  -1.978301350270406544e+00  -1.567644898091451466e+00  -3.233555857335225880e+00  7.447423934936523438e+00
-9.473306337465459137e-02  -1.496454540883199513e+00  1.928051948547363281e+00  -1.982085529957906544e+00  -1.567788426076070607e+00  -3.227723900471822560e+00  7.483687877655029297e+00
-8.790856996645146637e-02  -1.519409004841939748e+00  1.955744743347167969e+00  -1.986707512532369435e+00  -1.567800347005025685e+00  -3.221090618764058888e+00  7.523535013198852539e+00
-8.182746568788701325e-02  -1.540949646626607716e+00  1.981439590454101562e+00  -1.991090599690572560e+00  -1.567656819020406544e+00  -3.215007130299703419e+00  7.563046932220458984e+00
-7.596189180483037262e-02  -1.561326805745260060e+00  2.005303382873535156e+00  -1.995377365742818654e+00  -1.567656819020406544e+00  -3.209259573613302052e+00  7.598160028457641602e+00
-7.144004503359013825e-02  -1.576513592396871388e+00  2.023315429687500000e+00  -1.998479191456929982e+00  -1.567955795918599904e+00  -3.205044571553365529e+00  7.632430076599121094e+00
-6.725436845888310700e-02  -1.591029469166890919e+00  2.040298461914062500e+00  -2.001520935689107716e+00  -1.568147484456197560e+00  -3.201200548802511037e+00  7.669075012207031250e+00
-6.259996095766240387e-02  -1.607750240956441701e+00  2.059100627899169922e+00  -2.005041901265279591e+00  -1.568339172993795216e+00  -3.196877781544820607e+00  7.703155994415283203e+00
-6.003314653505498200e-02  -1.617111508046285451e+00  2.070051670074462891e+00  -2.006957832966939748e+00  -1.568614308034078419e+00  -3.194434706364766896e+00  7.733422994613647461e+00
-5.603915849794560700e-02  -1.631435219441549123e+00  2.086532592773437500e+00  -2.009891812001363576e+00  -1.568829838429586232e+00  -3.190842453633443654e+00  7.771384954452514648e+00
-5.236846605409795075e-02  -1.644332234059469044e+00  2.101003170013427734e+00  -2.012441937123433888e+00  -1.568997208272115529e+00  -3.187764708195821584e+00  7.808896064758300781e+00
-4.934627214540654450e-02  -1.655694786702291310e+00  2.113869667053222656e+00  -2.014788929616109669e+00  -1.569392506276265919e+00  -3.185106102620260060e+00  7.847697019577026367e+00
-4.721099535097295075e-02  -1.663869206105367482e+00  2.123062133789062500e+00  -2.016430203114644826e+00  -1.569452110921041310e+00  -3.183178249989644826e+00  7.879915952682495117e+00
-4.505235353578740387e-02  -1.671192471181051076e+00  2.131344318389892578e+00  -2.017962757741109669e+00  -1.569559876118795216e+00  -3.181406084691182912e+00  7.912575960159301758e+00
-2.439719835390263825e-02  -1.743622128163472951e+00  2.207638740539550781e+00  -2.034955326710836232e+00  -1.570805374776021779e+00  -3.165850941334859669e+00  8.727315902709960938e+00
-2.442104021181279450e-02  -1.743526283894674123e+00  2.207554817199707031e+00  -2.034895245228902638e+00  -1.570888821278707326e+00  -3.166066710148946584e+00  8.777107954025268555e+00
-2.440911928285771637e-02  -1.743490521107808888e+00  2.207542896270751953e+00  -2.034811321889058888e+00  -1.570792977009908498e+00  -3.165970627461568654e+00  8.809482097625732422e+00
-2.445680299867802887e-02  -1.743035141621724904e+00  2.206824779510498047e+00  -2.034775559102193654e+00  -1.570685211812154591e+00  -3.166066710148946584e+00  8.839876890182495117e+00
-2.473289171327763825e-02  -1.740014855061666310e+00  2.203521251678466797e+00  -2.034727875386373341e+00  -1.570685211812154591e+00  -3.166210476552144826e+00  8.877840042114257812e+00
-2.509290376772099762e-02  -1.735268417988912404e+00  2.198146343231201172e+00  -2.034404102955953419e+00  -1.570661369954244435e+00  -3.166425768529073537e+00  8.916109085083007812e+00
-2.570468584169560700e-02  -1.726638619099752248e+00  2.188235282897949219e+00  -2.034236256276265919e+00  -1.570505444203512013e+00  -3.166964594517843068e+00  8.951175928115844727e+00
-2.625638643373662262e-02  -1.717757527028219044e+00  2.178193092346191406e+00  -2.033613506947652638e+00  -1.570338074360982716e+00  -3.167563025151387990e+00  8.989728927612304688e+00
-2.708417574037724762e-02  -1.704285446797506154e+00  2.163086891174316406e+00  -2.032392326985494435e+00  -1.570074860249654591e+00  -3.168688837681905568e+00  9.022739887237548828e+00
-2.783948579897099762e-02  -1.692216221486226857e+00  2.149705410003662109e+00  -2.031302754079000294e+00  -1.569763485585347951e+00  -3.169539038334981740e+00  9.054738998413085938e+00
-2.846366563905888825e-02  -1.682291809712545216e+00  2.138669490814208984e+00  -2.030596081410543263e+00  -1.569392506276265919e+00  -3.170125786458150685e+00  9.082473039627075195e+00
-2.956658998598271637e-02  -1.664588753377095998e+00  2.119087696075439453e+00  -2.029374901448385060e+00  -1.569081131611959279e+00  -3.170952145253316701e+00  9.118493080139160156e+00
-3.056222597231084137e-02  -1.649714295064107716e+00  2.103157043457031250e+00  -2.028500382100240529e+00  -1.568877998982564748e+00  -3.171670738850728810e+00  9.151558876037597656e+00
-3.134185472597295075e-02  -1.637979332600728810e+00  2.090171337127685547e+00  -2.027782265339986623e+00  -1.568722073231832326e+00  -3.172353092824117482e+00  9.181442022323608398e+00
-3.238565126527959137e-02  -1.622133556996480763e+00  2.072888374328613281e+00  -2.026812378560201466e+00  -1.568590466176168263e+00  -3.173119608555929005e+00  9.210248947143554688e+00
-3.334504762758427887e-02  -1.605892483388082326e+00  2.055234909057617188e+00  -2.025830094014303029e+00  -1.568374935780660451e+00  -3.173837963734762013e+00  9.240813016891479492e+00
-3.435308138002568512e-02  -1.589279476796285451e+00  2.037102699279785156e+00  -2.024908367787496388e+00  -1.568507019673482716e+00  -3.174508635197774709e+00  9.272150993347167969e+00
-3.537255922426396637e-02  -1.572858158742086232e+00  2.018588066101074219e+00  -2.023926083241597951e+00  -1.568590466176168263e+00  -3.175155226384298146e+00  9.307080030441284180e+00
-3.624803224672490387e-02  -1.555657211934224904e+00  2.000277042388916016e+00  -2.022872273121969044e+00  -1.568554703389303029e+00  -3.175849739705220998e+00  9.338254928588867188e+00
-3.720742860902959137e-02  -1.538444344197408498e+00  1.982037544250488281e+00  -2.021842304860250294e+00  -1.568782154713765919e+00  -3.176460568104879201e+00  9.367634057998657227e+00
-3.814345995058232575e-02  -1.521650616322652638e+00  1.963631629943847656e+00  -2.020824734364644826e+00  -1.568985287343160451e+00  -3.177083079014913380e+00  9.402482032775878906e+00
-3.899509111513310700e-02  -1.505084816609517873e+00  1.945991039276123047e+00  -2.019746605549947560e+00  -1.569165054951803029e+00  -3.177765909825460255e+00  9.437432050704956055e+00
-3.976232210268193512e-02  -1.489130322133199513e+00  1.928686141967773438e+00  -2.018849198018209279e+00  -1.569237057362691701e+00  -3.178472105656759084e+00  9.467195034027099609e+00
-4.081803957094365387e-02  -1.470106903706685841e+00  1.908545017242431641e+00  -2.017615620289937794e+00  -1.569416348134176076e+00  -3.179358307515279591e+00  9.502449989318847656e+00
-4.144174257387334137e-02  -1.455650154744283498e+00  1.893047809600830078e+00  -2.016693417225972951e+00  -1.569416348134176076e+00  -3.179885212575094044e+00  9.541725873947143555e+00
-4.357654253114873200e-02  -1.415660683308736623e+00  1.850552558898925781e+00  -2.013951126729146779e+00  -1.569559876118795216e+00  -3.181346003209249318e+00  9.638256072998046875e+00
-4.418880144228154450e-02  -1.403624836598531544e+00  1.837915420532226562e+00  -2.013100926076070607e+00  -1.569499794636861623e+00  -3.181921068822042287e+00  9.667006015777587891e+00
-4.472810426820927887e-02  -1.392045323048726857e+00  1.825924396514892578e+00  -2.012179199849263966e+00  -1.569643799458638966e+00  -3.182579819356099904e+00  9.701709032058715820e+00
-4.535180727113896637e-02  -1.379050556813375294e+00  1.812078952789306641e+00  -2.011232678090230763e+00  -1.569452110921041310e+00  -3.183441940938131154e+00  9.737096071243286133e+00
-4.579574266542607575e-02  -1.369712654744283498e+00  1.802170753479003906e+00  -2.010442082081929982e+00  -1.569380585347310841e+00  -3.184232060109273732e+00  9.772268056869506836e+00
-4.628736177553349762e-02  -1.358923260365621388e+00  1.791149139404296875e+00  -2.009687725697652638e+00  -1.569105450307027638e+00  -3.185034338627950490e+00  9.810271978378295898e+00
-4.674321809877568512e-02  -1.349417034779683888e+00  1.781288623809814453e+00  -2.008981529866353810e+00  -1.568997208272115529e+00  -3.185872379933492482e+00  9.848520994186401367e+00
-4.705506960024052887e-02  -1.342703644429342091e+00  1.774156570434570312e+00  -2.008549992238179982e+00  -1.569057289754049123e+00  -3.186543051396505177e+00  9.884922027587890625e+00
-5.055743852724248200e-02  -1.274539772664205373e+00  1.704164981842041016e+00  -2.000383202229635060e+00  -1.570888821278707326e+00  -3.192051712666646779e+00  1.069599795341491699e+01
-5.055743852724248200e-02  -1.274647537861959279e+00  1.704225063323974609e+00  -2.000418965016500294e+00  -1.570853058491842091e+00  -3.192075792943136037e+00  1.075148797035217285e+01
-5.052167574037724762e-02  -1.274683300648824513e+00  1.704285144805908203e+00  -2.000287357960836232e+00  -1.570829216633931935e+00  -3.191980187092916310e+00  1.078155589103698730e+01
-5.031806627382451325e-02  -1.275055233632222951e+00  1.704847335815429688e+00  -2.000418965016500294e+00  -1.570853058491842091e+00  -3.191848341618673146e+00  1.080907487869262695e+01
-4.915410677065068512e-02  -1.276686016713277638e+00  1.706666469573974609e+00  -2.000706974660054982e+00  -1.570817295704976857e+00  -3.190770689641134084e+00  1.084257388114929199e+01
-4.578382173647099762e-02  -1.280534092579976857e+00  1.711380958557128906e+00  -2.001413170491353810e+00  -1.570864979420797169e+00  -3.187561098729268849e+00  1.087987089157104492e+01
-4.042178789247685700e-02  -1.286527935658590138e+00  1.718632698059082031e+00  -2.002718750630513966e+00  -1.570817295704976857e+00  -3.182304207478658498e+00  1.092316102981567383e+01
-3.396922746767216950e-02  -1.294188801442281544e+00  1.727906703948974609e+00  -2.004670445119039357e+00  -1.570721451436178029e+00  -3.175574604664937794e+00  1.095880699157714844e+01
-2.944690385927373200e-02  -1.299523178731099904e+00  1.734452247619628906e+00  -2.006011311207906544e+00  -1.570673290883199513e+00  -3.170880619679586232e+00  1.098781800270080566e+01
-2.294570604433232575e-02  -1.307399098073140919e+00  1.743606567382812500e+00  -2.007975403462545216e+00  -1.570661369954244435e+00  -3.164246384297506154e+00  1.101899600028991699e+01
-1.612073579897099762e-02  -1.315898720418111623e+00  1.754232406616210938e+00  -2.009771649037496388e+00  -1.570697132741109669e+00  -3.157265249882833302e+00  1.105117607116699219e+01
-8.804146443502247621e-03  -1.324973408375875294e+00  1.765672683715820312e+00  -2.011747662221090138e+00  -1.570685211812154591e+00  -3.150008503590719044e+00  1.108397293090820312e+01
9.355185902677476406e-04  -1.336925808583394826e+00  1.780331611633300781e+00  -2.014310185109273732e+00  -1.570625607167379201e+00  -3.140152994786397755e+00  1.111991500854492188e+01
8.672084659337997437e-03  -1.346719566975728810e+00  1.792441844940185547e+00  -2.016334358845845998e+00  -1.570613209401265919e+00  -3.132333580647603810e+00  1.115207195281982422e+01
1.633674651384353638e-02  -1.356645886098043263e+00  1.804635524749755859e+00  -2.018358055745260060e+00  -1.570613209401265919e+00  -3.124561850224630177e+00  1.118364095687866211e+01
2.221425995230674744e-02  -1.364090267811910451e+00  1.813849925994873047e+00  -2.019782845173970998e+00  -1.570553604756490529e+00  -3.118921343480245412e+00  1.120940804481506348e+01
2.998677827417850494e-02  -1.373836342488424123e+00  1.826164245605468750e+00  -2.021710697804586232e+00  -1.570553604756490529e+00  -3.111221853886739552e+00  1.123960709571838379e+01
3.729191422462463379e-02  -1.383450333272115529e+00  1.837903499603271484e+00  -2.023794476185933888e+00  -1.570517365132467091e+00  -3.103713814412252248e+00  1.127404808998107910e+01
4.436897113919258118e-02  -1.392992321644918263e+00  1.849630832672119141e+00  -2.025662247334615529e+00  -1.570445839558736623e+00  -3.096564356480733693e+00  1.130582904815673828e+01
5.119398981332778931e-02  -1.402258698140279591e+00  1.861250877380371094e+00  -2.027386490498678029e+00  -1.570470158253804982e+00  -3.089810673390523732e+00  1.134147906303405762e+01
5.963837355375289917e-02  -1.413358513508931935e+00  1.874821662902832031e+00  -2.029578510914937794e+00  -1.570433918629781544e+00  -3.081667248402730763e+00  1.137694787979125977e+01
6.566007435321807861e-02  -1.421750370656148732e+00  1.885280609130859375e+00  -2.031194988881246388e+00  -1.570398155842916310e+00  -3.075452868138448537e+00  1.140987300872802734e+01
7.144133746623992920e-02  -1.429685894642965138e+00  1.894902229309082031e+00  -2.032835785542623341e+00  -1.570386234913961232e+00  -3.069752279912130177e+00  1.144087195396423340e+01
7.783454656600952148e-02  -1.438867870961324513e+00  1.906115531921386719e+00  -2.034571949635640919e+00  -1.570349995289937794e+00  -3.063309733067647755e+00  1.148145008087158203e+01
8.277653902769088745e-02  -1.445640865956441701e+00  1.914300918579101562e+00  -2.035972897206441701e+00  -1.570374313985006154e+00  -3.058687512074605763e+00  1.151756906509399414e+01
8.824659138917922974e-02  -1.453624550496236623e+00  1.923707485198974609e+00  -2.037469689046041310e+00  -1.570374313985006154e+00  -3.053346459065572560e+00  1.155329203605651855e+01
9.323614835739135742e-02  -1.460636917744771779e+00  1.932216644287109375e+00  -2.038822952901021779e+00  -1.570361916218892873e+00  -3.048425022755758107e+00  1.159449696540832520e+01
9.767442941665649414e-02  -1.467026058827535451e+00  1.939887523651123047e+00  -2.040032211934224904e+00  -1.570361916218892873e+00  -3.044125620518819630e+00  1.163469195365905762e+01
1.338394582271575928e-01  -1.520955387745992482e+00  2.001569271087646484e+00  -2.051348988209859669e+00  -1.570853058491842091e+00  -3.007672611867086232e+00  1.244640898704528809e+01
1.338035017251968384e-01  -1.520943943654195607e+00  2.001557350158691406e+00  -2.051504437123433888e+00  -1.570864979420797169e+00  -3.007792536412374318e+00  1.249255490303039551e+01
1.337915211915969849e-01  -1.520931545888082326e+00  2.001497268676757812e+00  -2.051504437123433888e+00  -1.570829216633931935e+00  -3.007792536412374318e+00  1.251966404914855957e+01
1.337196081876754761e-01  -1.520716015492574513e+00  2.001162052154541016e+00  -2.051348988209859669e+00  -1.570841137562887013e+00  -3.007840458546773732e+00  1.254846286773681641e+01
1.333117783069610596e-01  -1.519121472035543263e+00  1.998936176300048828e+00  -2.051013771687642873e+00  -1.570853058491842091e+00  -3.008139912282125294e+00  1.257989406585693359e+01
1.322800070047378540e-01  -1.514207188283101857e+00  1.992437839508056641e+00  -2.049421135579244435e+00  -1.570781056080953419e+00  -3.009193960820333302e+00  1.261946201324462891e+01
1.301573067903518677e-01  -1.504569355641500294e+00  1.979260921478271484e+00  -2.046127621327535451e+00  -1.570829216633931935e+00  -3.011253658925191701e+00  1.266469907760620117e+01
1.276743113994598389e-01  -1.493277851735250294e+00  1.963846683502197266e+00  -2.042583290730611623e+00  -1.570781056080953419e+00  -3.013684574757711232e+00  1.270452904701232910e+01
1.253587454557418823e-01  -1.482525173817769826e+00  1.949342250823974609e+00  -2.039158646260396779e+00  -1.570685211812154591e+00  -3.015983645115987599e+00  1.273648595809936523e+01
1.227802634239196777e-01  -1.470706288014547169e+00  1.932671070098876953e+00  -2.035494152699605763e+00  -1.570601288472310841e+00  -3.018367115651265919e+00  1.276711297035217285e+01
1.201774328947067261e-01  -1.457412068043844044e+00  1.914229869842529297e+00  -2.031494442616597951e+00  -1.570482079182760060e+00  -3.020857874547139943e+00  1.279924297332763672e+01
1.172143369913101196e-01  -1.443039242421285451e+00  1.894004344940185547e+00  -2.027207676564351857e+00  -1.570649449025289357e+00  -3.023528162633077443e+00  1.283504796028137207e+01
1.140958145260810852e-01  -1.428127590809957326e+00  1.872117042541503906e+00  -2.022764984761373341e+00  -1.570685211812154591e+00  -3.026366535817281544e+00  1.286840486526489258e+01
1.108810454607009888e-01  -1.412435833607808888e+00  1.849463462829589844e+00  -2.018010441456929982e+00  -1.570589367543355763e+00  -3.029216591511861623e+00  1.289794802665710449e+01
1.078100875020027161e-01  -1.396408383046285451e+00  1.826343536376953125e+00  -2.013112847005025685e+00  -1.570601288472310841e+00  -3.032174412404195607e+00  1.293147301673889160e+01
1.038399413228034973e-01  -1.375969711934224904e+00  1.796534061431884766e+00  -2.006694142018453419e+00  -1.570517365132467091e+00  -3.035862509404317677e+00  1.297110795974731445e+01
1.004450321197509766e-01  -1.359522644673482716e+00  1.772553443908691406e+00  -2.001460854207174123e+00  -1.570577446614400685e+00  -3.038856569920675099e+00  1.300313305854797363e+01
9.719468653202056885e-02  -1.342835728322164357e+00  1.748476505279541016e+00  -1.996144119893209279e+00  -1.570421997700826466e+00  -3.041778628026143849e+00  1.303428292274475098e+01
9.419563412666320801e-02  -1.326279942189351857e+00  1.724567890167236328e+00  -1.991054836903707326e+00  -1.570158306752340138e+00  -3.044640604649679005e+00  1.306976294517517090e+01
9.107711911201477051e-02  -1.309629265462056935e+00  1.700635433197021484e+00  -1.985893551503316701e+00  -1.570182148610250294e+00  -3.047598902379171193e+00  1.309875488281250000e+01
8.715490251779556274e-02  -1.288830105458394826e+00  1.670947074890136719e+00  -1.979343239461080373e+00  -1.570014778767720998e+00  -3.051178995762960255e+00  1.313943600654602051e+01
8.359222114086151123e-02  -1.268426243458883107e+00  1.642060756683349609e+00  -1.972589317952291310e+00  -1.569990936909810841e+00  -3.054532114659444630e+00  1.317499399185180664e+01
8.157736808061599731e-02  -1.256401364003316701e+00  1.625224590301513672e+00  -1.968720738087789357e+00  -1.570062939320699513e+00  -3.056519810353414357e+00  1.320338702201843262e+01
7.835024595260620117e-02  -1.237388435994283498e+00  1.598851203918457031e+00  -1.962553803120748341e+00  -1.570086781178609669e+00  -3.059645477925435841e+00  1.324022388458251953e+01
7.515981793403625488e-02  -1.219178024922506154e+00  1.573937892913818359e+00  -1.956590477620260060e+00  -1.570086781178609669e+00  -3.062615458165304005e+00  1.328614091873168945e+01
7.174094021320343018e-02  -1.198941055928365529e+00  1.546164512634277344e+00  -1.949860397969381154e+00  -1.570027176533834279e+00  -3.066075865422384084e+00  1.332956790924072266e+01
6.917444616556167603e-02  -1.182709042225972951e+00  1.524638175964355469e+00  -1.944135967885152638e+00  -1.570062939320699513e+00  -3.068794314061300099e+00  1.336905908584594727e+01
6.713525205850601196e-02  -1.170204464589254201e+00  1.508543491363525391e+00  -1.939801041279928029e+00  -1.569823090230123341e+00  -3.070806328450338185e+00  1.340318894386291504e+01
6.520392000675201416e-02  -1.158419434224263966e+00  1.493167400360107422e+00  -1.935741249714986623e+00  -1.569823090230123341e+00  -3.072710339223043263e+00  1.343750286102294922e+01
6.342875957489013672e-02  -1.147258106862203419e+00  1.478951930999755859e+00  -1.931814018880025685e+00  -1.569739166890279591e+00  -3.074518744145528615e+00  1.346641993522644043e+01
6.177343800663948059e-02  -1.136671845112935841e+00  1.465645313262939453e+00  -1.928184811268941701e+00  -1.569452110921041310e+00  -3.076290909443990529e+00  1.349509692192077637e+01
6.037015840411186218e-02  -1.126924816762105763e+00  1.453499794006347656e+00  -1.924712006245748341e+00  -1.569487873707906544e+00  -3.077883307133809865e+00  1.353334403038024902e+01
5.872682482004165649e-02  -1.115858856831685841e+00  1.439774513244628906e+00  -1.920820538197652638e+00  -1.569297138844625294e+00  -3.079871241246358693e+00  1.357187008857727051e+01
5.727523565292358398e-02  -1.105800453816549123e+00  1.427617073059082031e+00  -1.917191807423726857e+00  -1.569237057362691701e+00  -3.081404034291402638e+00  1.360926198959350586e+01
5.588394030928611755e-02  -1.096712891255513966e+00  1.416919708251953125e+00  -1.913814846669332326e+00  -1.569117371235982716e+00  -3.082840983067647755e+00  1.364982390403747559e+01
5.487614125013351440e-02  -1.090322796498433888e+00  1.408961772918701172e+00  -1.911383930836812794e+00  -1.569129292164937794e+00  -3.083882872258321584e+00  1.368081998825073242e+01
4.486069828271865845e-02  -1.024933163319722951e+00  1.336207389831542969e+00  -1.882020298634664357e+00  -1.570888821278707326e+00  -3.096648279820577443e+00  1.449331688880920410e+01
4.482474923133850098e-02  -1.025029484425679982e+00  1.336350917816162109e+00  -1.882044140492574513e+00  -1.570853058491842091e+00  -3.096576515828267873e+00  1.454380798339843750e+01
4.486069828271865845e-02  -1.025017086659566701e+00  1.336315155029296875e+00  -1.882127586995260060e+00  -1.570924584065572560e+00  -3.096660439168111623e+00  1.457182908058166504e+01
4.494458809494972229e-02  -1.025653187428609669e+00  1.337128162384033203e+00  -1.882139507924215138e+00  -1.570829216633931935e+00  -3.096456591282979787e+00  1.460166692733764648e+01
4.535242915153503418e-02  -1.028098885213033498e+00  1.340287685394287109e+00  -1.882559124623433888e+00  -1.570733372365133107e+00  -3.096097532902852834e+00  1.463524603843688965e+01
4.669578373432159424e-02  -1.034620587025777638e+00  1.348340988159179688e+00  -1.884104077016012013e+00  -1.570733372365133107e+00  -3.094588581715719044e+00  1.467600297927856445e+01
4.875894263386726379e-02  -1.045339886342183888e+00  1.361121177673339844e+00  -1.886355225239888966e+00  -1.570721451436178029e+00  -3.092157665883199513e+00  1.471511697769165039e+01
5.097827315330505371e-02  -1.056249920521871388e+00  1.374427318572998047e+00  -1.888666454945699513e+00  -1.570649449025289357e+00  -3.089654747639791310e+00  1.474943590164184570e+01
5.443235114216804504e-02  -1.072567288075582326e+00  1.394889831542968750e+00  -1.892007652913228810e+00  -1.570517365132467091e+00  -3.086062494908468068e+00  1.478403401374816895e+01
5.752690136432647705e-02  -1.087900940571920216e+00  1.413568973541259766e+00  -1.895276848469869435e+00  -1.570565525685445607e+00  -3.082829062138692677e+00  1.481837201118469238e+01
6.073006242513656616e-02  -1.104601208363668263e+00  1.434581279754638672e+00  -1.898773972188131154e+00  -1.570302311574117482e+00  -3.079284254704610646e+00  1.485313987731933594e+01
6.395643949508666992e-02  -1.122536961232320607e+00  1.457544326782226562e+00  -1.902941528950826466e+00  -1.570027176533834279e+00  -3.075536314641134084e+00  1.488457107543945312e+01
6.760301440954208374e-02  -1.141431156788961232e+00  1.482553005218505859e+00  -1.907048527394429982e+00  -1.569955174122945607e+00  -3.071668450032369435e+00  1.491574406623840332e+01
7.140538096427917480e-02  -1.161404434834615529e+00  1.508627414703369141e+00  -1.911731068287984669e+00  -1.569799248372213185e+00  -3.067644659672872365e+00  1.494763708114624023e+01
7.512386143207550049e-02  -1.182013336812154591e+00  1.535718441009521484e+00  -1.916281525288717091e+00  -1.569416348134176076e+00  -3.063489500676290334e+00  1.498169589042663574e+01
7.887792587280273438e-02  -1.203089539204732716e+00  1.563551425933837891e+00  -1.920975987111226857e+00  -1.569237057362691701e+00  -3.059346262608663380e+00  1.501294803619384766e+01
8.293271064758300781e-02  -1.224452320729390919e+00  1.592066287994384766e+00  -1.925741974507467091e+00  -1.569141213093892873e+00  -3.055202309285299123e+00  1.504150795936584473e+01
8.685529977083206177e-02  -1.246079746876851857e+00  1.620366096496582031e+00  -1.930927578602926076e+00  -1.568938080464498341e+00  -3.050903383885518849e+00  1.507502698898315430e+01
9.066927433013916016e-02  -1.267382923756734669e+00  1.648880958557128906e+00  -1.935933415089742482e+00  -1.568722073231832326e+00  -3.046616856251851857e+00  1.510246491432189941e+01
9.354811161756515503e-02  -1.283411327992574513e+00  1.670240879058837891e+00  -1.939801041279928029e+00  -1.568614308034078419e+00  -3.043526713048116505e+00  1.513235306739807129e+01
9.820210933685302734e-02  -1.309688870106832326e+00  1.704931259155273438e+00  -1.946172062550679982e+00  -1.568398777638570607e+00  -3.038581434880391896e+00  1.516723704338073730e+01
1.017164885997772217e-01  -1.330188576375142873e+00  1.732166767120361328e+00  -1.951033894215719044e+00  -1.568458859120504201e+00  -3.034725014363424123e+00  1.520035099983215332e+01
1.052791699767112732e-01  -1.350316349660054982e+00  1.758361339569091797e+00  -1.955967728291646779e+00  -1.568279091511861623e+00  -3.031024519597188771e+00  1.523572993278503418e+01
1.087096557021141052e-01  -1.370215717946187794e+00  1.784567832946777344e+00  -1.960733715687887013e+00  -1.568446938191549123e+00  -3.027444426213399709e+00  1.526774406433105469e+01
1.119367852807044983e-01  -1.389563862477437794e+00  1.809781551361083984e+00  -1.965715710316793263e+00  -1.568698231373922169e+00  -3.023971144353048146e+00  1.529708504676818848e+01
1.151391938328742981e-01  -1.408995930348531544e+00  1.834456920623779297e+00  -1.970589462910787404e+00  -1.568889919911519826e+00  -3.020642105733053029e+00  1.533335399627685547e+01
1.190857514739036560e-01  -1.432167355214254201e+00  1.863823890686035156e+00  -1.976517025624410451e+00  -1.569105450307027638e+00  -3.016785923634664357e+00  1.537072300910949707e+01
1.226840093731880188e-01  -1.454427544270650685e+00  1.891527652740478516e+00  -1.982001606618062794e+00  -1.569404427205220998e+00  -3.013217512761251271e+00  1.541343498229980469e+01
1.258148849010467529e-01  -1.475512806569234669e+00  1.917675971984863281e+00  -1.987354580556051076e+00  -1.569739166890279591e+00  -3.010020319615499318e+00  1.545197606086730957e+01
1.289337873458862305e-01  -1.495255772267476857e+00  1.942125797271728516e+00  -1.992575470601217091e+00  -1.569871250783101857e+00  -3.006954256688253224e+00  1.548610496520996094e+01
1.313924193382263184e-01  -1.510095421467916310e+00  1.960459709167480469e+00  -1.996443573628560841e+00  -1.570074860249654591e+00  -3.004787031804220021e+00  1.551833701133728027e+01
1.330117881298065186e-01  -1.520655934010640919e+00  1.973349094390869141e+00  -1.999365154896871388e+00  -1.570027176533834279e+00  -3.003230158482686818e+00  1.554649090766906738e+01
1.359868794679641724e-01  -1.540518108998433888e+00  1.997368335723876953e+00  -2.004658047352926076e+00  -1.570302311574117482e+00  -3.000452105198995412e+00  1.559059596061706543e+01
1.386855691671371460e-01  -1.558509651814595998e+00  2.018826961517333984e+00  -2.009484593068258107e+00  -1.570445839558736623e+00  -2.997984949742452443e+00  1.563789987564086914e+01
1.404008120298385620e-01  -1.569321934376851857e+00  2.031740665435791016e+00  -2.012441937123433888e+00  -1.570565525685445607e+00  -2.996499840413228810e+00  1.567256999015808105e+01
1.424280256032943726e-01  -1.581679646168844044e+00  2.046306133270263672e+00  -2.015723530446187794e+00  -1.570829216633931935e+00  -2.994895044957296193e+00  1.571432399749755859e+01
1.441196650266647339e-01  -1.592827622090474904e+00  2.058969020843505859e+00  -2.018693272267476857e+00  -1.570924584065572560e+00  -2.993470255528585255e+00  1.575522589683532715e+01
1.456068456172943115e-01  -1.602644268666402638e+00  2.070231437683105469e+00  -2.021459404622213185e+00  -1.571020428334371388e+00  -2.992236916218892873e+00  1.579316091537475586e+01
1.468303501605987549e-01  -1.611310307179586232e+00  2.080368518829345703e+00  -2.023914162312642873e+00  -1.570996586476461232e+00  -2.991218630467550099e+00  1.583298897743225098e+01
1.479579955339431763e-01  -1.619113270436422169e+00  2.089081764221191406e+00  -2.026153389607564748e+00  -1.570876900349752248e+00  -2.990248743687764943e+00  1.587341904640197754e+01
1.574221551418304443e-01  -1.680601421986715138e+00  2.155474662780761719e+00  -2.045613114033834279e+00  -1.570721451436178029e+00  -2.984237496052877248e+00  1.667995500564575195e+01
1.573981940746307373e-01  -1.680577580128804982e+00  2.155462741851806641e+00  -2.045541111622945607e+00  -1.570888821278707326e+00  -2.984201494847432912e+00  1.671879005432128906e+01
1.573981940746307373e-01  -1.680577580128804982e+00  2.155319213867187500e+00  -2.045660797749654591e+00  -1.570876900349752248e+00  -2.984261337910787404e+00  1.675046086311340332e+01
1.576139032840728760e-01  -1.679942433034078419e+00  2.154480934143066406e+00  -2.045517269765035451e+00  -1.570864979420797169e+00  -2.984033648167745412e+00  1.678177595138549805e+01
1.586576551198959351e-01  -1.675998989735738576e+00  2.149932861328125000e+00  -2.044606987630025685e+00  -1.570745293294088185e+00  -2.982955519353048146e+00  1.681713604927062988e+01
1.606006026268005371e-01  -1.668124500905172169e+00  2.140501022338867188e+00  -2.042535130177633107e+00  -1.570649449025289357e+00  -2.980620447789327443e+00  1.685556101799011230e+01
1.634318828582763672e-01  -1.656977478657857716e+00  2.126987457275390625e+00  -2.039230648671285451e+00  -1.570805374776021779e+00  -2.977387253438131154e+00  1.689504504203796387e+01
1.672821789979934692e-01  -1.642666165028707326e+00  2.109345436096191406e+00  -2.035350624714986623e+00  -1.571140591298238576e+00  -2.973399225865499318e+00  1.694097304344177246e+01
1.726080477237701416e-01  -1.621678177510396779e+00  2.082786560058593750e+00  -2.030033413563863576e+00  -1.571296040211812794e+00  -2.967710796986715138e+00  1.698222708702087402e+01
1.764703392982482910e-01  -1.605544869099752248e+00  2.061829566955566406e+00  -2.025986019765035451e+00  -1.571511570607320607e+00  -2.963411871586934865e+00  1.701982688903808594e+01
1.820722073316574097e-01  -1.583346192036763966e+00  2.032279491424560547e+00  -2.020585362111226857e+00  -1.571427647267476857e+00  -2.957579676304952443e+00  1.705445790290832520e+01
1.865943819284439087e-01  -1.564227883015767873e+00  2.006524085998535156e+00  -2.016022507344381154e+00  -1.571475330983297169e+00  -2.952574078236715138e+00  1.708889794349670410e+01
1.912843436002731323e-01  -1.544125858937398732e+00  1.979165554046630859e+00  -2.011292759572164357e+00  -1.571344200764791310e+00  -2.947496000920430959e+00  1.712267208099365234e+01
1.962506771087646484e-01  -1.523149315510885060e+00  1.950825691223144531e+00  -2.006179157887594044e+00  -1.571391884480611623e+00  -2.942238632832662404e+00  1.715790796279907227e+01
2.022959738969802856e-01  -1.496825520192281544e+00  1.913630962371826172e+00  -1.999533001576558888e+00  -1.571679417287008107e+00  -2.935687843953267873e+00  1.719199991226196289e+01
2.073701620101928711e-01  -1.474326435719625294e+00  1.883257865905761719e+00  -1.994240109120504201e+00  -1.571631256734029591e+00  -2.930394474660054982e+00  1.722886705398559570e+01
2.149273455142974854e-01  -1.440929714833394826e+00  1.837280750274658203e+00  -1.986420456563131154e+00  -1.571739021931783498e+00  -2.922383133565084279e+00  1.727510595321655273e+01
2.199049144983291626e-01  -1.418980900441304982e+00  1.806694030761718750e+00  -1.981115166340963185e+00  -1.571571652089254201e+00  -2.917089764271871388e+00  1.730662608146667480e+01
2.246427983045578003e-01  -1.396876160298482716e+00  1.776658058166503906e+00  -1.975559059773580373e+00  -1.571284119282857716e+00  -2.912059847508565724e+00  1.734051108360290527e+01
2.304727584123611450e-01  -1.369988266621724904e+00  1.739513874053955078e+00  -1.968768898640767873e+00  -1.571260277424947560e+00  -2.905928436909810841e+00  1.737971186637878418e+01
2.350188940763473511e-01  -1.348553959523336232e+00  1.710567474365234375e+00  -1.963488403950826466e+00  -1.571116272603170216e+00  -2.901102129613057912e+00  1.741116690635681152e+01
2.405368834733963013e-01  -1.322324101124898732e+00  1.675242900848388672e+00  -1.956973377858297169e+00  -1.570948425923482716e+00  -2.895305458699361623e+00  1.744739603996276855e+01
2.449991405010223389e-01  -1.301668945943013966e+00  1.647553443908691406e+00  -1.951776329671041310e+00  -1.570792977009908498e+00  -2.890862290059224904e+00  1.748055386543273926e+01
2.491254508495330811e-01  -1.281300846730367482e+00  1.620832920074462891e+00  -1.946506802235738576e+00  -1.570625607167379201e+00  -2.886611286793844044e+00  1.751141905784606934e+01
2.520162761211395264e-01  -1.266447846089498341e+00  1.601567268371582031e+00  -1.942519489918844044e+00  -1.570314232503072560e+00  -2.883641068135396779e+00  1.754094195365905762e+01
2.568024694919586182e-01  -1.242482964192525685e+00  1.570372104644775391e+00  -1.936280552540914357e+00  -1.569907013569967091e+00  -2.878850762044088185e+00  1.757617187500000000e+01
2.612403929233551025e-01  -1.219621483479635060e+00  1.541282653808593750e+00  -1.930340592061178029e+00  -1.569679562245504201e+00  -2.874527517949239552e+00  1.761701393127441406e+01
2.652588486671447754e-01  -1.198305431996480763e+00  1.514239788055419922e+00  -1.924844090138570607e+00  -1.569356743489400685e+00  -2.870503489171163380e+00  1.765410900115966797e+01
2.684500217437744141e-01  -1.182013336812154591e+00  1.493932723999023438e+00  -1.920473400746480763e+00  -1.569213215504781544e+00  -2.867425743733541310e+00  1.769265890121459961e+01
2.721445262432098389e-01  -1.162807766591207326e+00  1.470228672027587891e+00  -1.915192429219381154e+00  -1.569117371235982716e+00  -2.864036385213033498e+00  1.772940492630004883e+01
2.753589153289794922e-01  -1.144967857991353810e+00  1.448557853698730469e+00  -1.910018269215719044e+00  -1.568985287343160451e+00  -2.860838476811544240e+00  1.777064895629882812e+01
2.785617113113403320e-01  -1.128027741109029591e+00  1.428287506103515625e+00  -1.905240360890523732e+00  -1.568925682698385060e+00  -2.857952658330098927e+00  1.780664801597595215e+01
2.807930111885070801e-01  -1.115559403096334279e+00  1.413496971130371094e+00  -1.901575867329732716e+00  -1.569033447896138966e+00  -2.855844561253682912e+00  1.784265398979187012e+01
2.833479046821594238e-01  -1.100740734730855763e+00  1.396313667297363281e+00  -1.897324864064351857e+00  -1.569105450307027638e+00  -2.853521410618917287e+00  1.788181304931640625e+01
2.856391370296478271e-01  -1.087517086659566701e+00  1.380805492401123047e+00  -1.893456761037008107e+00  -1.569225136433736623e+00  -2.851401392613546193e+00  1.791893005371093750e+01
2.876303791999816895e-01  -1.075636212025777638e+00  1.367211818695068359e+00  -1.889959637318746388e+00  -1.569608036671773732e+00  -2.849509302769796193e+00  1.796064591407775879e+01
2.895493805408477783e-01  -1.064941708241597951e+00  1.355209350585937500e+00  -1.886690918599263966e+00  -1.569918934498922169e+00  -2.847940508519307912e+00  1.800111699104309082e+01
2.912046909332275391e-01  -1.055638138447896779e+00  1.344535827636718750e+00  -1.883828465138570607e+00  -1.570326153432027638e+00  -2.846503082905904591e+00  1.804148793220520020e+01
2.924761474132537842e-01  -1.048768345509664357e+00  1.336889266967773438e+00  -1.881589237843648732e+00  -1.570589367543355763e+00  -2.845521275197164357e+00  1.807670998573303223e+01
3.043877184391021729e-01  -9.815438429461877945e-01  1.266478538513183594e+00  -1.855638329182760060e+00  -1.570829216633931935e+00  -2.837149683629171193e+00  1.888395094871520996e+01
3.043038249015808105e-01  -9.816997686969202164e-01  1.266550064086914062e+00  -1.855578724537984669e+00  -1.570745293294088185e+00  -2.837293688450948537e+00  1.893041992187500000e+01
3.043158054351806641e-01  -9.817236105548303726e-01  1.266609668731689453e+00  -1.855662171040670216e+00  -1.570745293294088185e+00  -2.837209765111104787e+00  1.896420097351074219e+01
3.042435348033905029e-01  -9.822514692889612320e-01  1.267340183258056641e+00  -1.855889622365133107e+00  -1.570817295704976857e+00  -2.837365452443258107e+00  1.899620699882507324e+01
3.039678931236267090e-01  -9.852607885943811539e-01  1.271360874176025391e+00  -1.857015434895650685e+00  -1.570792977009908498e+00  -2.837556902562276662e+00  1.902992606163024902e+01
3.035121262073516846e-01  -9.915068785296838882e-01  1.279605865478515625e+00  -1.859290901814595998e+00  -1.570685211812154591e+00  -2.837724749241964162e+00  1.907235407829284668e+01
3.027563691139221191e-01  -1.002465550099508107e+00  1.295629024505615234e+00  -1.863506142293111623e+00  -1.570769135151998341e+00  -2.838119808827535451e+00  1.912042903900146484e+01
3.021444082260131836e-01  -1.011876885090963185e+00  1.308792114257812500e+00  -1.867146793995992482e+00  -1.570733372365133107e+00  -2.838874403630391896e+00  1.915688204765319824e+01
3.011969029903411865e-01  -1.025772873555318654e+00  1.328381061553955078e+00  -1.872439686452047169e+00  -1.571092430745260060e+00  -2.840071980153219044e+00  1.919116401672363281e+01
3.003332912921905518e-01  -1.038037602101461232e+00  1.346163272857666016e+00  -1.877098385487691701e+00  -1.571188275014058888e+00  -2.841197792683736623e+00  1.922483897209167480e+01
2.993977665901184082e-01  -1.051526371632711232e+00  1.365704536437988281e+00  -1.882139507924215138e+00  -1.571188275014058888e+00  -2.842431131993429005e+00  1.925927400588989258e+01
2.983060777187347412e-01  -1.069329563771383107e+00  1.392125606536865234e+00  -1.888678852711812794e+00  -1.571224037800924123e+00  -2.843868557606832326e+00  1.929524588584899902e+01
2.973346114158630371e-01  -1.084172073994771779e+00  1.414167404174804688e+00  -1.894175354634420216e+00  -1.571164433156148732e+00  -2.844994131718770802e+00  1.932834291458129883e+01
2.963624000549316406e-01  -1.099481884633199513e+00  1.436986446380615234e+00  -1.899971310292379201e+00  -1.571188275014058888e+00  -2.846036020909444630e+00  1.936544895172119141e+01
2.953789532184600830e-01  -1.115199867879049123e+00  1.460499763488769531e+00  -1.905935112630025685e+00  -1.571104351674215138e+00  -2.847077910100118459e+00  1.939571690559387207e+01
2.941074967384338379e-01  -1.134681526814595998e+00  1.490247726440429688e+00  -1.913455788289205373e+00  -1.570864979420797169e+00  -2.848275963460103810e+00  1.942998003959655762e+01
2.931000590324401855e-01  -1.150734726582662404e+00  1.514143943786621094e+00  -1.919455353413717091e+00  -1.570661369954244435e+00  -2.849258009587423146e+00  1.946661090850830078e+01
2.921402156352996826e-01  -1.166595760975972951e+00  1.537992000579833984e+00  -1.925466839467183888e+00  -1.570386234913961232e+00  -2.850168053303853810e+00  1.950010108947753906e+01
2.910848557949066162e-01  -1.182684723530904591e+00  1.561804294586181641e+00  -1.931718174611226857e+00  -1.570218388234273732e+00  -2.851066176091329396e+00  1.953229188919067383e+01
2.898613214492797852e-01  -1.202741448079244435e+00  1.591599941253662109e+00  -1.939430061970845998e+00  -1.570027176533834279e+00  -2.852060381566182912e+00  1.956663894653320312e+01
2.888898551464080811e-01  -1.218566242848531544e+00  1.614658832550048828e+00  -1.945537392293111623e+00  -1.569979015980855763e+00  -2.852791134511129201e+00  1.960176086425781250e+01
2.877861857414245605e-01  -1.237868134175435841e+00  1.642659187316894531e+00  -1.952974144612447560e+00  -1.569679562245504201e+00  -2.853749100361959279e+00  1.963932299613952637e+01
2.870424091815948486e-01  -1.252493683491842091e+00  1.664102077484130859e+00  -1.958590332661763966e+00  -1.569631878529683888e+00  -2.854455296193258107e+00  1.967041802406311035e+01
2.861188948154449463e-01  -1.269840542470113576e+00  1.689207553863525391e+00  -1.965571705495015919e+00  -1.569392506276265919e+00  -2.855210129414693654e+00  1.971036100387573242e+01
2.853032052516937256e-01  -1.286072079335347951e+00  1.712254524230957031e+00  -1.971978489552633107e+00  -1.569237057362691701e+00  -2.855940405522481740e+00  1.975394892692565918e+01
2.846193611621856689e-01  -1.298551861439840138e+00  1.729796886444091797e+00  -1.977055851613179982e+00  -1.569260899220601857e+00  -2.856455151234762013e+00  1.978876495361328125e+01
2.838519811630249023e-01  -1.313189808522359669e+00  1.749649524688720703e+00  -1.982887570058004201e+00  -1.569320980702535451e+00  -2.857114378605977834e+00  1.982266092300415039e+01
2.833359241485595703e-01  -1.324362103139058888e+00  1.765397548675537109e+00  -1.987354580556051076e+00  -1.569416348134176076e+00  -2.857665363942281544e+00  1.985670495033264160e+01
2.826404571533203125e-01  -1.337644879017965138e+00  1.783203601837158203e+00  -1.992802921925679982e+00  -1.569643799458638966e+00  -2.858323637639180959e+00  1.989542698860168457e+01
2.820884287357330322e-01  -1.349776569996969044e+00  1.799466133117675781e+00  -1.997832600270406544e+00  -1.570086781178609669e+00  -2.858767096196309865e+00  1.993927597999572754e+01
2.815008461475372314e-01  -1.360829178486959279e+00  1.814029216766357422e+00  -2.002418820058004201e+00  -1.570433918629781544e+00  -2.859198156987325490e+00  1.998008799552917480e+01
2.809128463268280029e-01  -1.370766941701070607e+00  1.827157497406005859e+00  -2.006694142018453419e+00  -1.570829216633931935e+00  -2.859748665486470998e+00  2.001572299003601074e+01
2.802290022373199463e-01  -1.384600941334859669e+00  1.844880104064941406e+00  -2.012286488209859669e+00  -1.571224037800924123e+00  -2.860491339360372365e+00  2.008148908615112305e+01
2.799170613288879395e-01  -1.390930477772847951e+00  1.853053569793701172e+00  -2.014896694813863576e+00  -1.571284119282857716e+00  -2.860886398945943654e+00  2.011656904220581055e+01
2.769183814525604248e-01  -1.453204933797017873e+00  1.926867008209228516e+00  -2.044439140950338185e+00  -1.570625607167379201e+00  -2.864623371754781544e+00  2.093792295455932617e+01
2.769183814525604248e-01  -1.453193012868062794e+00  1.926783084869384766e+00  -2.044534985219137013e+00  -1.570745293294088185e+00  -2.864659134541646779e+00  2.099167799949645996e+01
2.769183814525604248e-01  -1.453145329152242482e+00  1.926783084869384766e+00  -2.044451061879293263e+00  -1.570781056080953419e+00  -2.864563290272847951e+00  2.102179408073425293e+01
2.768943905830383301e-01  -1.452833477650777638e+00  1.926256656646728516e+00  -2.044439140950338185e+00  -1.570805374776021779e+00  -2.864802662526265919e+00  2.105164599418640137e+01
2.762225270271301270e-01  -1.451130692158834279e+00  1.923635482788085938e+00  -2.043947998677388966e+00  -1.570733372365133107e+00  -2.865209643040792287e+00  2.109284186363220215e+01
2.750589549541473389e-01  -1.447606865559713185e+00  1.918537616729736328e+00  -2.043134514485494435e+00  -1.570445839558736623e+00  -2.866407696400777638e+00  2.113017106056213379e+01
2.734159827232360840e-01  -1.442368332539693654e+00  1.911153793334960938e+00  -2.041721169148580373e+00  -1.570206467305318654e+00  -2.868323866521016896e+00  2.117019701004028320e+01
2.713767886161804199e-01  -1.435882870350972951e+00  1.901723384857177734e+00  -2.039984528218404591e+00  -1.569990936909810841e+00  -2.870587174092428029e+00  2.120637893676757812e+01
2.695652842521667480e-01  -1.429805580769674123e+00  1.893011569976806641e+00  -2.038463894520894826e+00  -1.570098702107564748e+00  -2.872515741978780568e+00  2.123896193504333496e+01
2.675264775753021240e-01  -1.423140350972310841e+00  1.883509635925292969e+00  -2.036703888569967091e+00  -1.570170227681295216e+00  -2.874515597020284474e+00  2.127273797988891602e+01
2.652947902679443359e-01  -1.415924374257222951e+00  1.873086452484130859e+00  -2.034799877797262013e+00  -1.570039097462789357e+00  -2.876743141804830373e+00  2.130589604377746582e+01
2.629200518131256104e-01  -1.408443752919332326e+00  1.862388134002685547e+00  -2.032751862202779591e+00  -1.570170227681295216e+00  -2.878946606312887013e+00  2.133963799476623535e+01
2.604610323905944824e-01  -1.400304619465963185e+00  1.850995540618896484e+00  -2.030584160481588185e+00  -1.570218388234273732e+00  -2.881186310444967091e+00  2.136938905715942383e+01
2.574739754199981689e-01  -1.389863316212789357e+00  1.836539268493652344e+00  -2.027829949055806935e+00  -1.570122543965474904e+00  -2.884072128926412404e+00  2.140757107734680176e+01
2.550393044948577881e-01  -1.381328884755269826e+00  1.824488639831542969e+00  -2.025279347096578419e+00  -1.570242230092183888e+00  -2.886383597050802052e+00  2.144153904914855957e+01
2.525683045387268066e-01  -1.372553650532857716e+00  1.812042713165283203e+00  -2.022848431264058888e+00  -1.570230309163228810e+00  -2.888611141835347951e+00  2.147712492942810059e+01
2.493171989917755127e-01  -1.361213032399312794e+00  1.796307086944580078e+00  -2.019698921834127248e+00  -1.570433918629781544e+00  -2.891473595296041310e+00  2.151237797737121582e+01
2.469181120395660400e-01  -1.351934258137838185e+00  1.783550262451171875e+00  -2.017291847859517873e+00  -1.570589367543355763e+00  -2.893737141286031544e+00  2.154461789131164551e+01
2.450830191373825073e-01  -1.345185581837789357e+00  1.774025440216064453e+00  -2.015268150960103810e+00  -1.570637528096334279e+00  -2.895377461110250294e+00  2.157206296920776367e+01
2.422760874032974243e-01  -1.334000889454976857e+00  1.758337020874023438e+00  -2.012011353169576466e+00  -1.570817295704976857e+00  -2.898036305104390919e+00  2.160602807998657227e+01
2.399732470512390137e-01  -1.325105492268697560e+00  1.746143341064453125e+00  -2.009376827870504201e+00  -1.571020428334371388e+00  -2.900095764790670216e+00  2.164077687263488770e+01
2.371779233217239380e-01  -1.314412418995992482e+00  1.731771469116210938e+00  -2.006130997334615529e+00  -1.571116272603170216e+00  -2.902575079594747365e+00  2.167935895919799805e+01
2.347428798675537109e-01  -1.304270092641012013e+00  1.717735290527343750e+00  -2.003053967152730763e+00  -1.571212116871969044e+00  -2.904958311711446584e+00  2.171954393386840820e+01
2.329796999692916870e-01  -1.296406094227926076e+00  1.707479953765869141e+00  -2.000670735036031544e+00  -1.571571652089254201e+00  -2.906706635151998341e+00  2.175333404541015625e+01
2.307487726211547852e-01  -1.286971394215719044e+00  1.695118904113769531e+00  -1.997796360646383107e+00  -1.571750942860738576e+00  -2.908802811299459279e+00  2.178950500488281250e+01
2.291054278612136841e-01  -1.279970471058980763e+00  1.685713291168212891e+00  -1.995665375386373341e+00  -1.572002712880269826e+00  -2.910383049641744435e+00  2.182578206062316895e+01
2.274860590696334839e-01  -1.273041073475972951e+00  1.676762580871582031e+00  -1.993545357381002248e+00  -1.572217766438619435e+00  -2.911916081105367482e+00  2.186114597320556641e+01
2.253026813268661499e-01  -1.263342682515279591e+00  1.664341926574707031e+00  -1.990587536488668263e+00  -1.572576824818746388e+00  -2.914012018834249318e+00  2.190856790542602539e+01
2.236833125352859497e-01  -1.256209675465719044e+00  1.654972076416015625e+00  -1.988384548817769826e+00  -1.572648827229635060e+00  -2.915556971226827443e+00  2.194823908805847168e+01
2.221721857786178589e-01  -1.248273197804586232e+00  1.645279407501220703e+00  -1.985988918934957326e+00  -1.572576824818746388e+00  -2.917209688817159474e+00  2.199576497077941895e+01
2.207445651292800903e-01  -1.240876976643697560e+00  1.636628150939941406e+00  -1.983725849782125294e+00  -1.572517220173970998e+00  -2.918706480656759084e+00  2.204273796081542969e+01
2.197251468896865845e-01  -1.235470120106832326e+00  1.629986763000488281e+00  -1.982133690510885060e+00  -1.572541062031881154e+00  -2.919784371052877248e+00  2.208382892608642578e+01
2.108126282691955566e-01  -1.183152500783101857e+00  1.576546669006347656e+00  -1.964050594960347951e+00  -1.570829216633931935e+00  -2.930778328572408498e+00  2.289510297775268555e+01
2.108126282691955566e-01  -1.183235947285787404e+00  1.576534748077392578e+00  -1.964050594960347951e+00  -1.570853058491842091e+00  -2.930778328572408498e+00  2.294046497344970703e+01
2.108126282691955566e-01  -1.183224026356832326e+00  1.576606273651123047e+00  -1.964050594960347951e+00  -1.570817295704976857e+00  -2.930790487919942677e+00  2.297189998626708984e+01
2.109804153442382812e-01  -1.184015099202291310e+00  1.577527523040771484e+00  -1.964206520711080373e+00  -1.570792977009908498e+00  -2.930526796971456349e+00  2.301283788681030273e+01
2.118560075759887695e-01  -1.187024418507711232e+00  1.580818176269531250e+00  -1.964960877095357716e+00  -1.570924584065572560e+00  -2.929664198552266896e+00  2.305015993118286133e+01
2.136551439762115479e-01  -1.192695442830220998e+00  1.587196350097656250e+00  -1.966349903737203419e+00  -1.570853058491842091e+00  -2.927820269261495412e+00  2.308975100517272949e+01
2.163066565990447998e-01  -1.200859371815816701e+00  1.596457958221435547e+00  -1.968230072651998341e+00  -1.570757214223043263e+00  -2.924934212361470998e+00  2.313175392150878906e+01
2.203127592802047729e-01  -1.213399235402242482e+00  1.610865116119384766e+00  -1.970865074788228810e+00  -1.570661369954244435e+00  -2.920515123997823537e+00  2.317765402793884277e+01
2.232515066862106323e-01  -1.223182026539937794e+00  1.621789932250976562e+00  -1.973044220601217091e+00  -1.570577446614400685e+00  -2.917221609746114552e+00  2.321081709861755371e+01
2.272463738918304443e-01  -1.236692730580465138e+00  1.637585163116455078e+00  -1.975834671651021779e+00  -1.570613209401265919e+00  -2.912885967885152638e+00  2.324831199645996094e+01
2.317921370267868042e-01  -1.251271073018209279e+00  1.654386043548583984e+00  -1.978936020527974904e+00  -1.570745293294088185e+00  -2.908167902623311818e+00  2.328756904602050781e+01
2.354027628898620605e-01  -1.263474766408101857e+00  1.669127941131591797e+00  -1.981366936360494435e+00  -1.570733372365133107e+00  -2.904227797185079396e+00  2.332357788085937500e+01
2.400930970907211304e-01  -1.279587093983785451e+00  1.687879085540771484e+00  -1.984887425099508107e+00  -1.570745293294088185e+00  -2.899066273366109669e+00  2.335734105110168457e+01
2.441834509372711182e-01  -1.292630020772115529e+00  1.703602790832519531e+00  -1.987606350575582326e+00  -1.570769135151998341e+00  -2.894946400319234669e+00  2.339211106300354004e+01
2.481056749820709229e-01  -1.306164566670553029e+00  1.719530105590820312e+00  -1.990431610737935841e+00  -1.570613209401265919e+00  -2.890742842351095021e+00  2.342867207527160645e+01
2.519084215164184570e-01  -1.319518868123189748e+00  1.735948085784912109e+00  -1.993270222340719044e+00  -1.570266071950094044e+00  -2.886551443730489552e+00  2.345988893508911133e+01
2.558190226554870605e-01  -1.333090130482808888e+00  1.751791477203369141e+00  -1.996251885090963185e+00  -1.570027176533834279e+00  -2.882443730031148732e+00  2.349301290512084961e+01
2.606168389320373535e-01  -1.349800411854879201e+00  1.772517681121826172e+00  -1.999760452901021779e+00  -1.569955174122945607e+00  -2.877473656331197560e+00  2.353180193901062012e+01
2.651869356632232666e-01  -1.366727177296773732e+00  1.792788982391357422e+00  -2.003413025532857716e+00  -1.569811169301168263e+00  -2.872623507176534474e+00  2.356761503219604492e+01
2.690376043319702148e-01  -1.379937473927633107e+00  1.808955669403076172e+00  -2.006226841603414357e+00  -1.569883171712056935e+00  -2.868898693715230763e+00  2.360157608985900879e+01
2.735597789287567139e-01  -1.396504227315084279e+00  1.829143524169921875e+00  -2.009759728108541310e+00  -1.569667641316549123e+00  -2.864263836537496388e+00  2.363770008087158203e+01
2.769902646541595459e-01  -1.409391228352681935e+00  1.844593048095703125e+00  -2.012490097676412404e+00  -1.569739166890279591e+00  -2.860635105763570607e+00  2.367512798309326172e+01
2.811049818992614746e-01  -1.424843136464254201e+00  1.863656044006347656e+00  -2.015627686177388966e+00  -1.569428269063131154e+00  -2.856587473546163380e+00  2.371057605743408203e+01
2.840677201747894287e-01  -1.436602417622701466e+00  1.878148078918457031e+00  -2.018262211476461232e+00  -1.569285217915670216e+00  -2.853593174611226857e+00  2.374719905853271484e+01
2.881820499897003174e-01  -1.453216854725972951e+00  1.898600101470947266e+00  -2.021818463002340138e+00  -1.569176975880758107e+00  -2.849401537572042287e+00  2.379012989997863770e+01
2.915526032447814941e-01  -1.466234985982076466e+00  1.914600372314453125e+00  -2.024645153676168263e+00  -1.569189373646871388e+00  -2.846167866383687794e+00  2.382976794242858887e+01
2.946112155914306641e-01  -1.478569809590474904e+00  1.929930686950683594e+00  -2.027338806782857716e+00  -1.569368664418355763e+00  -2.843221966420308888e+00  2.387159991264343262e+01
2.973586022853851318e-01  -1.490365330372945607e+00  1.944530963897705078e+00  -2.029853645955220998e+00  -1.569464031849996388e+00  -2.840419356022970021e+00  2.391048502922058105e+01
2.999733984470367432e-01  -1.501309696828023732e+00  1.958341598510742188e+00  -2.032152954732076466e+00  -1.569404427205220998e+00  -2.837892357503072560e+00  2.395190405845642090e+01
3.024084270000457764e-01  -1.511282269154683888e+00  1.970991611480712891e+00  -2.034344498311178029e+00  -1.569332901631490529e+00  -2.835640970860616505e+00  2.398928403854370117e+01
3.046637177467346191e-01  -1.520404163991109669e+00  1.982672214508056641e+00  -2.036392037068502248e+00  -1.569285217915670216e+00  -2.833652559910909474e+00  2.403078889846801758e+01
3.062707185745239258e-01  -1.527212444935933888e+00  1.991013526916503906e+00  -2.037864987050191701e+00  -1.569368664418355763e+00  -2.832227770482198537e+00  2.406938409805297852e+01
3.082859516143798828e-01  -1.535890881215230763e+00  2.002490997314453125e+00  -2.039733235036031544e+00  -1.569536034260885060e+00  -2.830383602772847951e+00  2.411548995971679688e+01
3.097615242004394531e-01  -1.542603794728414357e+00  2.011084079742431641e+00  -2.041110340748922169e+00  -1.569691960011617482e+00  -2.829017702733175099e+00  2.415420603752136230e+01
