t1
0.000000000000000000e+00
9.168386459350585938e-02
1.770660877227783203e-01
2.385680675506591797e-01
3.189399242401123047e-01
3.694500923156738281e-01
4.113819599151611328e-01
4.774050712585449219e-01
5.459609031677246094e-01
5.993080139160156250e-01
6.402668952941894531e-01
6.960399150848388672e-01
7.443900108337402344e-01
7.838940620422363281e-01
8.295710086822509766e-01
8.758120536804199219e-01
9.255869388580322266e-01
9.664149284362792969e-01
1.007659912109375000e+00
1.045984983444213867e+00
1.083371877670288086e+00
1.126435995101928711e+00
1.173667907714843750e+00
1.211005926132202148e+00
1.247828960418701172e+00
1.288775920867919922e+00
1.327672004699707031e+00
1.366957902908325195e+00
1.410113096237182617e+00
1.453684091567993164e+00
1.502115964889526367e+00
1.542519092559814453e+00
1.578845977783203125e+00
1.619332075119018555e+00
1.663716077804565430e+00
1.704444885253906250e+00
1.741472005844116211e+00
1.776890993118286133e+00
1.814491987228393555e+00
1.852500915527343750e+00
1.885251045227050781e+00
1.937524080276489258e+00
1.974030017852783203e+00
2.014971017837524414e+00
2.831541061401367188e+00
2.884975910186767578e+00
2.913655996322631836e+00
2.944041013717651367e+00
2.977056026458740234e+00
3.009651899337768555e+00
3.058148860931396484e+00
3.097110033035278320e+00
3.121845960617065430e+00
3.147367954254150391e+00
3.174797058105468750e+00
3.208910942077636719e+00
3.243891954421997070e+00
3.273408889770507812e+00
3.304821014404296875e+00
3.334860086441040039e+00
3.368808031082153320e+00
3.404721021652221680e+00
3.436142921447753906e+00
3.471570014953613281e+00
3.503336906433105469e+00
3.533355951309204102e+00
3.567916870117187500e+00
3.606150865554809570e+00
3.636439085006713867e+00
3.664998054504394531e+00
3.700615882873535156e+00
4.518148899078369141e+00
4.560229063034057617e+00
4.589075088500976562e+00
4.620110988616943359e+00
4.650276899337768555e+00
4.690823078155517578e+00
4.729690074920654297e+00
4.762809038162231445e+00
4.799424886703491211e+00
4.828665971755981445e+00
4.859960079193115234e+00
4.895977020263671875e+00
4.927016973495483398e+00
4.956001043319702148e+00
4.987334966659545898e+00
5.014609098434448242e+00
5.050472974777221680e+00
5.088881969451904297e+00
5.119616031646728516e+00
5.149456024169921875e+00
5.181427955627441406e+00
5.209970951080322266e+00
5.248416900634765625e+00
5.283235073089599609e+00
5.319998979568481445e+00
5.353950023651123047e+00
5.391609907150268555e+00
5.419697046279907227e+00
5.453665971755981445e+00
5.489646911621093750e+00
5.517988920211791992e+00
5.558352947235107422e+00
5.602483034133911133e+00
5.631342887878417969e+00
5.668870925903320312e+00
5.704247951507568359e+00
5.751681089401245117e+00
6.579391002655029297e+00
6.629611968994140625e+00
6.659529924392700195e+00
6.688720941543579102e+00
6.726145982742309570e+00
6.762842893600463867e+00
6.803729057312011719e+00
6.843771934509277344e+00
6.883781909942626953e+00
6.919931888580322266e+00
6.953011035919189453e+00
6.981251955032348633e+00
7.014929056167602539e+00
7.046426057815551758e+00
7.079782962799072266e+00
7.110179901123046875e+00
7.141674041748046875e+00
7.176261901855468750e+00
7.206448078155517578e+00
7.241492033004760742e+00
7.277720928192138672e+00
7.313405036926269531e+00
7.346900939941406250e+00
7.377822875976562500e+00
7.409929037094116211e+00
7.447423934936523438e+00
7.483687877655029297e+00
7.523535013198852539e+00
7.563046932220458984e+00
7.598160028457641602e+00
7.632430076599121094e+00
7.669075012207031250e+00
7.703155994415283203e+00
7.733422994613647461e+00
7.771384954452514648e+00
7.808896064758300781e+00
7.847697019577026367e+00
7.879915952682495117e+00
7.912575960159301758e+00
8.727315902709960938e+00
8.777107954025268555e+00
8.809482097625732422e+00
8.839876890182495117e+00
8.877840042114257812e+00
8.916109085083007812e+00
8.951175928115844727e+00
8.989728927612304688e+00
9.022739887237548828e+00
9.054738998413085938e+00
9.082473039627075195e+00
9.118493080139160156e+00
9.151558876037597656e+00
9.181442022323608398e+00
9.210248947143554688e+00
9.240813016891479492e+00
9.272150993347167969e+00
9.307080030441284180e+00
9.338254928588867188e+00
9.367634057998657227e+00
9.402482032775878906e+00
9.437432050704956055e+00
9.467195034027099609e+00
9.502449989318847656e+00
9.541725873947143555e+00
9.638256072998046875e+00
9.667006015777587891e+00
9.701709032058715820e+00
9.737096071243286133e+00
9.772268056869506836e+00
9.810271978378295898e+00
9.848520994186401367e+00
9.884922027587890625e+00
1.069599795341491699e+01
1.075148797035217285e+01
1.078155589103698730e+01
1.080907487869262695e+01
1.084257388114929199e+01
1.087987089157104492e+01
1.092316102981567383e+01
1.095880699157714844e+01
1.098781800270080566e+01
1.101899600028991699e+01
1.105117607116699219e+01
1.108397293090820312e+01
1.111991500854492188e+01
1.115207195281982422e+01
1.118364095687866211e+01
1.120940804481506348e+01
1.123960709571838379e+01
1.127404808998107910e+01
1.130582904815673828e+01
1.134147906303405762e+01
1.137694787979125977e+01
1.140987300872802734e+01
1.144087195396423340e+01
1.148145008087158203e+01
1.151756906509399414e+01
1.155329203605651855e+01
1.159449696540832520e+01
1.163469195365905762e+01
1.244640898704528809e+01
1.249255490303039551e+01
1.251966404914855957e+01
1.254846286773681641e+01
1.257989406585693359e+01
1.261946201324462891e+01
1.266469907760620117e+01
1.270452904701232910e+01
1.273648595809936523e+01
1.276711297035217285e+01
1.279924297332763672e+01
1.283504796028137207e+01
1.286840486526489258e+01
1.289794802665710449e+01
1.293147301673889160e+01
1.297110795974731445e+01
1.300313305854797363e+01
1.303428292274475098e+01
1.306976294517517090e+01
1.309875488281250000e+01
1.313943600654602051e+01
1.317499399185180664e+01
1.320338702201843262e+01
1.324022388458251953e+01
1.328614091873168945e+01
1.332956790924072266e+01
1.336905908584594727e+01
1.340318894386291504e+01
1.343750286102294922e+01
1.346641993522644043e+01
1.349509692192077637e+01
1.353334403038024902e+01
1.357187008857727051e+01
1.360926198959350586e+01
1.364982390403747559e+01
1.368081998825073242e+01
1.449331688880920410e+01
1.454380798339843750e+01
1.457182908058166504e+01
1.460166692733764648e+01
1.463524603843688965e+01
1.467600297927856445e+01
1.471511697769165039e+01
1.474943590164184570e+01
1.478403401374816895e+01
1.481837201118469238e+01
1.485313987731933594e+01
1.488457107543945312e+01
1.491574406623840332e+01
1.494763708114624023e+01
1.498169589042663574e+01
1.501294803619384766e+01
1.504150795936584473e+01
1.507502698898315430e+01
1.510246491432189941e+01
1.513235306739807129e+01
1.516723704338073730e+01
1.520035099983215332e+01
1.523572993278503418e+01
1.526774406433105469e+01
1.529708504676818848e+01
1.533335399627685547e+01
1.537072300910949707e+01
1.541343498229980469e+01
1.545197606086730957e+01
1.548610496520996094e+01
1.551833701133728027e+01
1.554649090766906738e+01
1.559059596061706543e+01
1.563789987564086914e+01
1.567256999015808105e+01
1.571432399749755859e+01
1.575522589683532715e+01
1.579316091537475586e+01
1.583298897743225098e+01
1.587341904640197754e+01
1.667995500564575195e+01
1.671879005432128906e+01
1.675046086311340332e+01
1.678177595138549805e+01
1.681713604927062988e+01
1.685556101799011230e+01
1.689504504203796387e+01
1.694097304344177246e+01
1.698222708702087402e+01
1.701982688903808594e+01
1.705445790290832520e+01
1.708889794349670410e+01
1.712267208099365234e+01
1.715790796279907227e+01
1.719199991226196289e+01
1.722886705398559570e+01
1.727510595321655273e+01
1.730662608146667480e+01
1.734051108360290527e+01
1.737971186637878418e+01
1.741116690635681152e+01
1.744739603996276855e+01
1.748055386543273926e+01
1.751141905784606934e+01
1.754094195365905762e+01
1.757617187500000000e+01
1.761701393127441406e+01
1.765410900115966797e+01
1.769265890121459961e+01
1.772940492630004883e+01
1.777064895629882812e+01
1.780664801597595215e+01
1.784265398979187012e+01
1.788181304931640625e+01
1.791893005371093750e+01
1.796064591407775879e+01
1.800111699104309082e+01
1.804148793220520020e+01
1.807670998573303223e+01
1.888395094871520996e+01
1.893041992187500000e+01
1.896420097351074219e+01
1.899620699882507324e+01
1.902992606163024902e+01
1.907235407829284668e+01
1.912042903900146484e+01
1.915688204765319824e+01
1.919116401672363281e+01
1.922483897209167480e+01
1.925927400588989258e+01
1.929524588584899902e+01
1.932834291458129883e+01
1.936544895172119141e+01
1.939571690559387207e+01
1.942998003959655762e+01
1.946661090850830078e+01
1.950010108947753906e+01
1.953229188919067383e+01
1.956663894653320312e+01
1.960176086425781250e+01
1.963932299613952637e+01
1.967041802406311035e+01
1.971036100387573242e+01
1.975394892692565918e+01
1.978876495361328125e+01
1.982266092300415039e+01
1.985670495033264160e+01
1.989542698860168457e+01
1.993927597999572754e+01
1.998008799552917480e+01
2.001572299003601074e+01
2.008148908615112305e+01
2.011656904220581055e+01
2.093792295455932617e+01
2.099167799949645996e+01
2.102179408073425293e+01
2.105164599418640137e+01
2.109284186363220215e+01
2.113017106056213379e+01
2.117019701004028320e+01
2.120637893676757812e+01
2.123896193504333496e+01
2.127273797988891602e+01
2.130589604377746582e+01
2.133963799476623535e+01
2.136938905715942383e+01
2.140757107734680176e+01
2.144153904914855957e+01
2.147712492942810059e+01
2.151237797737121582e+01
2.154461789131164551e+01
2.157206296920776367e+01
2.160602807998657227e+01
2.164077687263488770e+01
2.167935895919799805e+01
2.171954393386840820e+01
2.175333404541015625e+01
2.178950500488281250e+01
2.182578206062316895e+01
2.186114597320556641e+01
2.190856790542602539e+01
2.194823908805847168e+01
2.199576497077941895e+01
2.204273796081542969e+01
2.208382892608642578e+01
2.289510297775268555e+01
2.294046497344970703e+01
2.297189998626708984e+01
2.301283788681030273e+01
2.305015993118286133e+01
2.308975100517272949e+01
2.313175392150878906e+01
2.317765402793884277e+01
2.321081709861755371e+01
2.324831199645996094e+01
2.328756904602050781e+01
2.332357788085937500e+01
2.335734105110168457e+01
2.339211106300354004e+01
2.342867207527160645e+01
2.345988893508911133e+01
2.349301290512084961e+01
2.353180193901062012e+01
2.356761503219604492e+01
2.360157608985900879e+01
2.363770008087158203e+01
2.367512798309326172e+01
2.371057605743408203e+01
2.374719905853271484e+01
2.379012989997863770e+01
2.382976794242858887e+01
2.387159991264343262e+01
2.391048502922058105e+01
2.395190405845642090e+01
2.398928403854370117e+01
2.403078889846801758e+01
2.406938409805297852e+01
2.411548995971679688e+01
2.415420603752136230e+01
