a1     a2   a3   a4  a5   a6   t1
3.141592653589793116e+00  -4.401060977306334859e-02  1.436966818919308518e-02  3.162849940801830129e-01  2.787484776889219251e+00  5.977798781639768189e-01  0.000000000000000000e+00
-3.141592653589793116e+00  -1.088096802211881847e-01  7.369851490341899902e-02  4.119365628698694604e-01  -3.141592632140348673e+00  2.526600693374027595e-01  9.168386459350585938e-02
3.116999438826660640e+00  4.718757952992369553e-02  -9.824764012512851585e-02  7.366560225491054492e-01  3.094865732714801698e+00  5.754759437374141751e-01  1.770660877227783203e-01
3.141592653589793116e+00  5.029275500169667623e-01  -5.311563158496862558e-01  8.169414657303603056e-01  3.141592653589793116e+00  1.805866640309508608e-01  2.385680675506591797e-01
3.141592653589793116e+00  9.105347241419901039e-01  -9.456227371068839371e-01  2.800268604358736035e-01  3.141592653589793116e+00  -2.153138731013939378e-01  3.189399242401123047e-01
3.141592633660197809e+00  9.143512495474422908e-01  -9.514525591298377272e-01  -1.696261408591069608e-01  3.141592559517437877e+00  -3.543647627724307303e-01  3.694500923156738281e-01
3.114433103429918415e+00  3.141592653589793116e+00  -3.141592653589793116e+00  -3.141592653589793116e+00  3.141592653589793116e+00  -8.320641346470871724e-01  4.113819599151611328e-01
3.141592653589793116e+00  1.064369879101650262e+00  -1.085521093941142379e+00  -4.632685329636529459e-01  3.141592653589793116e+00  -3.099179126275308782e-01  4.774050712585449219e-01
3.141592653589793116e+00  1.418782144643323972e+00  -1.437048035793471845e+00  -7.619657627593492411e-01  3.141592653589793116e+00  -5.380029931968094425e-01  5.459609031677246094e-01
1.816633044137244024e+00  3.141592625963366636e+00  -3.141592640812971293e+00  -3.141592537887567538e+00  3.141592477879346479e+00  -9.556617652938290686e-01  5.993080139160156250e-01
1.650074680171588870e+00  3.141592653589793116e+00  -3.141592653589793116e+00  -3.141592653589793116e+00  3.141592653589793116e+00  -9.375468546172155415e-01  6.402668952941894531e-01
1.498461798456684813e+00  3.141592653589793116e+00  -3.141592653589793116e+00  -3.141592653589793116e+00  3.141592652608141911e+00  -9.191866601661030645e-01  6.960399150848388672e-01
1.285137919415355601e+00  3.141592653589793116e+00  -3.141592653589793116e+00  -3.141592653589793116e+00  3.141592649346006461e+00  -9.526066588801033186e-01  7.443900108337402344e-01
1.086144488317243306e+00  3.141592653589793116e+00  -3.141592653589793116e+00  -3.141592653589793116e+00  3.141592645243229676e+00  -1.020422297228269048e+00  7.838940620422363281e-01
9.150332168674196742e-01  3.141592653589793116e+00  -3.141592653589793116e+00  -3.141592653589793116e+00  3.141592639762796235e+00  -1.028618856102560875e+00  8.295710086822509766e-01
-9.628972873735666127e-01  3.141592653589793116e+00  -3.141592653589793116e+00  -3.141592652389805451e+00  3.141592653589793116e+00  -1.012075795581192761e+00  8.758120536804199219e-01
-1.099906052021505376e+00  3.141592653589793116e+00  -3.141592653589793116e+00  -3.141592653589793116e+00  3.141592331316973130e+00  -1.002905840738522292e+00  9.255869388580322266e-01
-1.303819601949784079e+00  3.141592466842129561e+00  -3.141592555871325576e+00  -3.141592253631904086e+00  2.189322212355703900e+00  -1.005285482182808776e+00  9.664149284362792969e-01
-1.502335403810278969e+00  3.141592653589793116e+00  -3.141592653589793116e+00  -3.141592653589793116e+00  1.795638332742681476e+00  -9.930031652614450532e-01  1.007659912109375000e+00
-1.652770172055386677e+00  3.141592653589793116e+00  -3.141592653589793116e+00  -3.141592653589793116e+00  1.155396293706760114e+00  -1.013093328155385775e+00  1.045984983444213867e+00
-1.798277473365135659e+00  3.141592653589793116e+00  -3.141592653589793116e+00  -3.141592653589793116e+00  4.768172063574983022e-01  -1.023326339231350746e+00  1.083371877670288086e+00
-1.999835090101257373e+00  3.141592653589793116e+00  -3.141592653589793116e+00  -3.141592653589793116e+00  -4.808389684971376421e-01  -1.059060729158274539e+00  1.126435995101928711e+00
-1.987224071289502181e+00  2.409910638786164405e+00  -2.652937620697315868e+00  -2.407354321576497647e+00  -1.606700149915571973e+00  -1.047485927207318923e+00  1.173667907714843750e+00
-2.088187674023796347e+00  1.885306547595248849e+00  -2.107414653675057536e+00  -2.145206848776783914e+00  -1.907601850505966201e+00  -1.018218784934142418e+00  1.211005926132202148e+00
-2.070191527480853555e+00  6.692476329051331163e-01  -5.555502277844311942e-01  -1.623410432164319017e+00  -1.962389954599875308e+00  -9.911152969595780071e-01  1.247828960418701172e+00
-2.091403764207242499e+00  -2.167987408933429450e-01  4.772966912406318429e-01  -1.223089510027827176e+00  -2.093533566341108987e+00  -9.790818177679680989e-01  1.288775920867919922e+00
-2.135253556897566796e+00  -5.336750667585151708e-01  8.075187373263325030e-01  -1.009120130080061628e+00  -2.301630857901955984e+00  -9.492763791732571343e-01  1.327672004699707031e+00
-2.160254570889718284e+00  -1.090698523042956447e+00  1.377604519689191065e+00  -6.827449672624719135e-01  -2.485815663895273975e+00  -9.363765961790793124e-01  1.366957902908325195e+00
-2.150473422885165409e+00  -1.443301472367464866e+00  1.738991060961004420e+00  -4.453532728596957813e-01  -2.594212682712449869e+00  -8.881111709850694202e-01  1.410113096237182617e+00
-2.198230369105395710e+00  -2.246244138518556088e+00  2.441351024780530121e+00  1.010980316207144014e-01  -2.666371502561668105e+00  -8.904368230568414644e-01  1.453684091567993164e+00
-2.229951612474620593e+00  -2.812585366753957761e+00  2.856369503870263671e+00  2.271094698453596461e+00  -2.724640280434465822e+00  -9.298739269536773211e-01  1.502115964889526367e+00
-2.361635329823876361e+00  -3.022710442395117436e+00  3.052895722508152776e+00  2.594400383274348965e+00  -2.815678500025277753e+00  -1.000422460205899977e+00  1.542519092559814453e+00
-2.310948459403032285e+00  -3.068724766588072583e+00  3.096889102583145981e+00  2.614868941255497070e+00  -2.792624648058968706e+00  -9.797979373290643945e-01  1.578845977783203125e+00
-2.298823754231999583e+00  -3.122291624055581583e+00  3.141592653589793116e+00  2.711908182941839218e+00  -2.804932858947842167e+00  -9.756867054190905275e-01  1.619332075119018555e+00
-2.240252421051273757e+00  -3.121784203459139206e+00  3.141592653589793116e+00  2.738891084960496602e+00  -2.731816244994408560e+00  -9.498563614875213945e-01  1.663716077804565430e+00
-2.207716150898695773e+00  -3.123832365435094793e+00  3.141592653589793116e+00  2.770015077549514704e+00  -2.704584154722250222e+00  -9.478111825565204152e-01  1.704444885253906250e+00
-2.182477427766667866e+00  -3.119585332663851407e+00  3.141592653589793116e+00  2.795030234212080078e+00  -2.682496953002976525e+00  -9.267408701864139342e-01  1.741472005844116211e+00
-2.191112560927703345e+00  -3.127853097148478145e+00  3.141592653589793116e+00  2.807636700745149483e+00  -2.603228112896163626e+00  -9.636967357606130991e-01  1.776890993118286133e+00
-2.185768888821944422e+00  -3.130163028148138959e+00  3.141592653589793116e+00  2.879869232635183351e+00  -2.593304792463548836e+00  -9.401252409820819445e-01  1.814491987228393555e+00
-2.154146358574940745e+00  -3.119371773538528014e+00  3.141592653589793116e+00  2.840857263900888885e+00  -2.553029520696434851e+00  -9.713777061344434083e-01  1.852500915527343750e+00
-2.179268791342113154e+00  -3.134900477404728658e+00  3.141592573593968929e+00  2.888777122835453071e+00  -2.604925571873392798e+00  -8.885040439640579102e-01  1.885251045227050781e+00
0.000000000000000000e+00  0.000000000000000000e+00  0.000000000000000000e+00  0.000000000000000000e+00  0.000000000000000000e+00  0.000000000000000000e+00  1.937524080276489258e+00
0.000000000000000000e+00  0.000000000000000000e+00  0.000000000000000000e+00  0.000000000000000000e+00  0.000000000000000000e+00  0.000000000000000000e+00  1.974030017852783203e+00
0.000000000000000000e+00  0.000000000000000000e+00  0.000000000000000000e+00  0.000000000000000000e+00  0.000000000000000000e+00  0.000000000000000000e+00  2.014971017837524414e+00
5.085424793354504924e-01  -1.122181660406565751e+00  1.543902898339190921e+00  -9.302299375849804042e-02  -1.538796300948361111e-02  4.236481406900129976e-01  2.831541061401367188e+00
5.088200456372033997e-01  -1.133211753959166179e+00  1.568184457255821895e+00  -5.582651282196080672e-02  8.131406219230440102e-03  4.644586280588731131e-01  2.884975910186767578e+00
5.083824251994921717e-01  -1.130923285956724422e+00  1.568442822566105121e+00  -6.302900038370080893e-02  -7.440502355756872625e-03  4.511105353424751940e-01  2.913655996322631836e+00
5.444745056094041358e-01  -1.231424309559448815e+00  1.707541230573596636e+00  -1.003001807796881084e-01  -3.178881138840807669e-02  4.755203989491181837e-01  2.944041013717651367e+00
6.042910608337497269e-01  -1.412851268325536092e+00  1.967792840295362389e+00  -8.993777861931907813e-02  -2.405034355955462493e-03  5.266883047903828663e-01  2.977056026458740234e+00
7.074299052218491202e-01  -1.732099379203039247e+00  2.265397443249417719e+00  -1.182745178990282087e-01  1.915795686760167829e-02  5.951052729763979254e-01  3.009651899337768555e+00
7.913291727180171709e-01  -1.908229968718706759e+00  2.417308249718424396e+00  -1.290637914297601274e-01  -2.516676662248472710e-02  6.775258694764720868e-01  3.058148860931396484e+00
8.461034904530205791e-01  -1.993817988137376096e+00  2.506711914317037770e+00  -1.267333558307583430e-01  3.270401837002758372e-03  7.291788594907987475e-01  3.097110033035278320e+00
8.763424031291690008e-01  -2.041703851571334383e+00  2.557586522301828147e+00  -1.328248026340090593e-01  -1.172910399082607510e-02  7.532001321649126613e-01  3.121845960617065430e+00
9.083920385275785492e-01  -2.091039918959284982e+00  2.605345920150781147e+00  -1.450128980043582649e-01  -2.704828393601266603e-02  7.772773054127030123e-01  3.147367954254150391e+00
9.471164653902363062e-01  -2.158029225272743989e+00  2.656246169133388513e+00  -1.486604348876401360e-01  2.654406222711011565e-02  8.247947132423317784e-01  3.174797058105468750e+00
9.769038122823240355e-01  -2.212018431851113132e+00  2.676309876016721656e+00  -1.572205367990370806e-01  -1.897698635673612799e-02  8.589282350091271834e-01  3.208910942077636719e+00
1.283839017882202338e+00  -2.510707812380451376e+00  2.717606170240768115e+00  -2.721156563418791197e-01  -2.465634727947312033e-02  1.183302690658499579e+00  3.243891954421997070e+00
1.295934458928930111e+00  -2.540002253931553433e+00  2.728656653167966795e+00  -2.725788311417702836e-01  1.015738256872052506e-02  1.193054453323314723e+00  3.273408889770507812e+00
1.304728846232064532e+00  -2.571132132984169871e+00  2.745492472794105243e+00  -2.873682880420907471e-01  4.314036907428661638e-02  1.206367157133627632e+00  3.304821014404296875e+00
1.342350224793353419e+00  -2.614015368287821772e+00  2.786261633174651475e+00  -2.935455416516987714e-01  1.534343266979325097e-02  1.248107054630636759e+00  3.334860086441040039e+00
1.339651319977923416e+00  -2.616296552828516031e+00  2.767948510547080243e+00  -3.001902378446550945e-01  -5.335669981754391500e-02  1.261670567052973757e+00  3.368808031082153320e+00
1.353105741339902135e+00  -2.634390094691408279e+00  2.779863990841606736e+00  -2.941349455060887630e-01  -2.144060919848516863e-02  1.267466188215069955e+00  3.404721021652221680e+00
1.324579625349505019e+00  -2.629950176191924616e+00  2.754574099023623823e+00  -3.358871308817702461e-01  6.196911045350826652e-02  1.254169543923544294e+00  3.436142921447753906e+00
1.459823964285235087e+00  -2.665452369942909794e+00  2.776850380211414393e+00  -4.405966961450518693e-01  4.998921847736473301e-02  1.496360067635671864e+00  3.471570014953613281e+00
1.469702586162711322e+00  -2.713082611533962130e+00  2.797283681003174483e+00  -4.277862002866815727e-01  2.276676442222360097e-01  1.545466571245062593e+00  3.503336906433105469e+00
1.481229306528986100e+00  -2.760929518715823594e+00  2.857516158341614876e+00  -4.530190160432736590e-01  5.492397263898583792e-02  1.567853822972857136e+00  3.533355951309204102e+00
1.528321296818117458e+00  -2.824681010263289327e+00  2.905685571421144697e+00  -4.744461751058217103e-01  -1.385268794453040075e-01  1.587205413893883366e+00  3.567916870117187500e+00
1.530500284291490320e+00  -2.806167340381358510e+00  2.880352769104347121e+00  -4.820545221951006432e-01  2.760934485243043413e-01  1.550301846905856262e+00  3.606150865554809570e+00
1.527016401829679904e+00  -2.789812756246901060e+00  2.882738759697095698e+00  -4.802397780548665063e-01  9.748709062656227275e-02  1.588503331545940700e+00  3.636439085006713867e+00
0.000000000000000000e+00  0.000000000000000000e+00  0.000000000000000000e+00  0.000000000000000000e+00  0.000000000000000000e+00  0.000000000000000000e+00  3.664998054504394531e+00
0.000000000000000000e+00  0.000000000000000000e+00  0.000000000000000000e+00  0.000000000000000000e+00  0.000000000000000000e+00  0.000000000000000000e+00  3.700615882873535156e+00
-5.232512450427396480e-04  3.052600292221703260e-01  2.119281301225970915e-01  1.137786458182456772e-01  -2.584367928912123871e-02  -4.285090841760064856e-02  4.518148899078369141e+00
-1.706135364207151262e-04  3.149734270126030022e-01  2.223778622906042723e-01  7.077556043291420573e-02  3.986783708781362415e-03  -4.392819698497053144e-02  4.560229063034057617e+00
2.239665208767054863e-04  3.130131835213211255e-01  2.227332419579237666e-01  1.228280231054548199e-01  -9.331333545803299073e-03  -4.336699127202983672e-02  4.589075088500976562e+00
-3.430240091926472362e-02  3.579998652618262556e-01  1.910714813062851514e-01  6.259069584062036673e-02  2.155498178138085322e-02  -8.277645428073518441e-02  4.620110988616943359e+00
-9.078797883839942462e-02  4.236049953057136053e-01  1.382493214245633373e-01  1.173945086325479670e-01  -4.085279289611715853e-02  -1.307626150656773234e-01  4.650276899337768555e+00
-2.183981415735733456e-01  7.507163206547372569e-01  -2.672126735920232754e-02  1.246983914655100389e-01  -4.843057275384140409e-03  -2.376628102037333379e-01  4.690823078155517578e+00
-3.665895543301204706e-01  9.345713533862661793e-01  -2.926392781518921682e-01  1.970104778772822085e-01  2.880710780819662961e-02  -3.489404774701407863e-01  4.729690074920654297e+00
-4.494087603873108683e-01  1.035096661631356607e+00  -4.186203227016925266e-01  1.757141507590481710e-01  -6.620910259130351541e-03  -4.246817798094624230e-01  4.762809038162231445e+00
-5.378291680316500400e-01  1.133872109067827871e+00  -5.923955576643968879e-01  1.821094012663158068e-01  2.813203813080852878e-02  -5.031322995668586762e-01  4.799424886703491211e+00
-5.801461280340419746e-01  1.187459774484059372e+00  -6.424496793719258747e-01  1.395250728135448426e-01  -5.295949294079339842e-02  -5.543891025324673150e-01  4.828665971755981445e+00
-6.403168418363670567e-01  1.248620151048768889e+00  -7.098512131804969316e-01  1.683989549714689504e-01  2.507906736272593265e-02  -6.091202905447149485e-01  4.859960079193115234e+00
-7.220591366576372128e-01  1.327686070138131447e+00  -7.938225714634040697e-01  2.382583568430053089e-01  -3.724056707435590557e-02  -6.752055029883690107e-01  4.895977020263671875e+00
-7.472175212835594493e-01  1.377091092263592831e+00  -8.490791878349265298e-01  1.689338540608429640e-01  -2.616262563702514282e-02  -7.246446466956577570e-01  4.927016973495483398e+00
-8.031299321121686541e-01  1.431997897265254283e+00  -9.084209519497756791e-01  1.726345987784542457e-01  -7.862583504922625310e-02  -7.632874308969762600e-01  4.956001043319702148e+00
-8.480633969029734986e-01  1.484821041580433931e+00  -9.701266824396582722e-01  1.893516045630432576e-01  -3.887449943302799527e-02  -8.219128564733726439e-01  4.987334966659545898e+00
-1.231722741327857973e+00  1.945518487208197644e+00  -1.921070792804009608e+00  1.796578314046583802e-01  -1.890438159466827431e-02  -1.098496654501137426e+00  5.014609098434448242e+00
-1.242424380083648305e+00  1.966006133324077698e+00  -1.947430894730913353e+00  1.617382881967321384e-01  -9.742660925436111632e-03  -1.109215504195492752e+00  5.050472974777221680e+00
-1.270025398359126312e+00  2.008416207944755616e+00  -2.006373443033344195e+00  1.792048717458869789e-01  1.370133682066474942e-02  -1.136785522134537763e+00  5.088881969451904297e+00
-1.296130108540739068e+00  2.048106668088347515e+00  -2.056962736204441811e+00  1.870091133213682977e-01  1.318609975007588601e-04  -1.158865856108695302e+00  5.119616031646728516e+00
-1.315697272840034016e+00  2.085775852917176820e+00  -2.098278082257108323e+00  1.591690431968256492e-01  -2.186437090117463247e-02  -1.182007806899445290e+00  5.149456024169921875e+00
-1.335962596475924746e+00  2.115782989697956307e+00  -2.148534665936779664e+00  1.588627338563472213e-01  -1.077505552631646477e-02  -1.201473685139839986e+00  5.181427955627441406e+00
-1.362403228235804287e+00  2.152524234867518871e+00  -2.207701303226554668e+00  1.673591414336283445e-01  1.662879343180416816e-02  -1.223123784882671483e+00  5.209970951080322266e+00
-1.377054699118632541e+00  2.193149569473663352e+00  -2.267494166683543533e+00  1.764772213093427911e-01  -1.027759075524676755e-02  -1.244203562718695366e+00  5.248416900634765625e+00
-1.385747998227684352e+00  2.208168610028672152e+00  -2.306407223481144353e+00  1.817667280981899725e-01  2.916254422060688203e-02  -1.254153200845987026e+00  5.283235073089599609e+00
-1.483911092165736800e+00  2.255074845550206319e+00  -2.560477372583654265e+00  1.052512760958113913e-01  4.488872897479925968e-03  -1.354903882549181482e+00  5.319998979568481445e+00
-1.479887282064108689e+00  2.252530243787700837e+00  -2.572233089712031351e+00  9.582900512114210512e-02  -4.066843576308998287e-02  -1.355731006484953705e+00  5.353950023651123047e+00
-1.481153105760449673e+00  2.262065602579931056e+00  -2.610715325829970013e+00  4.617812280032497496e-02  -2.024986837396179282e-02  -1.358454894887694886e+00  5.391609907150268555e+00
-1.466548556031858741e+00  2.250136186457734500e+00  -2.619442614904094135e+00  6.646196920836540400e-02  -4.442437781660019125e-02  -1.347724454664482874e+00  5.419697046279907227e+00
-1.468416852250430837e+00  2.269275731684630593e+00  -2.650738485497618147e+00  5.824779961667162637e-02  -1.758938487942871345e-02  -1.349649368302443531e+00  5.453665971755981445e+00
-1.422516524137590999e+00  2.262067331526035119e+00  -2.649122856020905914e+00  4.477105781748488833e-02  -7.049007936435557065e-02  -1.329614053894763614e+00  5.489646911621093750e+00
-1.562400334420973147e+00  2.446141266306913309e+00  -2.824996781857661343e+00  -8.709491055940285498e-02  3.131555173460628255e-02  -1.457179578448201340e+00  5.517988920211791992e+00
-1.555548025475947949e+00  2.452119444833425366e+00  -2.834013324931915268e+00  -1.283445454216847192e-01  1.206506386496116329e-01  -1.470333843198436297e+00  5.558352947235107422e+00
-1.571272152227736196e+00  2.466926453364581384e+00  -2.855702786301345331e+00  -3.722096230305120546e-02  -3.688467489044613967e-01  -1.462271325236971897e+00  5.602483034133911133e+00
-1.570349932489116584e+00  2.489219007938209938e+00  -2.878766162352557778e+00  -8.701239366058434455e-02  -6.450470323529747252e-02  -1.486604685718880159e+00  5.631342887878417969e+00
-1.579255869683040325e+00  2.497155207254436071e+00  -2.900577748874766826e+00  -6.898485982563548613e-02  2.457324494759275946e-01  -1.447146698317365754e+00  5.668870925903320312e+00
0.000000000000000000e+00  0.000000000000000000e+00  0.000000000000000000e+00  0.000000000000000000e+00  0.000000000000000000e+00  0.000000000000000000e+00  5.704247951507568359e+00
0.000000000000000000e+00  0.000000000000000000e+00  0.000000000000000000e+00  0.000000000000000000e+00  0.000000000000000000e+00  0.000000000000000000e+00  5.751681089401245117e+00
2.242891435976224201e-03  1.135335463686764773e-01  5.790227999539006021e-01  1.411660644655025887e-01  6.718176539105489599e-03  -3.967110660707807296e-02  6.579391002655029297e+00
-4.578251325217128076e-01  1.844733286437389319e+00  -2.152941454638614083e+00  2.275617784532744103e-01  -2.802045727495683369e-02  -4.321510895755225623e-01  6.629611968994140625e+00
-4.600382652565005448e-01  1.849012823369665659e+00  -2.154144696468121900e+00  1.761071153429186464e-01  -4.748275008917831469e-02  -4.351693116533000838e-01  6.659529924392700195e+00
4.134249822281979569e-02  4.651482655401554395e-02  6.667705915289957597e-01  1.417468325808287910e-01  -5.077387946031397363e-03  3.386491283087585125e-02  6.688720941543579102e+00
9.370031701131648072e-02  -1.132198228480095076e-01  9.040341517544687733e-01  1.691761356548877049e-01  1.731977916114644730e-02  4.989814360570696966e-02  6.726145982742309570e+00
1.619856884929359031e-01  -2.102399658068020705e-01  1.030420515545316773e+00  1.504263848787900926e-01  -9.236458828154924319e-03  1.191033137973545875e-01  6.762842893600463867e+00
2.537412991607442825e-01  -5.917436660016085481e-01  1.493729270751284366e+00  1.652870290011255461e-01  -3.436492009797221386e-02  1.435223765411752228e-01  6.803729057312011719e+00
3.318685761901475351e-01  -7.745529990484376626e-01  1.702056326179119061e+00  1.415202102933769412e-01  -6.128562066053804686e-02  2.043260561559736288e-01  6.843771934509277344e+00
3.876959328119861659e-01  -8.755783712698291810e-01  1.821659682954545278e+00  1.239767402346833164e-01  -8.062295605680867144e-03  2.589110232082572627e-01  6.883781909942626953e+00
4.405874370433547904e-01  -9.651263439420969537e-01  1.918449650585198452e+00  1.182516472103886801e-01  2.674299913369772644e-02  3.193221677733788511e-01  6.919931888580322266e+00
4.839192473577949016e-01  -1.033381452949969193e+00  1.994627062794469774e+00  1.231489510389411207e-01  -9.583015010576642276e-03  3.556199973315602447e-01  6.953011035919189453e+00
5.190401391813976861e-01  -1.089400213597410572e+00  2.047313679065112524e+00  1.118459275942748909e-01  -1.706550422663006758e-02  3.792032136704899803e-01  6.981251955032348633e+00
5.652300995658401384e-01  -1.174273571363063429e+00  2.139796517344866089e+00  1.025525447173712412e-01  6.094818270949277882e-03  4.244003223093926191e-01  7.014929056167602539e+00
6.044818385103729597e-01  -1.251808348068559118e+00  2.217220527554184972e+00  9.349408014102823794e-02  -2.746435429599661249e-02  4.630649466645300194e-01  7.046426057815551758e+00
6.497925209026608195e-01  -1.328800620054816140e+00  2.292712691864257746e+00  8.855815284072476867e-02  -2.810632503575523009e-02  4.992423584382560953e-01  7.079782962799072266e+00
6.847874928776168657e-01  -1.395333742512157249e+00  2.348060871455260656e+00  7.614810642023318865e-02  5.641814539695114324e-03  5.324043843997053882e-01  7.110179901123046875e+00
7.077557489214129083e-01  -1.444552449892411383e+00  2.389207259707367026e+00  7.356932488598670605e-02  -2.767710314787445378e-02  5.678636089011732668e-01  7.141674041748046875e+00
9.846263588002591716e-01  -2.280553506136461461e+00  2.646350739046802847e+00  -7.931681488276699776e-02  -2.885347621731683410e-03  8.034224466688888455e-01  7.176261901855468750e+00
1.009138564658344839e+00  -2.337664587697643181e+00  2.695471052432646175e+00  -9.288596818232280894e-02  -1.926692011616748523e-02  8.303399005266025590e-01  7.206448078155517578e+00
1.020710327377424287e+00  -2.368359572936068691e+00  2.702733446932340744e+00  -9.958052532171959847e-02  -3.619914390081238609e-02  8.392183729468833953e-01  7.241492033004760742e+00
1.034396811569050056e+00  -2.413161305671513990e+00  2.719341531565668824e+00  -1.106126691717596866e-01  -1.060438477414403155e-02  8.624645315958906489e-01  7.277720928192138672e+00
1.057081017264625888e+00  -2.472479230174056131e+00  2.755449015614235719e+00  -1.222688106881071601e-01  -2.479586161892593371e-02  8.883419231605964583e-01  7.313405036926269531e+00
1.076607790440578638e+00  -2.514520482958333414e+00  2.760042186876117132e+00  -1.336786926006576504e-01  -9.434704381025713071e-03  9.076832047707743545e-01  7.346900939941406250e+00
1.091112148364758339e+00  -2.567437731879234519e+00  2.751514294705759145e+00  -1.526237500469035946e-01  4.171483106684653434e-03  9.377279902729189764e-01  7.377822875976562500e+00
1.080624266443555692e+00  -2.558148022890812001e+00  2.683552275108294527e+00  -1.845415587239690736e-01  -1.261586773057307188e-02  9.519150635855071485e-01  7.409929037094116211e+00
1.095175530928064189e+00  -2.607004736734597206e+00  2.724329267084123263e+00  -2.011911806752163523e-01  4.962320138617065841e-03  9.696846739250509772e-01  7.447423934936523438e+00
1.148359908758896486e+00  -2.678376381520092941e+00  2.703093117555661173e+00  -4.008193289437504969e-01  7.172685175020361570e-02  1.191826605792124738e+00  7.483687877655029297e+00
1.165100090880184069e+00  -2.732681356945498408e+00  2.731557665424208192e+00  -4.285063234545399280e-01  9.973932296744698282e-04  1.202737515572354088e+00  7.523535013198852539e+00
1.165457865949099725e+00  -2.772902508214136752e+00  2.750702195166897290e+00  -4.402715850101261985e-01  -1.453416622880746370e-02  1.223094604356314230e+00  7.563046932220458984e+00
1.201529039937327958e+00  -2.859620019453559703e+00  2.833239501286946016e+00  -4.532761651951854320e-01  2.613402049273947855e-02  1.266546747940938245e+00  7.598160028457641602e+00
1.194043770753712597e+00  -2.838208736503316842e+00  2.793802555244224717e+00  -4.640040169711106555e-01  -3.270946958467384896e-02  1.249407822417036185e+00  7.632430076599121094e+00
1.197063071620603880e+00  -2.839148741307366830e+00  2.806736955749137508e+00  -4.640917568571059082e-01  7.959609431720766209e-03  1.259045363151573893e+00  7.669075012207031250e+00
1.271832255261803324e+00  -2.857092833050745018e+00  2.790646529029962242e+00  -6.077941204170644873e-01  -1.062072037197995117e-01  1.452014760722443842e+00  7.703155994415283203e+00
1.310915320552904273e+00  -2.928661113275169203e+00  2.877545013967181209e+00  -6.541473200289225076e-01  2.044587715396949112e-02  1.427837068507026741e+00  7.733422994613647461e+00
1.362536151094974501e+00  -3.000985529768875004e+00  2.949777153024383924e+00  -6.692317988015032970e-01  2.753122716400292491e-01  1.548655719299408373e+00  7.771384954452514648e+00
1.376219184652812899e+00  -2.987709184221307268e+00  2.929438792331107155e+00  -6.982409278799535102e-01  6.817634847061690428e-02  1.520507180731303976e+00  7.808896064758300781e+00
0.000000000000000000e+00  0.000000000000000000e+00  0.000000000000000000e+00  0.000000000000000000e+00  0.000000000000000000e+00  0.000000000000000000e+00  7.847697019577026367e+00
0.000000000000000000e+00  0.000000000000000000e+00  0.000000000000000000e+00  0.000000000000000000e+00  0.000000000000000000e+00  0.000000000000000000e+00  7.879915952682495117e+00
0.000000000000000000e+00  0.000000000000000000e+00  0.000000000000000000e+00  0.000000000000000000e+00  0.000000000000000000e+00  0.000000000000000000e+00  7.912575960159301758e+00
-1.999580162113488366e-03  3.385784630417882912e-01  -3.479162788268942014e-02  9.254143286868313223e-02  -2.250643267551766941e-02  -3.436356648588704404e-02  8.727315902709960938e+00
-1.691785343312650781e-03  3.395203535790280447e-01  -1.808758836204124240e-02  9.257588446263979864e-02  -1.559084695432329942e-02  -2.874436391073391384e-02  8.777107954025268555e+00
-1.277801711994633240e-03  3.369169198431634649e-01  -4.117631251194873998e-02  9.339749053205810558e-02  -5.102807325066799349e-02  -2.826043366877340618e-02  8.809482097625732422e+00
5.608294770989392768e-03  6.171679306943339549e-01  -7.498137647903991843e-01  1.259910955978370828e-01  -3.355962245156991763e-02  -4.285154817542990296e-02  8.839876890182495117e+00
1.392176128458743820e-02  1.192265930921033057e+00  -1.817311492824207564e+00  2.148222178238055058e-01  1.944893898753094486e-02  -5.628851020997525934e-02  8.877840042114257812e+00
4.646056399525691494e-02  1.982466441327193296e+00  -3.141592653589793116e+00  2.374107560665204286e-01  -4.387159111585434146e-02  -1.629409030131726693e-02  8.916109085083007812e+00
6.559769608076243541e-02  2.317198435647874533e+00  -3.141592653589793116e+00  2.165325894965875186e-01  -2.510337737379567113e-02  -1.975768828924111264e-02  8.951175928115844727e+00
7.916732898653300321e-02  2.587736933028305319e+00  -3.141592653589793116e+00  2.325179059694108819e-01  -9.833127676506574211e-02  -1.030669461115336742e-02  8.989728927612304688e+00
9.276752219860764925e-02  2.680284134121942330e+00  -3.141592653589793116e+00  2.368941808332911125e-01  -5.107948555901164339e-02  6.172638629534500307e-03  9.022739887237548828e+00
1.007620109491273314e-01  2.767558427532391008e+00  -3.141592653589793116e+00  2.521913107105852592e-01  -4.171009415286044963e-02  1.308395434992341150e-02  9.054738998413085938e+00
1.131345795036881458e-01  2.832777944210590260e+00  -3.141592653589793116e+00  2.611715857166369559e-01  -1.578542159661941793e-02  2.386387807241629674e-02  9.082473039627075195e+00
1.239874629024771829e-01  2.897941500184423091e+00  -3.141592653589793116e+00  2.857177302118438789e-01  1.693482418376836274e-02  3.980707376257729829e-02  9.118493080139160156e+00
1.989442088204286807e-01  2.951494834199450690e+00  -3.141592653589793116e+00  3.822247927205782991e-01  -1.980300940372669086e-02  1.269472868690460499e-01  9.151558876037597656e+00
2.034314465917863857e-01  2.964343372209383709e+00  -3.141592653589793116e+00  3.900092359023106803e-01  -1.232547453808973369e-02  1.348163876051755306e-01  9.181442022323608398e+00
2.082644639632377781e-01  2.978156559450324092e+00  -3.141592653589793116e+00  3.917437413288692438e-01  -9.987108520489012750e-03  1.378992950665727524e-01  9.210248947143554688e+00
2.140780183115010560e-01  3.005233175852700445e+00  -3.141592653589793116e+00  4.034057810295921254e-01  -2.573003060144852736e-02  1.420889232278145786e-01  9.240813016891479492e+00
2.210429393832595291e-01  2.977351331914679378e+00  -3.141592653589793116e+00  4.120259614579869223e-01  -8.082706864139014517e-04  1.544054863300562130e-01  9.272150993347167969e+00
2.269165755169015031e-01  3.003044754491819290e+00  -3.141592653589793116e+00  4.254111524192840665e-01  -8.695527654385887262e-03  1.605265043819654736e-01  9.307080030441284180e+00
2.330822126952201423e-01  3.036034914336132040e+00  -3.141592653589793116e+00  4.332218724277545063e-01  -2.610605887782174381e-02  1.714364903368989224e-01  9.338254928588867188e+00
2.397992075492284825e-01  2.913137819064699485e+00  -3.141592653589793116e+00  4.426439011566508097e-01  3.562287586971366049e-02  1.846550820611269905e-01  9.367634057998657227e+00
2.439614377859227468e-01  2.931737844878874455e+00  -3.141592653589793116e+00  4.459413317790298925e-01  -3.376395813982253479e-03  1.916714142877216642e-01  9.402482032775878906e+00
2.864538131926179787e-01  2.944438892450433443e+00  -3.141592653589793116e+00  4.961444139611549953e-01  5.830825885274897730e-02  2.963716731605552379e-01  9.437432050704956055e+00
2.859572112394144772e-01  2.949359563052369904e+00  -3.141592653589793116e+00  5.114672112370818313e-01  5.405151365239718037e-02  3.017842778111436974e-01  9.467195034027099609e+00
2.850995315142602626e-01  2.965774251921377225e+00  -3.141592653589793116e+00  5.067124065649144526e-01  7.207156802167664911e-03  3.097000338332737135e-01  9.502449989318847656e+00
2.891703737723534950e-01  2.981621584003140146e+00  -3.141592653589793116e+00  5.226960270152680721e-01  8.512842076926869020e-03  3.182300989483617948e-01  9.541725873947143555e+00
2.936470107741311897e-01  3.005743181113206930e+00  -3.141592653589793116e+00  5.186637944076668560e-01  -9.186876194580438637e-03  3.331549680718499107e-01  9.638256072998046875e+00
3.423822727803035315e-01  3.018677746229263548e+00  -3.141592653589793116e+00  5.884087926411345482e-01  4.097636636167280300e-02  4.691785971379079934e-01  9.667006015777587891e+00
3.382560957781521882e-01  3.013430666719679518e+00  -3.141592653589793116e+00  5.651561184996188869e-01  3.145434931920563781e-01  4.935339636995857426e-01  9.701709032058715820e+00
3.377019027038640764e-01  3.053235262140008288e+00  -3.141592653589793116e+00  5.737139296620883400e-01  -1.147686338633792727e-02  5.198863434794626093e-01  9.737096071243286133e+00
3.436650066815621352e-01  3.041554231824155075e+00  -3.141592653589793116e+00  5.641431602354686214e-01  4.363510736535400336e-02  5.421961469184687354e-01  9.772268056869506836e+00
0.000000000000000000e+00  0.000000000000000000e+00  0.000000000000000000e+00  0.000000000000000000e+00  0.000000000000000000e+00  0.000000000000000000e+00  9.810271978378295898e+00
0.000000000000000000e+00  0.000000000000000000e+00  0.000000000000000000e+00  0.000000000000000000e+00  0.000000000000000000e+00  0.000000000000000000e+00  9.848520994186401367e+00
0.000000000000000000e+00  0.000000000000000000e+00  0.000000000000000000e+00  0.000000000000000000e+00  0.000000000000000000e+00  0.000000000000000000e+00  9.884922027587890625e+00
2.124398735399203597e-01  -2.748460866414837334e+00  3.141592653589793116e+00  -2.517198961797804252e-02  1.887540989059801125e-03  2.203645900667068891e-01  1.069599795341491699e+01
4.240628319357658078e-05  -5.359976578610776282e-02  2.270625993686803054e-02  4.435641831281072339e-02  1.072924613939415898e-02  -1.924578959617378755e-03  1.075148797035217285e+01
1.186082320340295602e-05  -5.665708116259896704e-02  1.185645245174982328e-02  4.322096042617437628e-02  6.585225302004717174e-02  -6.414832135930575996e-02  1.078155589103698730e+01
1.577692385740514514e-02  -5.439925707276533906e-01  6.311879263355826275e-01  6.341399098640045084e-02  -1.984396089675068836e-02  7.111887282686069067e-02  1.080907487869262695e+01
2.574838725834094344e-01  -2.909006313052892256e+00  3.141592653589793116e+00  -1.051415011768326579e-02  -2.712454860188170253e-02  2.417691109442266784e-01  1.084257388114929199e+01
2.984971431552570498e-01  -2.973890118502582780e+00  3.141592653589793116e+00  -5.562951889204538133e-03  -1.010073014641355883e-02  2.579808274113405409e-01  1.087987089157104492e+01
3.254497485820942448e-01  -3.003340206889481667e+00  3.141592653589793116e+00  1.106122375425591621e-03  1.162201934994328695e-02  2.687932368967266283e-01  1.092316102981567383e+01
3.450303008584541531e-01  -3.026660356107151451e+00  3.141592653589793116e+00  -8.990637051469531002e-03  -1.036112390188778307e-02  2.867492751328373224e-01  1.095880699157714844e+01
3.627903087121919778e-01  -3.059083001044159644e+00  3.141592653589793116e+00  -2.411934074828702215e-02  -3.327286655307075403e-02  3.077507956086232843e-01  1.098781800270080566e+01
3.802931553842029966e-01  -3.081553757110469860e+00  3.141592653589793116e+00  -2.642904152238656837e-02  -4.113176405316355116e-02  3.234213501537093749e-01  1.101899600028991699e+01
3.968270120280705804e-01  -3.091559127559928566e+00  3.141592653589793116e+00  -3.953757017498345933e-02  -4.404032041405451549e-03  3.362051117252556898e-01  1.105117607116699219e+01
4.115047693686743613e-01  -3.085657412486748186e+00  3.141592653589793116e+00  -4.753151284857188436e-02  2.850845649840740015e-02  3.530667631026861430e-01  1.108397293090820312e+01
4.315016759864780949e-01  -3.079943710868179529e+00  3.141592653589793116e+00  -3.230253232517316109e-02  -2.135438062148117128e-02  3.699463191998492162e-01  1.111991500854492188e+01
5.610231853276660408e-01  -3.068544191612769367e+00  3.141592653589793116e+00  -1.400881710903788824e-01  -3.233188861389690860e-02  5.197989915022370733e-01  1.115207195281982422e+01
5.669195854945624502e-01  -3.070486829457146349e+00  3.141592653589793116e+00  -1.436777725824843754e-01  4.598742353611178814e-03  5.314638057645952873e-01  1.118364095687866211e+01
5.694025615931134210e-01  -3.075910758104812182e+00  3.141592653589793116e+00  -1.249659118607717861e-01  -7.219732875980919284e-03  5.321445894550018707e-01  1.120940804481506348e+01
5.766871031028858452e-01  -3.086129905799912532e+00  3.141592653589793116e+00  -1.155000192106981766e-01  -2.156595612176743018e-02  5.451541315827040934e-01  1.123960709571838379e+01
5.820788163686037020e-01  -3.082287278650620799e+00  3.141592653589793116e+00  -1.336849207087939528e-01  -1.793426385914066029e-02  5.424788409794186750e-01  1.127404808998107910e+01
5.903714635963734914e-01  -3.075231171203946623e+00  3.141592653589793116e+00  -1.433872817916853060e-01  5.556072733395186342e-02  5.599174276844635090e-01  1.130582904815673828e+01
5.958356028266557081e-01  -3.084720038924867680e+00  3.141592653589793116e+00  -1.396826460525313340e-01  -3.836028894655503334e-03  5.664120660582229183e-01  1.134147906303405762e+01
6.765113137468359295e-01  -3.108222883890704669e+00  3.141592653589793116e+00  -3.121614941741266414e-01  1.929322642657362863e-01  7.055760092217296942e-01  1.137694787979125977e+01
6.781550426287529243e-01  -3.105675201243934591e+00  3.141592557011520626e+00  -2.788133898922946496e-01  -1.678059091082725607e-01  7.239615426264106590e-01  1.140987300872802734e+01
7.010110496032918581e-01  -3.121916282909821483e+00  3.141592653589793116e+00  -3.227120044833579615e-01  -8.926079800551653398e-02  7.535559596359800993e-01  1.144087195396423340e+01
7.044121834945152871e-01  -3.110538089488639635e+00  3.141592529537806655e+00  -1.099389907096775809e-01  -1.687395449023658400e-01  7.384048866796424360e-01  1.148145008087158203e+01
7.088941392926479956e-01  -3.121142324282717428e+00  3.141592653589793116e+00  -2.227864200354182644e-01  -2.192301955637425970e-01  7.565626548758878078e-01  1.151756906509399414e+01
0.000000000000000000e+00  0.000000000000000000e+00  0.000000000000000000e+00  0.000000000000000000e+00  0.000000000000000000e+00  0.000000000000000000e+00  1.155329203605651855e+01
0.000000000000000000e+00  0.000000000000000000e+00  0.000000000000000000e+00  0.000000000000000000e+00  0.000000000000000000e+00  0.000000000000000000e+00  1.159449696540832520e+01
0.000000000000000000e+00  0.000000000000000000e+00  0.000000000000000000e+00  0.000000000000000000e+00  0.000000000000000000e+00  0.000000000000000000e+00  1.163469195365905762e+01
-1.429697963545579435e-03  3.602967533746889162e-01  -6.442165175936868937e-02  -4.145302826833231237e-03  1.020787713339129515e-02  -1.556774619625611242e-02  1.244640898704528809e+01
-1.150200879359582207e-03  3.589467700274096562e-01  -6.241881982331026757e-02  4.528375149532411909e-02  -3.944321820675379675e-02  -2.810599793264476065e-02  1.249255490303039551e+01
-8.168936687910668655e-04  3.603167127441717077e-01  -6.167052357851562916e-02  7.707342714153343766e-02  3.465903884247983208e-02  -2.188763733690662211e-02  1.251966404914855957e+01
-7.456706007180125863e-04  4.394555834271383077e-01  -1.176089130791861670e-01  3.052064473455682811e-02  -5.000866710738881282e-02  -1.520852585336313436e-04  1.254846286773681641e+01
-7.754922392547733499e-04  9.209441862324224681e-01  -4.458330756939505313e-01  1.623039238840134901e-02  -1.536579989993647720e-02  -8.253487114826570104e-02  1.257989406585693359e+01
-2.310513964946710793e-03  1.920566408100422118e+00  -1.107309410785154435e+00  9.047720736002777542e-02  -5.232309794705330974e-02  -1.508484619583401291e-02  1.261946201324462891e+01
-1.482010617098263950e-03  2.764155407979894452e+00  -1.861149657854707984e+00  9.272063771633753948e-02  1.231856643045376246e-02  -1.350504718988500830e-01  1.266469907760620117e+01
-2.686536561845305742e-03  2.839024034678998998e+00  -1.988254226036463512e+00  7.597506680760773845e-02  -4.188403367321863469e-02  -8.546134073690463129e-02  1.270452904701232910e+01
-3.958288814105226719e-03  2.910891300428418482e+00  -2.127732004284065059e+00  7.561878226669285774e-02  2.479612703428304976e-02  -1.171805317359206067e-01  1.273648595809936523e+01
-2.239648885980154592e-03  2.973605028951902707e+00  -2.219760110771944461e+00  5.408535050237233549e-02  -3.993418974773900801e-03  -1.502103662033404119e-01  1.276711297035217285e+01
-1.864648012540746870e-03  3.023610125405373772e+00  -2.302899277229160546e+00  5.122574966641144784e-02  -2.599012238416072151e-02  -9.014955141779629200e-02  1.279924297332763672e+01
-2.961262409987659369e-03  3.053767646508327438e+00  -2.396237161171107299e+00  4.738795247456597387e-02  -7.589501574459794897e-02  -9.401908657996782548e-02  1.283504796028137207e+01
-2.129003344628044823e-03  3.069246297512710164e+00  -2.480910471964507646e+00  3.297438043206320918e-02  -1.392078745098925679e-02  -9.958714933069127972e-02  1.286840486526489258e+01
-3.170837274988124420e-03  3.088265044509343138e+00  -2.547961199180298397e+00  2.285497454609292448e-02  5.273686238519026404e-02  -1.072266428780624670e-01  1.289794802665710449e+01
-4.091726218571380136e-03  3.072269117070730804e+00  -2.842622415611991915e+00  -1.162118809474426140e-01  1.301980184804761662e-03  -7.191816913395573940e-02  1.293147301673889160e+01
-2.914456115906688492e-03  3.066206246495070786e+00  -2.851050216374715784e+00  -1.244927187479312608e-01  1.229227227717932282e-02  -6.257239814241402631e-02  1.297110795974731445e+01
-5.093336127891465170e-03  3.075006163817290972e+00  -2.871505799091051081e+00  -1.398619044139612910e-01  -1.170340789208325349e-02  -6.773608718266216355e-02  1.300313305854797363e+01
-3.054631446745813446e-03  3.078968322722678064e+00  -2.898190058750176767e+00  -1.421772454070114322e-01  -3.859166982592324591e-03  -7.274917818981274653e-02  1.303428292274475098e+01
-4.753263052833029377e-03  3.076008847997788287e+00  -2.911678488903348683e+00  -1.528700704109987873e-01  1.882882177880147029e-02  -5.303445475776687873e-02  1.306976294517517090e+01
-3.156065004744881570e-03  3.064584366687415962e+00  -2.905972784216680704e+00  -1.627088033649650711e-01  7.946549118935442024e-03  -5.207584718315838579e-02  1.309875488281250000e+01
-4.125686915375452457e-03  3.073998380465583491e+00  -2.924783628206916841e+00  -1.752870349340860945e-01  1.802568224723343979e-02  -4.707592955593164347e-02  1.313943600654602051e+01
-2.986475335110609121e-03  3.076154050872564216e+00  -2.933370118937877358e+00  -1.821073604530289436e-01  -3.633551085720052726e-02  -4.822091635883948846e-02  1.317499399185180664e+01
-4.925766610907004062e-04  3.065848831606852620e+00  -2.876508528385468999e+00  -3.544951806972494457e-01  -2.602169330753549212e-02  5.007740996399777378e-02  1.320338702201843262e+01
-1.873350477010689383e-03  3.122788594752099023e+00  -2.944293942252667495e+00  -3.718515575857866406e-01  -1.236852529171149524e-02  4.582429453995350704e-02  1.324022388458251953e+01
-5.332717162469918218e-04  3.074147121937206961e+00  -2.888644043827672814e+00  -3.783962977793660087e-01  -1.849141074307682556e-02  5.433319401037493140e-02  1.328614091873168945e+01
-9.479962995543997264e-04  3.093461606264615416e+00  -2.930142131417794449e+00  -4.038888478199367249e-01  -1.304460834600554980e-02  6.651647226094947740e-02  1.332956790924072266e+01
4.498728727152860834e-04  3.113583746742109692e+00  -2.969017972186716037e+00  -4.255606204275175219e-01  -1.076244239909642311e-02  7.780752751619045282e-02  1.336905908584594727e+01
-1.456101631568062832e-03  3.124945429427688826e+00  -2.979580017096484124e+00  -4.411932030382734737e-01  -1.111633349381955897e-02  9.042497687541503626e-02  1.340318894386291504e+01
4.903396088465009593e-03  3.127153003401056175e+00  -3.014651860515063841e+00  -5.868219036844772862e-01  -1.126390599182669483e-02  2.118090804139614036e-01  1.343750286102294922e+01
3.924970651566403110e-03  3.132197881906427117e+00  -2.999040684819370917e+00  -5.947309599415485648e-01  -1.331082751113172626e-02  1.794678868058552368e-01  1.346641993522644043e+01
2.163401931575597171e-03  3.126307269300935054e+00  -3.009174394249590989e+00  -5.864213084334222170e-01  -1.845876384225678471e-02  1.740072320644122372e-01  1.349509692192077637e+01
1.035993956984410146e-03  3.128236665868518784e+00  -3.022027749482518288e+00  -6.720213268608546953e-01  -2.077644024436429634e-02  1.880214217799095755e-01  1.353334403038024902e+01
1.206935773901454982e-03  3.137950722345549170e+00  -3.023910879744982072e+00  -6.562243023324505486e-01  -2.118536192356119605e-02  2.223135263561995256e-01  1.357187008857727051e+01
0.000000000000000000e+00  0.000000000000000000e+00  0.000000000000000000e+00  0.000000000000000000e+00  0.000000000000000000e+00  0.000000000000000000e+00  1.360926198959350586e+01
0.000000000000000000e+00  0.000000000000000000e+00  0.000000000000000000e+00  0.000000000000000000e+00  0.000000000000000000e+00  0.000000000000000000e+00  1.364982390403747559e+01
0.000000000000000000e+00  0.000000000000000000e+00  0.000000000000000000e+00  0.000000000000000000e+00  0.000000000000000000e+00  0.000000000000000000e+00  1.368081998825073242e+01
-1.952910820958980839e-04  -3.291154546148848947e-01  3.680798041106271290e-01  5.400307800273974890e-02  -4.916391431807502072e-02  -4.579079319310370468e-03  1.449331688880920410e+01
-1.951822781034535036e-04  -3.178756077295055715e-01  3.657240074989940304e-01  6.209137099290420320e-02  -4.247511126469970949e-02  -5.366997669567542990e-03  1.454380798339843750e+01
-1.958635758453435005e-04  -3.026372908196620082e-01  3.639011249093188072e-01  1.016425954552355321e-01  8.061336710880441861e-03  -3.444580909393358398e-02  1.457182908058166504e+01
-2.010382303131605603e-04  -4.029769200708317456e-01  4.403812153771338722e-01  8.072006554289015701e-02  -3.867629971252080356e-02  -3.570627066615574691e-02  1.460166692733764648e+01
-1.121196886501914063e-03  -1.055103338000458413e+00  1.035273266726218777e+00  1.212194832862492772e-01  -3.640773311655973177e-02  -4.005742529734360180e-02  1.463524603843688965e+01
-8.779013014266206713e-03  -2.089886430211505886e+00  1.994168613382724109e+00  2.216489313460617561e-01  -2.710126896943024569e-02  -6.328140646243335388e-02  1.467600297927856445e+01
-1.177934045912447207e-02  -2.681414673668492288e+00  2.565376037311275947e+00  1.729730809620277643e-01  -3.226779157211411703e-02  -1.081872301008933029e-01  1.471511697769165039e+01
-1.289645485008025436e-02  -2.846870493078220932e+00  2.734294220254759100e+00  2.013808697265575820e-01  -3.763940537335452169e-02  -1.389920112459297752e-01  1.474943590164184570e+01
-1.598560852020466591e-02  -2.958647582563564971e+00  2.868248412002503578e+00  2.332510043631048913e-01  -2.419813932289428815e-02  -1.160006201201752574e-01  1.478403401374816895e+01
-1.744721361212566574e-02  -2.986069033336647749e+00  2.915906550368563721e+00  2.317124971333581751e-01  -2.267426519339917762e-02  -1.120798581358122131e-01  1.481837201118469238e+01
-2.237755547828652533e-02  -3.017389951145386107e+00  2.963629654730632890e+00  2.294391616386777244e-01  1.744376424887570179e-03  -1.190220221380353383e-01  1.485313987731933594e+01
-2.367543118586811282e-02  -3.036736693407121379e+00  3.001318437006697870e+00  2.363422572460814330e-01  -1.165904505091384588e-02  -1.440585730284948407e-01  1.488457107543945312e+01
-2.734120740148407100e-02  -3.062919037339268069e+00  3.036185019852552180e+00  2.315971617184045539e-01  1.443572294487203110e-02  -1.405136400325235346e-01  1.491574406623840332e+01
-3.022604635198999565e-02  -3.069941388090083656e+00  3.049404768712816072e+00  2.561199688505515493e-01  -3.229702454910295117e-02  -1.403547541800252707e-01  1.494763708114624023e+01
-3.420423090452179987e-02  -3.072506419844408310e+00  3.053144128088205900e+00  2.491840462915618504e-01  -6.997982479943043455e-02  -1.442189931429568028e-01  1.498169589042663574e+01
-3.121076917615945787e-02  -3.086036377176590406e+00  3.067506674616538920e+00  2.397236539882756090e-01  1.911782526029262921e-02  -1.386232034227405652e-01  1.501294803619384766e+01
-3.412901672737194553e-02  -3.097608124672667440e+00  3.083521491535086589e+00  2.354697488234220037e-01  -3.604425381241453674e-02  -1.591959884538739212e-01  1.504150795936584473e+01
-3.752234700821265728e-02  -3.107784809844196694e+00  3.092400079069001162e+00  2.519541673038399598e-01  -1.071478429330383203e-01  -1.420785010570864704e-01  1.507502698898315430e+01
-4.441058169024786340e-02  -3.121699515287048143e+00  3.101790490985067539e+00  1.700003690722788618e-01  -8.858677391190197120e-04  -1.218290053967808761e-01  1.510246491432189941e+01
-4.440712873979548586e-02  -3.053806876707981566e+00  3.025366474910353265e+00  1.448262667989091146e-01  -2.844443405984348194e-02  -1.079195430335796319e-01  1.513235306739807129e+01
-4.560452501030388961e-02  -3.075079924356505678e+00  3.043591931050545263e+00  1.468288538297855272e-01  -3.407531256814958637e-02  -1.037377423129130366e-01  1.516723704338073730e+01
-4.599308554098871515e-02  -3.088643545049635453e+00  3.049697082047392982e+00  1.471238319163637731e-01  -1.756230697889295256e-02  -9.754477083937121429e-02  1.520035099983215332e+01
-4.554732679533284034e-02  -3.078264436354640310e+00  3.047215404325429589e+00  1.474945157845247989e-01  -9.839389165759130848e-03  -9.611858235151833629e-02  1.523572993278503418e+01
-4.791430194606898646e-02  -3.091897258807125404e+00  3.059619530074490612e+00  1.386439845677875371e-01  1.242801961100736992e-02  -9.509168289199429469e-02  1.526774406433105469e+01
-4.730578705311114934e-02  -3.100655123487761511e+00  3.072594513102246516e+00  1.310485985980053836e-01  1.212887000428936914e-02  -8.364600706120810247e-02  1.529708504676818848e+01
-4.685512571126516923e-02  -3.109451793473108516e+00  3.070740689778049148e+00  1.262241654024628956e-01  8.537334441584025144e-03  -8.291584055940535991e-02  1.533335399627685547e+01
-4.765289198672106180e-02  -3.130068459317048468e+00  3.090436198154157044e+00  1.268571172291749760e-01  -3.458001131295840996e-02  -1.028484426423944831e-01  1.537072300910949707e+01
-5.359583845333339147e-02  -3.130602303337206127e+00  3.086289822060607424e+00  1.864740948245390342e-02  8.516234254893971511e-02  1.661193688371756863e-02  1.541343498229980469e+01
-5.228676583410298701e-02  -3.128386391183892279e+00  3.071318200803020204e+00  1.704760105450452840e-02  3.595800231894239612e-02  -6.162076442984212518e-03  1.545197606086730957e+01
-5.413583514767673910e-02  -3.141592643540718210e+00  3.094836900690272952e+00  5.783365493772309011e-03  9.807199729822571599e-02  1.466637213935506265e-02  1.548610496520996094e+01
-5.193312696948958196e-02  -3.141592653589793116e+00  3.108756834016560777e+00  -6.348373575511920275e-02  7.041314858073521865e-02  5.154913017923784535e-02  1.551833701133728027e+01
-5.665537613734510092e-02  -3.132987175871757124e+00  3.117240680903194949e+00  -6.556779790597759561e-02  4.397928593700294042e-02  2.706778005006384505e-02  1.554649090766906738e+01
-6.920701067031909126e-02  -3.141592653589793116e+00  3.121089389748259890e+00  -8.869129047228738183e-02  2.234906772986420577e-03  1.041730530988395909e-01  1.559059596061706543e+01
-4.975875718289216737e-02  -3.141592653589793116e+00  3.114329076288691489e+00  -1.470584697721617762e-01  4.535550420628340490e-02  1.986877999617379931e-01  1.563789987564086914e+01
-8.173859253584159212e-02  -3.141592653589793116e+00  3.125671970123665044e+00  -1.641208222399100913e-01  -2.251771059006569403e-02  6.190064219670460277e-02  1.567256999015808105e+01
-5.423482515300404733e-02  -3.141592653589793116e+00  3.089242328028656281e+00  -1.464367099421274854e-01  -5.181743378564840352e-02  6.898077785874624779e-02  1.571432399749755859e+01
-3.740343711604637855e-02  -3.141592653589793116e+00  3.126850433737493162e+00  -1.804699470913931070e-01  2.166204040803524633e-01  2.484832052174270056e-01  1.575522589683532715e+01
0.000000000000000000e+00  0.000000000000000000e+00  0.000000000000000000e+00  0.000000000000000000e+00  0.000000000000000000e+00  0.000000000000000000e+00  1.579316091537475586e+01
0.000000000000000000e+00  0.000000000000000000e+00  0.000000000000000000e+00  0.000000000000000000e+00  0.000000000000000000e+00  0.000000000000000000e+00  1.583298897743225098e+01
0.000000000000000000e+00  0.000000000000000000e+00  0.000000000000000000e+00  0.000000000000000000e+00  0.000000000000000000e+00  0.000000000000000000e+00  1.587341904640197754e+01
-3.015820249338566073e-01  -1.306802221831471655e+00  1.457554094539921463e+00  -3.038907510423481395e-01  3.650456678493292639e-02  -3.232275239491083085e-01  1.667995500564575195e+01
-3.016562685022122214e-01  -1.306002007353515237e+00  1.457062061237265782e+00  -2.863419462635829471e-01  -3.768204317809602244e-02  -3.233704883375816963e-01  1.671879005432128906e+01
-3.022334477668404129e-01  -1.309979687740332022e+00  1.460038188502482015e+00  -2.126676539275306754e-01  -5.030316561167835765e-02  -3.254717260713308469e-01  1.675046086311340332e+01
-2.807099995075071353e-01  -1.300230870683571682e+00  1.450264119955350539e+00  -2.582971878648737674e-01  -4.417491151879789774e-02  -3.209623651753201745e-01  1.678177595138549805e+01
6.673959018182681890e-02  5.592480786939012516e-01  5.577999455945024943e-02  1.561546073309457716e-01  -1.569838809974692662e-02  2.309339740953946646e-02  1.681713604927062988e+01
1.185160733715953096e-01  6.730823235004690375e-01  -4.390093909459217431e-02  1.516653275255262223e-01  2.547581360913946796e-02  5.990567694398210574e-02  1.685556101799011230e+01
1.610880638423163591e-01  7.687434082502547783e-01  -1.539541282329803806e-01  1.817001678158924882e-01  -2.843097269028854041e-02  9.271337999823378584e-02  1.689504504203796387e+01
2.115520095135741407e-01  9.834947153753368365e-01  -4.054665828844880027e-01  2.215545330046864159e-01  -7.646131601619383933e-02  7.806505742868556641e-02  1.694097304344177246e+01
2.559509930059771232e-01  1.061545031264651273e+00  -4.893769695544840648e-01  2.437623040773361505e-01  -7.454309644345280365e-03  1.213385912856067422e-01  1.698222708702087402e+01
2.867295945086547615e-01  1.123173577657202715e+00  -5.578964361263554217e-01  2.446177935489775024e-01  1.241586527545844414e-02  1.565662369848775937e-01  1.701982688903808594e+01
3.258528821489867222e-01  1.196049382209230405e+00  -6.444393378124874117e-01  2.594443577158911385e-01  -5.064286934590177258e-02  1.892888876922642349e-01  1.705445790290832520e+01
3.543640330415093187e-01  1.250557325873840719e+00  -7.066636985199713505e-01  2.707882897161169589e-01  -5.186205375896141279e-02  2.095005680185540731e-01  1.708889794349670410e+01
3.839663559029108386e-01  1.305329236024750372e+00  -7.724365791813395665e-01  2.675521675908134611e-01  -4.283503006647761124e-02  2.418846888821871155e-01  1.712267208099365234e+01
4.062649618299857823e-01  1.340471512577697588e+00  -8.945489765325402853e-01  2.663940378725742075e-01  -3.564252174208191321e-02  2.543624497771148629e-01  1.715790796279907227e+01
4.360354052944512837e-01  1.408799414839230435e+00  -9.698002182357605694e-01  2.865900751400259905e-01  -9.118561611654238397e-02  2.961639162493698296e-01  1.719199991226196289e+01
4.633150116525437956e-01  1.438107166150587313e+00  -1.068488266235396722e+00  2.911355315509072672e-01  -5.214994690362286661e-02  3.076344027791291236e-01  1.722886705398559570e+01
4.845865349453550852e-01  1.501803969419265083e+00  -1.154696865411477757e+00  2.913441836600197399e-01  2.435724552463683704e-02  3.328260869095905905e-01  1.727510595321655273e+01
6.471554473620932946e-01  1.840181354689096604e+00  -2.051533607036630791e+00  3.258520766889894671e-01  3.672789222378858905e-03  5.298164771652191796e-01  1.730662608146667480e+01
6.595182505847404508e-01  1.864658117569698348e+00  -2.092018812257150362e+00  3.285613361849200054e-01  7.231324362924278052e-05  5.416116220257597424e-01  1.734051108360290527e+01
6.671796854112217456e-01  1.896313907056096593e+00  -2.140793312444383201e+00  3.355852131766492996e-01  -1.100890078310743335e-02  5.562083842945999557e-01  1.737971186637878418e+01
6.767103987187005343e-01  1.923303364134981708e+00  -2.192742213190362666e+00  3.365316461404189718e-01  -2.158173859558537924e-02  5.694925871414167062e-01  1.741116690635681152e+01
6.941043605137289241e-01  1.966464913041688023e+00  -2.258591520829432486e+00  3.487162298538583061e-01  6.722837959392036905e-03  5.872985347131721712e-01  1.744739603996276855e+01
7.050357827948005029e-01  1.976105356810680780e+00  -2.312560498498088091e+00  3.479401547220900004e-01  -2.964275959940377431e-02  5.998183250266415634e-01  1.748055386543273926e+01
7.129004802894495230e-01  1.997902316556527280e+00  -2.360191574145741100e+00  3.536992689865043893e-01  -1.319744752014979060e-02  6.214185100098066350e-01  1.751141905784606934e+01
7.155110342622242880e-01  2.023604192058803708e+00  -2.390786687870789518e+00  3.525953685470830656e-01  1.035210734059362550e-02  6.369302248154511403e-01  1.754094195365905762e+01
7.207929855210613024e-01  1.972508875199123546e+00  -2.429625894247791518e+00  3.430882097105019124e-01  1.117460837099998328e-02  6.573073353437842714e-01  1.757617187500000000e+01
8.043087321168513881e-01  2.053543604762158470e+00  -2.641386802581555671e+00  3.280295332909844430e-01  6.248763076147215850e-02  8.443702126110598227e-01  1.761701393127441406e+01
8.280025281767585676e-01  2.118241795744318257e+00  -2.741883574505434407e+00  3.463777563807224347e-01  3.430839653590293803e-02  8.826144876983060827e-01  1.765410900115966797e+01
8.168297166306334178e-01  2.084763203615098259e+00  -2.719123736475156594e+00  3.248771673781702396e-01  6.789893977294848837e-02  8.736766376195038708e-01  1.769265890121459961e+01
8.149907760247467881e-01  2.086066435264967822e+00  -2.727054832015621599e+00  3.363862375394880977e-01  5.210631635297486436e-02  8.822490950431953749e-01  1.772940492630004883e+01
8.207225279680027130e-01  2.094083424406587124e+00  -2.753446032597760773e+00  3.276596490434904307e-01  -1.125683000806578914e-03  9.008872604050937039e-01  1.777064895629882812e+01
8.779227772717067557e-01  2.195580678724389667e+00  -2.823281888180314780e+00  3.252073715046696067e-01  -5.623317353138863883e-02  1.121195193967733594e+00  1.780664801597595215e+01
8.966070652298585575e-01  2.224362540155820689e+00  -2.866059871622171684e+00  2.901508038852689264e-01  1.250111377451268713e-01  1.162901119646797543e+00  1.784265398979187012e+01
9.076304823460294990e-01  2.235675832921874662e+00  -2.870308463170925695e+00  2.903488859434857350e-01  -2.240330085624371928e-02  1.159550584598761924e+00  1.788181304931640625e+01
9.397363565551803966e-01  2.308534534709527186e+00  -2.951888167748535796e+00  3.045367120623106438e-01  3.718815878883465209e-01  1.221012059808301631e+00  1.791893005371093750e+01
9.294298806446594785e-01  2.278125555065935615e+00  -2.891710554918593079e+00  3.516068112895029962e-01  -1.595461767651966956e-01  1.159944075329695679e+00  1.796064591407775879e+01
0.000000000000000000e+00  0.000000000000000000e+00  0.000000000000000000e+00  0.000000000000000000e+00  0.000000000000000000e+00  0.000000000000000000e+00  1.800111699104309082e+01
0.000000000000000000e+00  0.000000000000000000e+00  0.000000000000000000e+00  0.000000000000000000e+00  0.000000000000000000e+00  0.000000000000000000e+00  1.804148793220520020e+01
0.000000000000000000e+00  0.000000000000000000e+00  0.000000000000000000e+00  0.000000000000000000e+00  0.000000000000000000e+00  0.000000000000000000e+00  1.807670998573303223e+01
3.985610312408425625e-04  1.239155685985687677e-01  3.093444181817490146e-01  6.257745804716373372e-02  -2.014088909038231484e-02  -1.428541461810297480e-02  1.888395094871520996e+01
-8.099338088024356013e-04  1.233611148276596708e-01  3.072186921948867888e-01  6.238451353273385264e-02  4.138344438274872694e-02  -1.471692035057919727e-02  1.893041992187500000e+01
3.996751485491670513e-04  1.210330919499753299e-01  3.048904967656632659e-01  6.246119175870645801e-02  9.399456992460171814e-03  -1.473563428466282549e-02  1.896420097351074219e+01
-4.677774941586340142e-03  9.545831712280938852e-02  3.493334319335144600e-01  6.312517015073436377e-02  -3.727449307780260346e-02  -2.343814943276868040e-02  1.899620699882507324e+01
-3.155903770154010884e-02  4.724316923964477777e-02  5.345969993983865631e-01  7.592877746036777453e-02  -3.068891691169991359e-02  -4.436681069632400498e-02  1.902992606163024902e+01
-6.760930967764999799e-02  -9.259279144912184456e-02  7.450501922883832062e-01  9.747984113217279811e-02  4.546415863129214113e-02  -1.218496892772482632e-01  1.907235407829284668e+01
-1.028826206227775181e-01  -1.780970618061873956e-01  8.594853253402424675e-01  1.003906665065436576e-01  -5.800849991361370361e-02  -1.517773738859563848e-01  1.912042903900146484e+01
-1.228664647784958458e-01  -2.410312871068664708e-01  9.400579524236857276e-01  8.485303647864685106e-02  -6.181354867578773421e-02  -1.786793045750547926e-01  1.915688204765319824e+01
-1.476639833410017533e-01  -3.061197062363163468e-01  1.009757277190914015e+00  8.341143086997401812e-02  -6.711902933013909334e-02  -2.070714050116463645e-01  1.919116401672363281e+01
-1.631318550567556758e-01  -3.548948988443276775e-01  1.064749039478671611e+00  6.930694253729938192e-02  -3.588930605946584473e-02  -2.212741740940120383e-01  1.922483897209167480e+01
-1.809181219854203992e-01  -4.086860852342971140e-01  1.120526156949986918e+00  6.498489260123102573e-02  -2.975855280354442259e-02  -2.497068985771702110e-01  1.925927400588989258e+01
-2.085963723354375965e-01  -4.685348017891718952e-01  1.192012080330336232e+00  8.349545071795830276e-02  -6.050997459553104224e-02  -2.563381212522604091e-01  1.929524588584899902e+01
-2.187507012110956883e-01  -5.182644823159464620e-01  1.249020319603094009e+00  5.072720166512276196e-02  -5.469149466535304371e-02  -2.810834133951461977e-01  1.932834291458129883e+01
-3.228240599405101663e-01  -1.243669889967534470e+00  1.691669623638144770e+00  3.055753584791195097e-03  -2.755061110367756916e-02  -3.634805674520271701e-01  1.936544895172119141e+01
-3.294825771828134853e-01  -1.278477722114833792e+00  1.719764668568590560e+00  5.510838337523149728e-03  -2.757220830901983832e-02  -3.650869742639906157e-01  1.939571690559387207e+01
-3.417082125945234972e-01  -1.338361887235937964e+00  1.773639844416406319e+00  8.344018778748419837e-03  -2.505169115295197493e-02  -3.748951557768185339e-01  1.942998003959655762e+01
-3.446830504165185882e-01  -1.367221489489315545e+00  1.796559918819292445e+00  -2.641998621386634858e-03  -2.743973208986835027e-04  -3.762902522091060575e-01  1.946661090850830078e+01
-3.561317712918803391e-01  -1.415407524665939443e+00  1.833629782919731888e+00  -1.268470195693868242e-02  1.680470641951844861e-03  -3.832152161594869488e-01  1.950010108947753906e+01
-3.649841095171967864e-01  -1.457929324107805957e+00  1.870967955322165421e+00  -1.112422027677162015e-02  4.208773313722173094e-03  -3.936012328040823793e-01  1.953229188919067383e+01
-3.789049818563851590e-01  -1.538612362627757690e+00  1.931026042395804554e+00  -2.261451296213665141e-02  2.126786094715125627e-02  -4.049869589472629428e-01  1.956663894653320312e+01
-3.822167953753172753e-01  -1.571573854181326446e+00  1.944771980297568037e+00  -8.628072273224620531e-03  -1.263584522006653069e-02  -4.006928580777803783e-01  1.960176086425781250e+01
-4.391007641389604865e-01  -2.049446623946982182e+00  2.025758008952992295e+00  -7.246041656671632636e-02  8.106750424262069293e-03  -4.087892295075524762e-01  1.963932299613952637e+01
-4.426153319806378494e-01  -2.086786206377058139e+00  2.046045643619142762e+00  -7.276564022188887482e-02  2.429988412733553177e-02  -4.120876490882522392e-01  1.967041802406311035e+01
-4.566141035755635902e-01  -2.173138621183632768e+00  2.082610301981190126e+00  -8.644005236092917877e-02  5.393939633633779152e-02  -4.263938683744510905e-01  1.971036100387573242e+01
-4.433591552321129448e-01  -2.148656697466226895e+00  2.047476765235023421e+00  -5.801987804370744434e-02  4.374225655992461381e-02  -4.000113824585045386e-01  1.975394892692565918e+01
-4.456588826591350028e-01  -2.168093109816661812e+00  2.020238062595481665e+00  -6.385310538343574871e-02  4.416889252810955735e-02  -4.022585580839871944e-01  1.978876495361328125e+01
-4.484059102709248568e-01  -2.228574196016336106e+00  2.039774692869192219e+00  -1.047867639869385081e-01  9.088135454113722977e-02  -3.973236035696764423e-01  1.982266092300415039e+01
-5.092126356123963804e-01  -2.444309061806953842e+00  2.069703582212394810e+00  -1.921304573820020178e-01  -9.699083451502846231e-02  -4.053984061540740202e-01  1.985670495033264160e+01
-5.096950672244034974e-01  -2.440271001937949436e+00  2.091891655696555663e+00  -9.042175790343030817e-02  9.635428874918659792e-02  -3.783627278265393468e-01  1.989542698860168457e+01
-5.180115606584912991e-01  -2.472725026378314706e+00  2.106289318979708725e+00  -1.005917583559276102e-01  -8.854816056583547645e-02  -3.730137626224124259e-01  1.993927597999572754e+01
-5.176045529495046926e-01  -2.533673326341593146e+00  2.172394975828216612e+00  -2.019018902029016960e-01  -1.505329447640342544e-01  -3.787395065426814034e-01  1.998008799552917480e+01
0.000000000000000000e+00  0.000000000000000000e+00  0.000000000000000000e+00  0.000000000000000000e+00  0.000000000000000000e+00  0.000000000000000000e+00  2.001572299003601074e+01
0.000000000000000000e+00  0.000000000000000000e+00  0.000000000000000000e+00  0.000000000000000000e+00  0.000000000000000000e+00  0.000000000000000000e+00  2.008148908615112305e+01
0.000000000000000000e+00  0.000000000000000000e+00  0.000000000000000000e+00  0.000000000000000000e+00  0.000000000000000000e+00  0.000000000000000000e+00  2.011656904220581055e+01
1.577601856245259030e-03  4.846286219978308829e-02  -8.354183802980154339e-02  6.177461127348175818e-02  -3.035358004538511734e-02  -3.995715819890797299e-02  2.093792295455932617e+01
1.577163814595045413e-03  3.628818093308357196e-02  -8.429703464624847820e-02  1.131119053152917220e-01  -6.675611926960229627e-03  -3.995727351114917308e-02  2.099167799949645996e+01
1.710623168931663888e-03  3.480482445925162094e-02  -8.381743064658084275e-02  1.092991897332697970e-01  -4.576941667272933084e-02  -4.055724993125833788e-02  2.102179408073425293e+01
4.758315063660063793e-02  5.868372004790902707e-01  -2.122740399559488733e-01  1.404073908948979266e-01  2.291638356220480899e-02  1.170053659320915290e-02  2.105164599418640137e+01
2.090810422116868295e-01  1.915228251069354792e+00  -1.383088744264995507e+00  7.010979225272630233e-02  -6.914745967572367980e-02  7.899100835549040245e-02  2.109284186363220215e+01
3.879762066276002397e-01  3.141592653589793116e+00  -2.376580431716891262e+00  1.234004138038772708e-01  -2.522407510047547374e-02  2.131494930044186831e-01  2.113017106056213379e+01
6.104521873744995775e-01  3.141592653589793116e+00  -2.779334440838170828e+00  4.910513970218926931e-03  5.976815929285200779e-03  2.975497459529603539e-01  2.117019701004028320e+01
7.042080990796979467e-01  3.141592653589793116e+00  -2.859169682414747893e+00  5.817825152669537508e-02  4.682457150845165117e-02  3.995971105506226362e-01  2.120637893676757812e+01
7.807968893540719879e-01  3.141592653589793116e+00  -2.933255536286825560e+00  4.797665324995076253e-02  1.307275741075580346e-02  4.668010288736963442e-01  2.123896193504333496e+01
8.418920552076685215e-01  3.141592653589793116e+00  -2.991639417756389197e+00  9.741078808431054975e-03  -7.199021180143559684e-02  5.288117261669600389e-01  2.127273797988891602e+01
1.446339117059632695e+00  3.141592653589793116e+00  -3.036104106760434185e+00  -7.625863377579233937e-02  -2.039052418426507557e-02  1.063500799421743803e+00  2.130589604377746582e+01
1.487000351624782057e+00  3.141592653589793116e+00  -3.057993960858240268e+00  -8.066460837270045259e-02  1.990297462040664656e-02  1.099931594750776620e+00  2.133963799476623535e+01
1.518505661053662248e+00  3.141592653589793116e+00  -3.064864910741611936e+00  -8.986136446121786858e-02  1.546291528716803396e-03  1.133732807384804087e+00  2.136938905715942383e+01
1.561432435184334722e+00  3.141592653589793116e+00  -3.072203561347095047e+00  -9.914132337588861532e-02  2.510600694886757495e-03  1.183778739797541002e+00  2.140757107734680176e+01
1.591781267342702977e+00  3.141592653589793116e+00  -3.081869240190163506e+00  -1.036565560880186171e-01  -3.093559406803005410e-02  1.223374970693805519e+00  2.144153904914855957e+01
1.628478762283688708e+00  3.141592653589793116e+00  -3.096400659080582596e+00  -1.134283984306696108e-01  -1.797439218196332511e-02  1.256411008906486826e+00  2.147712492942810059e+01
1.670666433501482695e+00  3.141592653589793116e+00  -3.088145523983650609e+00  -1.251277856827014145e-01  -1.135216866697714294e-02  1.314024987271922740e+00  2.151237797737121582e+01
1.699666682505346360e+00  3.141592653589793116e+00  -3.097225253224522135e+00  -1.330599025993699225e-01  -4.784970029454873805e-03  1.354438015913759230e+00  2.154461789131164551e+01
1.706098301369738834e+00  3.141592653589793116e+00  -3.076937400059672978e+00  -1.331516346643386028e-01  -4.528521311121298798e-02  1.376028532929034043e+00  2.157206296920776367e+01
1.836159594450204491e+00  3.141592653589793116e+00  -3.089475432975323788e+00  -2.476537368297223873e-01  1.890551410221504719e-02  1.716698529147725916e+00  2.160602807998657227e+01
1.842376498225968717e+00  3.141592653589793116e+00  -3.101895658991705940e+00  -2.528397170075823430e-01  4.016406917530625231e-02  1.743125002030827098e+00  2.164077687263488770e+01
1.841822958456867498e+00  3.141592653589793116e+00  -3.111764238786892900e+00  -2.638769896365801837e-01  3.756241402562244397e-02  1.753799801650079315e+00  2.167935895919799805e+01
1.825124503429200518e+00  3.141592653589793116e+00  -3.108611512545412570e+00  -2.726457207953739137e-01  -1.212426583894548812e-02  1.757616118924367976e+00  2.171954393386840820e+01
1.816023165748938517e+00  3.141592653589793116e+00  -3.117669347989270090e+00  -2.780036636791544113e-01  5.872033298249368372e-03  1.780925921297916048e+00  2.175333404541015625e+01
1.779789387371813136e+00  3.141592653589793116e+00  -3.129032124064451192e+00  -3.027996205723497147e-01  -1.468630972390287670e-02  1.799257678997524090e+00  2.178950500488281250e+01
1.843826937182514225e+00  3.141592653589793116e+00  -3.126083995108846381e+00  -4.027438321467247118e-01  1.412462978511668521e-01  2.073412791466400673e+00  2.182578206062316895e+01
1.847285337381274317e+00  3.141592653589793116e+00  -3.134684034184958890e+00  -4.646364807535479091e-01  -1.367910928298808060e-01  2.105053799749377230e+00  2.186114597320556641e+01
1.837884247481680555e+00  3.141592629989480301e+00  -3.128659495314177086e+00  -4.320430373864179163e-01  7.202890591102999868e-03  2.153148154837819739e+00  2.190856790542602539e+01
1.852191909102786749e+00  3.141592579565693377e+00  -3.132540628569295826e+00  -5.145314353597836288e-01  2.175989475404966900e-01  2.128953365248963614e+00  2.194823908805847168e+01
0.000000000000000000e+00  0.000000000000000000e+00  0.000000000000000000e+00  0.000000000000000000e+00  0.000000000000000000e+00  0.000000000000000000e+00  2.199576497077941895e+01
0.000000000000000000e+00  0.000000000000000000e+00  0.000000000000000000e+00  0.000000000000000000e+00  0.000000000000000000e+00  0.000000000000000000e+00  2.204273796081542969e+01
0.000000000000000000e+00  0.000000000000000000e+00  0.000000000000000000e+00  0.000000000000000000e+00  0.000000000000000000e+00  0.000000000000000000e+00  2.208382892608642578e+01
-2.638040397537419479e-02  2.865376995207494920e-02  1.652447007753088046e-02  1.664582368161990622e-01  2.477876155100635844e-02  -5.878512863547283307e-02  2.289510297775268555e+01
-2.760957306382168588e-02  2.916144247237558232e-02  1.275607042061778669e-02  1.772999303515465364e-01  -3.731954161551249982e-02  -5.737260467694216270e-02  2.294046497344970703e+01
-2.550865136285922902e-02  2.733506583684969238e-02  7.651545349027769408e-03  1.719916475131607059e-01  1.702492328994287263e-02  -6.188042383806530849e-02  2.297189998626708984e+01
-6.759972479563462755e-02  -5.625464409173327462e-01  6.859973446091044424e-01  1.454411809359766050e-01  -1.864440820380919989e-02  -1.073303688765417790e-01  2.301283788681030273e+01
-1.519933440687092630e-01  -1.737926982694971922e+00  1.880244804141124160e+00  1.324628633343879203e-01  -6.324007395065679715e-02  -1.832899622346758073e-01  2.305015993118286133e+01
-2.941849061540175447e-01  -2.927788634897697140e+00  3.141592653589793116e+00  1.973053095882467134e-01  -7.396263118827858807e-02  -3.031807325943339237e-01  2.308975100517272949e+01
-4.371364254600818566e-01  -3.084902628073702857e+00  3.141592653589793116e+00  2.092024183741761634e-01  1.100114802262617923e-02  -4.258981404795271208e-01  2.313175392150878906e+01
-5.321712450008527773e-01  -3.094471769324315336e+00  3.141592653589793116e+00  1.716125542745916832e-01  -6.612012406235251612e-03  -5.207847508188490071e-01  2.317765402793884277e+01
-5.941829331951574700e-01  -3.088103218755172907e+00  3.141592653589793116e+00  1.092230673187399442e-01  4.107299220603733564e-02  -5.774958207365690210e-01  2.321081709861755371e+01
-6.613851515506015133e-01  -3.099792798580361275e+00  3.141592653589793116e+00  1.479307639392122009e-01  -5.198514803063188083e-02  -6.426051846039901871e-01  2.324831199645996094e+01
-7.285075807189762553e-01  -3.116102057061142627e+00  3.141592653589793116e+00  1.708307365937213884e-01  -1.909202762346822249e-02  -7.182484359733236623e-01  2.328756904602050781e+01
-7.764539918561080833e-01  -3.126262473009801202e+00  3.141592653589793116e+00  1.101712828834050251e-01  -8.686909282094179563e-02  -7.582156532809859462e-01  2.332357788085937500e+01
-8.292173531820916654e-01  -3.127044118701901798e+00  3.141592653589793116e+00  1.616820580087234560e-01  -3.632452178519902236e-02  -8.194935131035124831e-01  2.335734105110168457e+01
-8.805663010289488390e-01  -3.122325455336523170e+00  3.141592653589793116e+00  1.201156392484734048e-01  -2.496838541419834148e-02  -8.587692881294746172e-01  2.339211106300354004e+01
-1.272225020917074678e+00  -3.126202456885665448e+00  3.141592653589793116e+00  5.444894808675714709e-02  -2.344051318060833347e-02  -1.128810295553611898e+00  2.342867207527160645e+01
-1.295608730056743596e+00  -3.130896271059508074e+00  3.141592653589793116e+00  4.896960468776281883e-02  -1.548810434024602660e-02  -1.161808869340015482e+00  2.345988893508911133e+01
-1.310530685150806729e+00  -3.131437951990497570e+00  3.141592653589793116e+00  3.715874908692278628e-02  -9.582590505766866093e-03  -1.173660422325529362e+00  2.349301290512084961e+01
-1.337274651257105873e+00  -3.131291932352569862e+00  3.141592653589793116e+00  2.676028719140348747e-02  -2.667622658913864839e-02  -1.193708318650917422e+00  2.353180193901062012e+01
-1.366345648184003503e+00  -3.136364400495000648e+00  3.141592653589793116e+00  3.822222951334695168e-02  -3.815167121503056265e-03  -1.224241018099176292e+00  2.356761503219604492e+01
-1.387469678458433942e+00  -3.130331050932625203e+00  3.141592653589793116e+00  2.982760938234358880e-02  -2.575916850288890309e-02  -1.250378984328511356e+00  2.360157608985900879e+01
-1.402489398625256234e+00  -3.133105003793403842e+00  3.141592653589793116e+00  2.578301405624394346e-02  -4.240742785954631361e-02  -1.271890611087780565e+00  2.363770008087158203e+01
-1.415797109078741567e+00  -3.138703591121424719e+00  3.141592653589793116e+00  -3.619209463800191796e-03  1.706255486363391456e-03  -1.280498984448913857e+00  2.367512798309326172e+01
-1.507643541644367868e+00  -3.141592653589793116e+00  3.140038458214022388e+00  -7.118395797303163353e-02  -6.372943339360493537e-03  -1.374356120675920501e+00  2.371057605743408203e+01
-1.510874277907818808e+00  -3.141592653589793116e+00  3.132349378365459458e+00  -5.626656101494256074e-02  4.308169562692201748e-02  -1.372816458368635972e+00  2.374719905853271484e+01
-1.510096999380368343e+00  -3.141592653589793116e+00  3.136696485483272845e+00  -9.393028660443784872e-02  3.978193125381559829e-03  -1.368956727803564588e+00  2.379012989997863770e+01
-1.415756337659900277e+00  -3.141592653589793116e+00  3.141530958533061302e+00  -1.489655926467126634e-01  7.344539831668436825e-02  -1.342490877719549225e+00  2.382976794242858887e+01
-1.432875912953841091e+00  -3.132190977764884643e+00  3.141592653589793116e+00  -1.509908517575073994e-01  2.444586000252311694e-02  -1.342918128863243910e+00  2.387159991264343262e+01
-1.565740639242172660e+00  -3.141592563684262096e+00  3.129235247154228183e+00  -3.648932579957068351e-02  1.982317456213361084e-01  -1.488063880306944142e+00  2.391048502922058105e+01
-1.565083277067710554e+00  -3.139137740687692357e+00  3.141592653589793116e+00  -2.118163485172675220e-01  2.639996704373230862e-01  -1.478275590605128587e+00  2.395190405845642090e+01
-1.576658900263673280e+00  -3.141592653589793116e+00  3.124121961690258242e+00  -2.068937608104975678e-01  8.847769237053766667e-02  -1.437261436777397705e+00  2.398928403854370117e+01
-1.590524229872533502e+00  -3.141592653589793116e+00  3.124521173359412263e+00  -1.089892933395622369e-02  3.907554971246783582e-02  -1.475248398977523578e+00  2.403078889846801758e+01
0.000000000000000000e+00  0.000000000000000000e+00  0.000000000000000000e+00  0.000000000000000000e+00  0.000000000000000000e+00  0.000000000000000000e+00  2.406938409805297852e+01
0.000000000000000000e+00  0.000000000000000000e+00  0.000000000000000000e+00  0.000000000000000000e+00  0.000000000000000000e+00  0.000000000000000000e+00  2.411548995971679688e+01
0.000000000000000000e+00  0.000000000000000000e+00  0.000000000000000000e+00  0.000000000000000000e+00  0.000000000000000000e+00  0.000000000000000000e+00  2.415420603752136230e+01
