a1     a2   a3   a4  a5   a6   t1
3.141592653589793116e+00  -2.044582743409944781e-01  2.273357296170597508e-01  2.393290797960813954e-01  2.788961914536817854e+00  4.301417863506551975e-01  0.000000000000000000e+00
-7.381159507360655070e-01  -2.789549935144218229e-01  3.257306196451375535e-01  2.208709183133704013e+00  -3.141592653589793116e+00  6.581239029980867628e-01  9.168386459350585938e-02
3.141592634458636901e+00  -2.514483813079549934e-01  6.349002019450634693e-01  4.394611428949712906e-01  6.735835148238178416e-01  -5.423073367604838019e-02  1.770660877227783203e-01
3.141592653589793116e+00  6.371514481164090860e-02  8.091440648344392361e-01  7.914646199178103636e-01  3.141592653589793116e+00  -6.127997717121627663e-02  2.385680675506591797e-01
3.141592653589793116e+00  4.818683163753105791e-01  3.268519535066599646e-01  8.618036166898930261e-01  3.141592653589793116e+00  -5.750491777598847748e-02  3.189399242401123047e-01
3.141592653589793116e+00  6.403919966802523733e-01  -1.560949110858535493e-01  7.727856060263333937e-01  3.141592620788400403e+00  -1.639838836344837680e-01  3.694500923156738281e-01
3.300521222774943086e-01  3.141592653589793116e+00  -3.141592653589793116e+00  -3.141592653589793116e+00  3.141592653589793116e+00  -3.013551489825154195e-01  4.113819599151611328e-01
3.141592653589793116e+00  8.175077219883684077e-01  -4.607636634044530721e-01  1.250503968509174002e-01  3.141592653589793116e+00  -1.912382286742391746e-01  4.774050712585449219e-01
3.141592653589793116e+00  1.187218675172994731e+00  -7.590463518040113655e-01  -1.797152980509853781e-01  3.141592653589793116e+00  -2.396087044272274813e-01  5.459609031677246094e-01
4.946838595698296315e-01  3.141592620222833254e+00  -3.141592622783405453e+00  -3.141592474458120954e+00  3.141592624769460773e+00  -3.305023399402193807e-01  5.993080139160156250e-01
2.944574706718415813e-01  3.141592653589793116e+00  -3.141592653589793116e+00  -3.141592653589793116e+00  3.141592653589793116e+00  -3.252276945909028383e-01  6.402668952941894531e-01
1.873367794934143182e-01  3.141592653589793116e+00  -3.141592653589793116e+00  -3.141592653589793116e+00  3.141592653589793116e+00  -3.224025823876610075e-01  6.960399150848388672e-01
4.844899231791832683e-02  3.141592653589793116e+00  -3.141592653589793116e+00  -3.141592653589793116e+00  3.141592653589793116e+00  -3.568221267303218203e-01  7.443900108337402344e-01
-7.214032790155988639e-02  3.141592653589793116e+00  -3.141592653589793116e+00  -3.141592653589793116e+00  3.141592653589793116e+00  -3.263392894858472282e-01  7.838940620422363281e-01
-1.533033583887090656e-01  3.141592653589793116e+00  -3.141592653589793116e+00  -3.141592653589793116e+00  3.141592653589793116e+00  -3.230141722495763479e-01  8.295710086822509766e-01
-3.805639628945023389e-01  3.141592653589793116e+00  -3.141592653589793116e+00  -3.141592653588284545e+00  3.141592653589793116e+00  -3.298987440823221706e-01  8.758120536804199219e-01
-6.461001444999765475e-01  3.141592653589793116e+00  -3.141592653589793116e+00  -3.141592653589793116e+00  3.141592653589793116e+00  -3.199378763149562377e-01  9.255869388580322266e-01
-7.549396715113930734e-01  3.141592481497597067e+00  -3.141592530764441449e+00  -3.141592302671524894e+00  3.141592192564992114e+00  -3.199922578560381869e-01  9.664149284362792969e-01
-1.252048828411317816e+00  3.141592653589793116e+00  -3.141592653589793116e+00  -3.141592653589793116e+00  3.141592653589793116e+00  -3.184965184252471770e-01  1.007659912109375000e+00
-1.884028293497913564e+00  3.141592653589793116e+00  -3.141592653589793116e+00  -3.141592653589793116e+00  3.141592653589793116e+00  -3.187844635213279432e-01  1.045984983444213867e+00
-3.128273180436332623e+00  3.141592653589793116e+00  -3.141592653589793116e+00  -3.141592653589793116e+00  2.997169652620242264e+00  -3.251412384981655634e-01  1.083371877670288086e+00
-3.141592653589793116e+00  3.141592653589793116e+00  -3.141592653589793116e+00  -3.141592653589793116e+00  1.233862162817224384e+00  -3.264114841604831563e-01  1.126435995101928711e+00
-2.737178152340942638e+00  2.553475625539493254e+00  -2.774545746616930764e+00  -2.525414362948048996e+00  4.001481855846639873e-02  -3.063421581241291269e-01  1.173667907714843750e+00
-2.946033917194758267e+00  2.236310743215398134e+00  -2.435023376545851548e+00  -2.209544600439584450e+00  -9.472785925246779426e-01  -2.955965744111817561e-01  1.211005926132202148e+00
-3.026340198111001190e+00  1.421315699802300880e+00  -1.808078528090039105e+00  -1.626499934034456807e+00  -2.060644270073623385e+00  -2.787462302212702081e-01  1.247828960418701172e+00
-3.091541828441655149e+00  7.177824986091512205e-01  -1.256689339558063390e+00  -1.235126393452056437e+00  -3.141592653589793116e+00  -2.730243787157750623e-01  1.288775920867919922e+00
-3.062559866530970343e+00  4.510107743905439337e-01  -1.026184366414419236e+00  -1.070411047410712024e+00  -3.141592653589793116e+00  -2.658042434311488900e-01  1.327672004699707031e+00
-2.993260734657045674e+00  -4.221908293566148385e-02  -6.259584626920319250e-01  -8.000219323370573177e-01  -3.141592653589793116e+00  -2.413706278463838284e-01  1.366957902908325195e+00
-2.970950051737139663e+00  -3.427502422351426103e-01  -3.794323709728506522e-01  -6.195047266298847610e-01  -3.141592653589793116e+00  -2.273191487509444164e-01  1.410113096237182617e+00
-2.967999186288057700e+00  -1.262533216891675414e+00  2.449980680543163425e-01  -2.116377395260935212e-01  -3.141592653589793116e+00  -2.232755271290211840e-01  1.453684091567993164e+00
-2.967101066122406650e+00  -2.651857151674510416e+00  2.372883135398646814e+00  1.896887223737109940e+00  -3.141592653589793116e+00  -1.585211958268314958e-01  1.502115964889526367e+00
-3.006683731608037924e+00  -2.811557341133397614e+00  2.603410770981194666e+00  2.378117395417903790e+00  -3.141592653589793116e+00  -8.209505328110398847e-02  1.542519092559814453e+00
-3.029702495677186302e+00  -2.919783054268564548e+00  2.671538517818236702e+00  2.436022607753415059e+00  -3.141592653589793116e+00  -7.050086718684163423e-02  1.578845977783203125e+00
-3.008846860633153764e+00  -2.988364291576881993e+00  2.762677468034507644e+00  2.516602983742072919e+00  -3.138135320555791363e+00  -6.541311687716613865e-02  1.619332075119018555e+00
-2.934190331025019027e+00  -3.009619074560313301e+00  2.794040474080033309e+00  2.560836915724778784e+00  -3.107143156339746248e+00  -5.046507477919018325e-02  1.663716077804565430e+00
-2.895966112341760379e+00  -3.028692927707456573e+00  2.810145199958267170e+00  2.596632977426236444e+00  -3.074716546713665899e+00  -5.079269155274808434e-02  1.704444885253906250e+00
-2.843625303848778429e+00  -3.022275128440005787e+00  2.840301930939236996e+00  2.635991125462481932e+00  -3.025430816477719276e+00  -3.827220435966515594e-02  1.741472005844116211e+00
-2.828000714287629780e+00  -3.064508075844291302e+00  2.873021541546171953e+00  2.688396724643109081e+00  -2.996247891231945459e+00  8.120487086767438911e-02  1.776890993118286133e+00
-2.682563971169159345e+00  -3.006294577001367152e+00  2.778836559558468533e+00  2.634694988484458378e+00  -2.846738529417708108e+00  -2.670457115600042425e-02  1.814491987228393555e+00
-2.748156001498133882e+00  -3.068421877422106814e+00  2.910542614863284694e+00  2.778134787285914342e+00  -2.894728604977723219e+00  3.822246883950013857e-02  1.852500915527343750e+00
-2.751117792922133543e+00  -3.121247228202608248e+00  2.987917813694678681e+00  2.811382373102173204e+00  -2.951291499330583434e+00  -1.585257825229651196e-01  1.885251045227050781e+00
0.000000000000000000e+00  0.000000000000000000e+00  0.000000000000000000e+00  0.000000000000000000e+00  0.000000000000000000e+00  0.000000000000000000e+00  1.937524080276489258e+00
0.000000000000000000e+00  0.000000000000000000e+00  0.000000000000000000e+00  0.000000000000000000e+00  0.000000000000000000e+00  0.000000000000000000e+00  1.974030017852783203e+00
0.000000000000000000e+00  0.000000000000000000e+00  0.000000000000000000e+00  0.000000000000000000e+00  0.000000000000000000e+00  0.000000000000000000e+00  2.014971017837524414e+00
-9.097667960259965270e-01  1.774784317013146318e+00  -3.141592653589793116e+00  2.167316161078014225e-01  -1.316720388739767850e-02  -7.285898964687201884e-01  2.831541061401367188e+00
-9.165654558104211480e-01  1.804258870747390997e+00  -3.141592653589793116e+00  2.149721015184914708e-01  1.131863121104525853e-02  -7.203268023377276119e-01  2.884975910186767578e+00
-9.172183604013054437e-01  1.806815091474620161e+00  -3.141592653589793116e+00  2.026291787504538866e-01  -2.808355670601830542e-02  -6.955663285631351611e-01  2.913655996322631836e+00
-9.786593008297602703e-01  2.004052881270833808e+00  -3.141592653589793116e+00  2.245542061115805565e-01  -1.123217334565229132e-02  -7.751089683368624916e-01  2.944041013717651367e+00
-1.112155053163073726e+00  2.325510464627051910e+00  -3.141592653589793116e+00  2.318136928016282239e-01  2.136938398590273319e-02  -8.497878280466401035e-01  2.977056026458740234e+00
-1.345812585684725837e+00  2.574349903770562609e+00  -3.141592653589793116e+00  2.641928466452240221e-01  -7.985811439164984538e-03  -9.695973842436753642e-01  3.009651899337768555e+00
-1.490066052581264122e+00  2.669318383979265352e+00  -3.141592653589793116e+00  3.005247372800734507e-01  -1.946564359754033658e-03  -1.088978721118753157e+00  3.058148860931396484e+00
-1.570089391146397784e+00  2.757021898415032091e+00  -3.141592653589793116e+00  3.097855313740630057e-01  -3.125844141755768080e-02  -1.164301181958868892e+00  3.097110033035278320e+00
-1.610683824262623132e+00  2.803189248026990210e+00  -3.141592653589793116e+00  3.254895924166962828e-01  -8.655978900591066935e-03  -1.205088224019440046e+00  3.121845960617065430e+00
-1.665049640205032100e+00  2.844446078300020275e+00  -3.141592653589793116e+00  3.265988765139897776e-01  2.503809463506970201e-02  -1.250840993732672768e+00  3.147367954254150391e+00
-1.711946126657838629e+00  2.863668397237250307e+00  -3.141592653589793116e+00  3.446105410439064820e-01  -7.939372714967807276e-03  -1.310606936835587932e+00  3.174797058105468750e+00
-1.757438906405756729e+00  2.876209581698064177e+00  -3.141592653589793116e+00  3.572909692317431385e-01  -3.020661911045878154e-02  -1.357704974992232749e+00  3.208910942077636719e+00
-2.102819943082983922e+00  2.836294032414780286e+00  -3.141592653589793116e+00  4.756978774366795726e-01  -3.505106858719168883e-02  -1.803650498082701503e+00  3.243891954421997070e+00
-2.112838935893746051e+00  2.844270832176131414e+00  -3.141592653589793116e+00  4.819140571195176248e-01  5.238187276806810164e-03  -1.831367353343518856e+00  3.273408889770507812e+00
-2.128522677789901341e+00  2.862881828435350329e+00  -3.141592653589793116e+00  4.915722476483992409e-01  -1.319334088164540036e-02  -1.836957428003759496e+00  3.304821014404296875e+00
-2.127070235590494907e+00  2.856422003326317682e+00  -3.141592653589793116e+00  4.948332901385617544e-01  6.295301070343510552e-02  -1.864564568662674837e+00  3.334860086441040039e+00
-2.146750056452604305e+00  2.888711747515885886e+00  -3.141592653589793116e+00  5.056403210711837293e-01  -7.037115569997190109e-03  -1.903951071474074386e+00  3.368808031082153320e+00
-2.161156415797927277e+00  2.896815705974316035e+00  -3.141592653589793116e+00  5.204696870042007095e-01  -2.726447055526541943e-02  -1.913071844564051993e+00  3.404721021652221680e+00
-2.094823614661001532e+00  2.876993342525107522e+00  -3.141592653589793116e+00  5.215241049229970560e-01  8.067564932302011271e-02  -1.870918316188999952e+00  3.436142921447753906e+00
-2.123687268532504557e+00  2.902446041826245882e+00  -3.141592653589793116e+00  6.100454008631356340e-01  3.983554818931673430e-02  -2.128681238899673644e+00  3.471570014953613281e+00
-2.133898855797967897e+00  2.920072208547493275e+00  -3.141592653589793116e+00  6.262632869202405805e-01  1.271709141367101670e-01  -2.169288820596959155e+00  3.503336906433105469e+00
-2.168303712205577050e+00  2.937957052890050491e+00  -3.141592653589793116e+00  6.306993157531037841e-01  2.625938098614932770e-02  -2.213740070284726968e+00  3.533355951309204102e+00
-2.185070891079321065e+00  2.949815891831021997e+00  -3.141592653589793116e+00  6.315749404822332824e-01  4.363911054487003283e-02  -2.227707215793074180e+00  3.567916870117187500e+00
-2.220673848527709104e+00  2.993752862413925353e+00  -3.141592653589793116e+00  6.580870808655761017e-01  1.775713624170010552e-01  -2.289471800164942117e+00  3.606150865554809570e+00
-2.210685758362799902e+00  2.975598695959619455e+00  -3.141592653589793116e+00  6.815174906113844466e-01  1.412712179286881586e-01  -2.270672822123309231e+00  3.636439085006713867e+00
0.000000000000000000e+00  0.000000000000000000e+00  0.000000000000000000e+00  0.000000000000000000e+00  0.000000000000000000e+00  0.000000000000000000e+00  3.664998054504394531e+00
0.000000000000000000e+00  0.000000000000000000e+00  0.000000000000000000e+00  0.000000000000000000e+00  0.000000000000000000e+00  0.000000000000000000e+00  3.700615882873535156e+00
1.122697306876256802e-03  -1.027417145179755908e-01  -3.089828795515948094e-12  1.259877392358059456e-01  -6.080058412586720334e-02  -3.483983205746631062e-02  4.518148899078369141e+00
1.812631865245223871e-03  -9.473722333072193136e-02  1.696620497499138833e-02  7.910893365457320747e-02  -4.543292536153865219e-02  -2.757273065542012458e-02  4.560229063034057617e+00
1.077246452221111055e-03  -9.706730830963278267e-02  8.099406916909216922e-03  8.883785267914326433e-02  1.355270578179607228e-02  -1.539204883335042011e-02  4.589075088500976562e+00
2.564483848195324781e-02  -1.225114902390406074e-01  3.551644917831790482e-01  4.674742105332853337e-02  -4.577699997502220064e-02  -3.750380190201900443e-02  4.620110988616943359e+00
5.100456557111694711e-02  -2.096601857661057888e-01  1.114892807339001424e+00  4.955756167204843077e-02  -1.112980138291408405e-02  -7.950031675785000640e-03  4.650276899337768555e+00
1.171521305678078495e-01  -7.647902858212669575e-01  2.401969159668815301e+00  6.064338678218065756e-03  -3.917027998331469585e-02  3.359062748420196115e-02  4.690823078155517578e+00
1.851811765211230920e-01  -1.267267270308561233e+00  3.141592653589793116e+00  7.337334479040819209e-03  -7.229582722675968742e-02  7.147992733961493206e-02  4.729690074920654297e+00
2.501209060638028836e-01  -1.478458213489088902e+00  3.141592653589793116e+00  -2.456609195788830510e-02  -1.038337647767690296e-02  1.107298844960557110e-01  4.762809038162231445e+00
3.015441027917495909e-01  -1.713844186896840593e+00  3.141592653589793116e+00  -5.286671712723330779e-02  -5.444175928274743587e-02  1.627469247159110954e-01  4.799424886703491211e+00
3.264474720469782154e-01  -1.771735073783392567e+00  3.141592653589793116e+00  -6.802673788785708331e-02  -2.203271941440274398e-02  1.910736840469824671e-01  4.828665971755981445e+00
3.769590813764348014e-01  -1.857981900978640910e+00  3.141592653589793116e+00  -8.796349449102905393e-02  6.593993974215326716e-03  2.269039121274767090e-01  4.859960079193115234e+00
4.226347619963170543e-01  -1.971279276447638784e+00  3.141592653589793116e+00  -1.140124841983330695e-01  -4.648699586593638827e-02  2.685319187943284169e-01  4.895977020263671875e+00
4.476608887990228824e-01  -2.041567831458148241e+00  3.141592653589793116e+00  -1.366616712668074773e-01  2.741875514225118951e-02  2.960334257799495106e-01  4.927016973495483398e+00
4.800047804615686364e-01  -2.106590211668254664e+00  3.141592613450396865e+00  -1.519887650369998178e-01  -4.258432846187663184e-02  3.222126882343021581e-01  4.956001043319702148e+00
5.115210364349374039e-01  -2.175219473367888678e+00  3.141592653589793116e+00  -1.871216086232342091e-01  -8.013839572424845403e-03  3.584827680783908010e-01  4.987334966659545898e+00
7.577052165760481683e-01  -2.658220813310783193e+00  3.141592653589793116e+00  -4.772391802623528467e-01  4.531152951836176813e-03  6.035709795696990732e-01  5.014609098434448242e+00
7.740765930611942514e-01  -2.698851204515282820e+00  3.141592653589793116e+00  -4.933754010706269955e-01  -2.607864472594282473e-02  6.211630919935067219e-01  5.050472974777221680e+00
7.917677333894503899e-01  -2.739755518253307986e+00  3.141592653589793116e+00  -5.184719129126886816e-01  -2.675357059503875173e-02  6.454949544641308545e-01  5.088881969451904297e+00
8.091558278349099131e-01  -2.773676687445580491e+00  3.141592653589793116e+00  -5.372869368623434116e-01  -1.101108161948054741e-02  6.686781199734281866e-01  5.119616031646728516e+00
8.301186804566973443e-01  -2.808397610707469294e+00  3.141592653589793116e+00  -5.529574350928287974e-01  -2.084492918187564811e-02  6.838930054839070793e-01  5.149456024169921875e+00
8.401603753924253848e-01  -2.821768891026981141e+00  3.141592653589793116e+00  -5.765723016492261266e-01  2.330464589017269827e-02  7.024666262152874374e-01  5.181427955627441406e+00
8.611771693467106248e-01  -2.836346709940545718e+00  3.141592653589793116e+00  -6.081275751117223294e-01  3.099486240699674683e-02  7.272205720848631261e-01  5.209970951080322266e+00
8.800494967845241545e-01  -2.861596054547094425e+00  3.141592653589793116e+00  -6.347049507779700672e-01  2.884298337098172363e-02  7.524418258618755795e-01  5.248416900634765625e+00
8.816051886628133438e-01  -2.855375089364915020e+00  3.141592653589793116e+00  -6.567526194860865418e-01  -4.010521925937139687e-02  7.574184293725721995e-01  5.283235073089599609e+00
1.000918557806967035e+00  -2.840469936550948482e+00  3.141592653589793116e+00  -9.403042478578180763e-01  2.236185118711500608e-02  9.837015607212938884e-01  5.319998979568481445e+00
9.989593971114142379e-01  -2.843592615428232495e+00  3.141592653589793116e+00  -9.587345838372899332e-01  7.368227651869904693e-02  9.969905792014823742e-01  5.353950023651123047e+00
1.005678325663230455e+00  -2.854184888082173632e+00  3.141592653589793116e+00  -9.794666374722704738e-01  1.024040375206114462e-01  1.010704991909866735e+00  5.391609907150268555e+00
1.002315052562820386e+00  -2.845398393737682774e+00  3.141592653589793116e+00  -9.877978617897786862e-01  1.683023513316366307e-02  1.015748028029858308e+00  5.419697046279907227e+00
1.005938557254396626e+00  -2.885776759746867537e+00  3.141592653589793116e+00  -1.014188402739121919e+00  1.207097431001851739e-01  1.028924350515248110e+00  5.453665971755981445e+00
9.996791736782717486e-01  -2.899143517402438697e+00  3.141592653589793116e+00  -1.042039564173194321e+00  1.007895665733175711e-01  1.061762650663490071e+00  5.489646911621093750e+00
1.089918449057221794e+00  -2.995689235292607222e+00  3.141592653589793116e+00  -1.287233136209696260e+00  1.838265258769105071e-01  1.332924949391788516e+00  5.517988920211791992e+00
1.124233737698430380e+00  -2.989097463404843502e+00  3.141592653589793116e+00  -1.344635508860146267e+00  2.395612635290135795e-01  1.312660095332794263e+00  5.558352947235107422e+00
1.107322007720163759e+00  -3.019984538119266926e+00  3.141592653589793116e+00  -1.324199110206955909e+00  2.631314214798073925e-01  1.334681694428816456e+00  5.602483034133911133e+00
1.102524819593017291e+00  -2.996676857978426867e+00  3.141592653589793116e+00  -1.378320648020572081e+00  1.185760649929067934e-01  1.343994228868113705e+00  5.631342887878417969e+00
1.138664516009956662e+00  -2.999745677419221490e+00  3.141592653589793116e+00  -1.382693824500598634e+00  -1.086330232384714357e-02  1.377957463236574087e+00  5.668870925903320312e+00
0.000000000000000000e+00  0.000000000000000000e+00  0.000000000000000000e+00  0.000000000000000000e+00  0.000000000000000000e+00  0.000000000000000000e+00  5.704247951507568359e+00
0.000000000000000000e+00  0.000000000000000000e+00  0.000000000000000000e+00  0.000000000000000000e+00  0.000000000000000000e+00  0.000000000000000000e+00  5.751681089401245117e+00
-1.633573395739215412e-03  4.499248452477205840e-01  -3.283063748347369226e-09  1.464871489679058225e-01  -1.682910512313088094e-02  -5.093831648973033005e-02  6.579391002655029297e+00
2.843746723147675959e-01  -2.398159374991784443e+00  3.141592653589793116e+00  -4.797869868764036982e-01  -1.633553643898191104e-02  2.241475348195037243e-01  6.629611968994140625e+00
2.850044234122536269e-01  -2.401092830087806274e+00  3.141592653589793116e+00  -4.803431867385795639e-01  -1.642046140110163185e-02  2.252560717835538073e-01  6.659529924392700195e+00
-2.689946296273005438e-02  5.389059753950140585e-01  -4.555672813669319754e-01  1.510475027641121903e-01  -1.976700803610928134e-02  -7.502696196693617314e-02  6.688720941543579102e+00
-7.198121147480845972e-02  9.903227644479177805e-01  -1.483347940890551442e+00  2.113123175735120429e-01  -2.118335741551585077e-02  -1.573880898374984960e-01  6.726145982742309570e+00
-1.071960192163381315e-01  1.136376073180390245e+00  -2.476137609702596443e+00  2.145354307720017673e-01  -2.716930276958228266e-02  -1.957884563194188798e-01  6.762842893600463867e+00
-1.500845677396825950e-01  1.906786141499630549e+00  -3.141592653589793116e+00  2.604926193301893012e-01  -2.184452876828025039e-02  -2.628261435145887170e-01  6.803729057312011719e+00
-2.058327627017856321e-01  2.124939700422252109e+00  -3.141592653589793116e+00  2.820528354455099085e-01  -2.427598453309831941e-02  -3.093125930821917779e-01  6.843771934509277344e+00
-2.436657526725988787e-01  2.270138379356366531e+00  -3.141592653589793116e+00  3.050086004567598152e-01  -2.275347052630797770e-02  -3.549827086147125388e-01  6.883781909942626953e+00
-2.739636685810395433e-01  2.361338937758117762e+00  -3.141592653589793116e+00  3.230913597969868323e-01  -6.026854712976909695e-02  -3.965414981801366201e-01  6.919931888580322266e+00
-2.969730267140577307e-01  2.457394375375844930e+00  -3.141592653589793116e+00  3.353840241589029492e-01  1.588670655471375801e-02  -4.205659496263343122e-01  6.953011035919189453e+00
-3.267050447846969186e-01  2.510772406515537902e+00  -3.141592594286275908e+00  3.514002207621267915e-01  -5.226969451865974559e-02  -4.437902901563873237e-01  6.981251955032348633e+00
-3.569697939192761349e-01  2.595554038847691647e+00  -3.141592653589793116e+00  3.696268693223419555e-01  -8.810601851104508941e-02  -4.853691732173985307e-01  7.014929056167602539e+00
-3.838789517828943842e-01  2.669868576373013003e+00  -3.141592653589793116e+00  3.938450831680512243e-01  -1.589271031425874836e-02  -5.088280658592285732e-01  7.046426057815551758e+00
-4.101616286519541021e-01  2.728432438478475941e+00  -3.141592653589793116e+00  4.052560538303062732e-01  -3.317876215911871873e-02  -5.341627684858998304e-01  7.079782962799072266e+00
-4.286135475765196490e-01  2.772211430022211598e+00  -3.141592653589793116e+00  4.214712100820345309e-01  -9.637098286248943491e-02  -5.525980129430686505e-01  7.110179901123046875e+00
-4.572423581599305842e-01  2.833925682992629369e+00  -3.141592467039788339e+00  4.334996615399616671e-01  4.265268521166864883e-03  -5.780264490653655995e-01  7.141674041748046875e+00
-6.127991868647616469e-01  2.914341328630738914e+00  -3.141592653589793116e+00  5.388034507006805862e-01  -3.216777920136579261e-02  -6.567040866869913174e-01  7.176261901855468750e+00
-6.207092624695208505e-01  2.938768645241411459e+00  -3.141592653589793116e+00  5.471702550628252393e-01  -1.742029954447321671e-02  -6.607499767011253411e-01  7.206448078155517578e+00
-6.386824423340393686e-01  2.952175271359727571e+00  -3.141592653589793116e+00  5.583436431338667516e-01  -1.421215345057036568e-02  -6.699317950123996335e-01  7.241492033004760742e+00
-6.485773206348880437e-01  2.953183942762222181e+00  -3.141592653589793116e+00  5.692491958098279126e-01  1.005114113338828781e-02  -6.834436775975332168e-01  7.277720928192138672e+00
-6.642245561145722066e-01  2.984166042716390965e+00  -3.141592653589793116e+00  5.879391215265151738e-01  -1.249183890230071842e-02  -6.880001615654643965e-01  7.313405036926269531e+00
-6.730597847780318554e-01  2.969691402398829894e+00  -3.141592653589793116e+00  6.020708903315914462e-01  2.455037088176970084e-02  -6.931401987177872037e-01  7.346900939941406250e+00
-6.864151517467161900e-01  2.941386049498758037e+00  -3.141592653589793116e+00  6.073734947991702438e-01  -3.705761669607034875e-02  -7.006137651161757907e-01  7.377822875976562500e+00
-6.935767532937124891e-01  2.907878680977126873e+00  -3.141592653589793116e+00  5.934470314889945808e-01  3.218614320731327111e-02  -6.985707859986703960e-01  7.409929037094116211e+00
-6.927829782246628376e-01  2.934599663901292121e+00  -3.141592653589793116e+00  6.012728995575044033e-01  1.155847600464542969e-02  -6.959561769953175325e-01  7.447423934936523438e+00
-7.652340051545492017e-01  2.913975914444216553e+00  -3.141592653589793116e+00  6.069967494756935977e-01  1.586569126535629370e-02  -6.580970254338929237e-01  7.483687877655029297e+00
-7.699935858773165887e-01  2.951571562815833882e+00  -3.141592653589793116e+00  6.184509808570479716e-01  -1.152224254492665266e-02  -6.542154323429678620e-01  7.523535013198852539e+00
-7.732281190813957705e-01  2.977437958542610730e+00  -3.141592653589793116e+00  6.328320815805650312e-01  4.533513425399480351e-02  -6.448133889197293911e-01  7.563046932220458984e+00
-7.904743876240543088e-01  2.954557993537072935e+00  -3.141592653589793116e+00  6.355660105719255215e-01  9.365963097424766237e-02  -6.347586394623982997e-01  7.598160028457641602e+00
-7.910994052689459544e-01  3.010972089813492403e+00  -3.141592653589793116e+00  6.547130044855867803e-01  -8.870484963706241205e-03  -6.403201212343588855e-01  7.632430076599121094e+00
-7.862794146680197604e-01  3.014839195590087062e+00  -3.141592653589793116e+00  6.576683960598586065e-01  4.410046198723065192e-02  -6.374436278021023972e-01  7.669075012207031250e+00
-8.979513516787211991e-01  2.968518559897395104e+00  -3.141592653589793116e+00  7.217330292946396719e-01  2.032682780772423481e-01  -6.395258739208132814e-01  7.703155994415283203e+00
-8.904361132071336726e-01  3.053870073982819289e+00  -3.141592653589793116e+00  7.453129472140582745e-01  1.171420753464996745e-01  -6.205831072591060371e-01  7.733422994613647461e+00
-8.710407405540900871e-01  3.035834052889388346e+00  -3.141592653589793116e+00  7.219251594440085906e-01  1.292918700164982782e-01  -6.273980933238898494e-01  7.771384954452514648e+00
-9.243045331695004529e-01  3.062424329227068753e+00  -3.141592517794679296e+00  7.805442813611893627e-01  1.934936485625869673e-01  -6.468164081756073713e-01  7.808896064758300781e+00
0.000000000000000000e+00  0.000000000000000000e+00  0.000000000000000000e+00  0.000000000000000000e+00  0.000000000000000000e+00  0.000000000000000000e+00  7.847697019577026367e+00
0.000000000000000000e+00  0.000000000000000000e+00  0.000000000000000000e+00  0.000000000000000000e+00  0.000000000000000000e+00  0.000000000000000000e+00  7.879915952682495117e+00
0.000000000000000000e+00  0.000000000000000000e+00  0.000000000000000000e+00  0.000000000000000000e+00  0.000000000000000000e+00  0.000000000000000000e+00  7.912575960159301758e+00
-2.412186842619637071e-04  -9.923214988518112845e-02  4.003407093808736827e-01  1.216788889248785754e-01  -5.859897654030669228e-02  -4.115292733898200106e-02  8.727315902709960938e+00
-2.415794947840066659e-04  -9.458191157493367474e-02  4.010965864314854912e-01  1.158456274321693069e-01  1.206147359521352914e-02  1.155319970859470559e-02  8.777107954025268555e+00
5.734695261930547938e-04  -9.171197262377352166e-02  3.999000242442238284e-01  6.052789807520432552e-02  -4.893489148029329938e-02  -5.701083952167883967e-02  8.809482097625732422e+00
1.082827533902992962e-03  -2.421632941001101436e-01  6.180892621108511342e-01  1.004950659705727001e-01  -4.022345342781803029e-02  9.407728215340390235e-03  8.839876890182495117e+00
9.301920974786851912e-03  -7.347342721478953287e-01  1.078340929131655690e+00  1.441253392353957462e-02  -6.368578297072161054e-02  -2.642097465535513806e-02  8.877840042114257812e+00
2.316119231664704597e-02  -1.335751233485463763e+00  1.839547968189997551e+00  5.642467494639449160e-02  -7.763609547353841379e-03  -5.383278083728926244e-02  8.916109085083007812e+00
2.699841375421477632e-02  -1.717238534683013462e+00  2.287627469309457151e+00  1.219166382686611289e-01  -5.757538345916113354e-02  -6.324870572767508914e-02  8.951175928115844727e+00
3.533865586616864729e-02  -2.088093673585106558e+00  2.554168829349466652e+00  1.040818484299549374e-01  -3.171792210955830249e-02  -6.115497766544095853e-02  8.989728927612304688e+00
3.780762991471401518e-02  -2.193514422426094068e+00  2.659561866334382962e+00  7.503837898516277360e-02  3.552135697203051903e-03  -2.725310310995848057e-02  9.022739887237548828e+00
4.353938421731733815e-02  -2.282765161591978398e+00  2.739884333418542983e+00  6.670067976283826361e-02  -2.337622409174298921e-02  -3.047568813979751809e-02  9.054738998413085938e+00
4.859809616080569550e-02  -2.352339742268347855e+00  2.794530815559035375e+00  5.911852758401834468e-02  -5.879369999626182092e-02  -1.465429924135364624e-02  9.082473039627075195e+00
5.625279251895193289e-02  -2.437478355797394691e+00  2.875233805337429338e+00  6.830840853786561417e-02  3.108191171849685949e-02  -6.213707987145657141e-02  9.118493080139160156e+00
8.880493220666521581e-02  -2.764117917060969098e+00  2.942481987295984425e+00  -2.595632847808090546e-02  -5.785119803675597451e-03  9.935276997099338689e-03  9.151558876037597656e+00
9.079201650621561426e-02  -2.787123287110759851e+00  2.960121427496737123e+00  -3.355713963898254715e-02  1.478125960744573579e-02  1.701677258992538230e-02  9.181442022323608398e+00
9.272068118172951956e-02  -2.813931955421288489e+00  2.974024756477982478e+00  -3.789835622854607899e-02  7.307144305120008912e-03  2.203757447913643613e-02  9.210248947143554688e+00
9.391096488951625187e-02  -2.854297796790942421e+00  2.999071829866648553e+00  -4.406551152272125682e-02  -2.324040833162917957e-02  2.198079226968266756e-02  9.240813016891479492e+00
9.652325710702730488e-02  -2.842786677765834824e+00  2.970334334904583429e+00  -4.945632991253517963e-02  3.418609137759762162e-02  2.499391558603219349e-02  9.272150993347167969e+00
9.920236101778705240e-02  -2.875732831102269405e+00  2.993032816442779520e+00  -5.801637752889845373e-02  -2.231496927475534655e-03  2.576247006405026768e-02  9.307080030441284180e+00
1.011464500682011936e-01  -2.916002931412431831e+00  3.024289451155488528e+00  -6.320790572672348173e-02  -1.771032611581175101e-02  2.599748342157708753e-02  9.338254928588867188e+00
1.046652394191506935e-01  -2.826149668943815918e+00  2.900438842135873330e+00  -8.235063419929293527e-02  4.203207179659188691e-02  3.334531139062181515e-02  9.367634057998657227e+00
1.047933837354639158e-01  -2.838730639696421143e+00  2.918050409222356922e+00  -8.350099742664537916e-02  1.733887654089885655e-02  3.751775586645027943e-02  9.402482032775878906e+00
1.266014838594697878e-01  -2.850198567727404875e+00  2.949746470316991775e+00  -2.015753452584219119e-01  -1.781741351314256646e-03  1.528682769669790220e-01  9.437432050704956055e+00
1.278327436047995702e-01  -2.838180670656886839e+00  2.916578141131167978e+00  -2.066070092079661247e-01  6.102985818177417143e-02  1.587683642548698981e-01  9.467195034027099609e+00
1.259019035946692677e-01  -2.802110471344339881e+00  2.887174277543273604e+00  -2.123478585244676087e-01  2.434746756901328205e-02  1.384010598640921796e-01  9.502449989318847656e+00
1.320451970546288878e-01  -2.884134794985251826e+00  2.976719287654135737e+00  -2.218374837829405477e-01  6.964965295863277672e-02  1.269490542098038466e-01  9.541725873947143555e+00
1.300329931860540744e-01  -2.920387073623471164e+00  2.992141528614084667e+00  -2.529798115716984097e-01  9.182002856009593983e-02  1.482805160363913632e-01  9.638256072998046875e+00
1.417501744026092581e-01  -2.923517856396048664e+00  2.998298259767349094e+00  -3.939217766224520911e-01  1.459406384058300754e-01  1.780453628776247632e-01  9.667006015777587891e+00
1.408599348339421575e-01  -2.885832719084929998e+00  2.988450492181827123e+00  -3.992256711563775817e-01  -1.450920392592862374e-01  2.805776885126083364e-01  9.701709032058715820e+00
1.479182438131592670e-01  -2.963642361669642344e+00  3.009836550653014697e+00  -3.863159127084458411e-01  -8.053270709805659955e-02  2.181308981395657931e-01  9.737096071243286133e+00
1.570842726848777349e-01  -2.953867251807598127e+00  3.038953028101410769e+00  -3.462461878533721893e-01  -1.137195653694366565e-02  2.137702865848143119e-01  9.772268056869506836e+00
0.000000000000000000e+00  0.000000000000000000e+00  0.000000000000000000e+00  0.000000000000000000e+00  0.000000000000000000e+00  0.000000000000000000e+00  9.810271978378295898e+00
0.000000000000000000e+00  0.000000000000000000e+00  0.000000000000000000e+00  0.000000000000000000e+00  0.000000000000000000e+00  0.000000000000000000e+00  9.848520994186401367e+00
0.000000000000000000e+00  0.000000000000000000e+00  0.000000000000000000e+00  0.000000000000000000e+00  0.000000000000000000e+00  0.000000000000000000e+00  9.884922027587890625e+00
-6.505357744881874460e-01  1.280330845264534778e+00  -1.802854866045149995e+00  1.919326118019004934e-01  -3.326802122587565330e-03  -5.423377416167629583e-01  1.069599795341491699e+01
9.029376485600227762e-04  2.558950279674414019e-01  -1.472006346154012824e-01  9.899921766350815167e-02  -4.358779170865479009e-03  4.837706661066615982e-02  1.075148797035217285e+01
8.738988330854574041e-04  2.627273122395743510e-01  -1.501188744568645317e-01  -3.635373024599316844e-03  -5.978234672282626942e-03  -4.274193144799516564e-02  1.078155589103698730e+01
-4.495146124463698933e-02  4.258094772366888825e-01  -3.657565040035772319e-01  1.508512079987192056e-01  -8.261443414029989371e-03  -2.698015705469277575e-02  1.080907487869262695e+01
-8.463148043938779619e-01  1.650782347949876661e+00  -2.278654513514658309e+00  2.738199265959220807e-01  -6.181727684238947328e-03  -6.817844633332105220e-01  1.084257388114929199e+01
-1.002894147115970025e+00  1.885465403744927881e+00  -2.496294225298289593e+00  2.675242475492838334e-01  -6.734162579333554353e-03  -8.033477406579232483e-01  1.087987089157104492e+01
-1.063124362731756811e+00  1.946771069488443473e+00  -2.546209919942238553e+00  3.022470376757359078e-01  -7.143432998275000764e-03  -8.861094975044133681e-01  1.092316102981567383e+01
-1.107734574683085782e+00  1.998043708469380508e+00  -2.602776358674198320e+00  3.134606804231322430e-01  -9.760676147847847928e-03  -9.322631478210888778e-01  1.095880699157714844e+01
-1.155005141312569927e+00  2.068144636263802294e+00  -2.668105343153006181e+00  3.261008785121690123e-01  -8.301187628449085976e-03  -9.795842650366503035e-01  1.098781800270080566e+01
-1.196673346910845259e+00  2.129503780408128488e+00  -2.737812419598891989e+00  3.350990374298504215e-01  -7.032780832605203293e-03  -1.021466394403783617e+00  1.101899600028991699e+01
-1.248987261788115921e+00  2.194743923283106746e+00  -2.792131803128822920e+00  3.474724976183448111e-01  -6.850247468012295865e-03  -1.067199805522498046e+00  1.105117607116699219e+01
-1.286575327114264589e+00  2.233684904683108208e+00  -2.807529924015133904e+00  3.537357477161969244e-01  -6.445481461172395711e-03  -1.114544370785044203e+00  1.108397293090820312e+01
-1.329522805010145969e+00  2.299208846728136191e+00  -2.839904521699878615e+00  3.705112072858209871e-01  -9.395630627233322874e-03  -1.159171255843123305e+00  1.111991500854492188e+01
-1.596496578271630051e+00  2.434873407829917902e+00  -2.829073550753873789e+00  4.583974991683361644e-01  2.510182098308612678e-03  -1.467157877409650091e+00  1.115207195281982422e+01
-1.606938465378374037e+00  2.463970100355265647e+00  -2.844080357834095185e+00  4.582155608417924353e-01  5.601363124894549175e-04  -1.484754586411713095e+00  1.118364095687866211e+01
-1.619025098858642098e+00  2.486045595081431525e+00  -2.858905923277998973e+00  4.684179518437110445e-01  7.508501199559684640e-03  -1.497466859639887460e+00  1.120940804481506348e+01
-1.633830509157962352e+00  2.507673854976027794e+00  -2.880029940797417698e+00  4.844022664930997535e-01  4.138058297357388726e-03  -1.513291396864167915e+00  1.123960709571838379e+01
-1.663068754672790694e+00  2.530549250556445529e+00  -2.895067321469418697e+00  4.719707022318722078e-01  3.155456695350635637e-03  -1.533396479860593686e+00  1.127404808998107910e+01
-1.655385475025378028e+00  2.528728508852157830e+00  -2.856572571339463185e+00  4.827743651105341760e-01  8.445852197852958196e-03  -1.554256035390969570e+00  1.130582904815673828e+01
-1.680926619547521650e+00  2.555032697666023367e+00  -2.889156603914765586e+00  4.983075204098805777e-01  7.376403218193144234e-03  -1.569200874135781909e+00  1.134147906303405762e+01
-1.741783259570242937e+00  2.583806280618531126e+00  -2.917544796222467873e+00  5.770019979362194240e-01  2.097224031576367873e-02  -1.749878078846250462e+00  1.137694787979125977e+01
-1.753535842829480718e+00  2.575963298353422193e+00  -2.930622033114562264e+00  5.772476175671691356e-01  2.394241865584115572e-02  -1.771485857714250711e+00  1.140987300872802734e+01
-1.723854132699846664e+00  2.593757649324050618e+00  -2.928235159257625675e+00  5.474810534559790831e-01  3.073070736816884210e-02  -1.746271724679451021e+00  1.144087195396423340e+01
-1.778249943108337172e+00  2.645829768509505353e+00  -2.980462745935632540e+00  5.960278196756517710e-01  3.467305350577763040e-02  -1.818547554912903097e+00  1.148145008087158203e+01
-1.733782980918065597e+00  2.658988030083571097e+00  -2.947977002942442137e+00  6.269282433964529222e-01  3.230649418158392655e-02  -1.825044872411386132e+00  1.151756906509399414e+01
0.000000000000000000e+00  0.000000000000000000e+00  0.000000000000000000e+00  0.000000000000000000e+00  0.000000000000000000e+00  0.000000000000000000e+00  1.155329203605651855e+01
0.000000000000000000e+00  0.000000000000000000e+00  0.000000000000000000e+00  0.000000000000000000e+00  0.000000000000000000e+00  0.000000000000000000e+00  1.159449696540832520e+01
0.000000000000000000e+00  0.000000000000000000e+00  0.000000000000000000e+00  0.000000000000000000e+00  0.000000000000000000e+00  0.000000000000000000e+00  1.163469195365905762e+01
1.897210624294158121e-03  -4.050034574427514161e-02  2.870849505019514719e-02  2.135130779111907642e-02  -5.137506313318945458e-03  -9.268337959295576758e-03  1.244640898704528809e+01
1.603567844157280939e-03  -2.177958940281176075e-03  8.913563199525636679e-03  5.024931329134078861e-02  -5.138468197604782566e-03  -6.850553494559008874e-03  1.249255490303039551e+01
1.325721899605126260e-03  4.244282182175339503e-05  7.750923858910974303e-03  3.104808319671636258e-02  -5.139328969597439963e-03  -8.102383292081051513e-03  1.251966404914855957e+01
1.065574480118263584e-02  -6.928686209348222658e-02  3.306351803186564631e-01  6.208741809484417951e-02  -5.830470359876532144e-03  3.210013065576054845e-03  1.254846286773681641e+01
2.791404010554376577e-02  -2.822771184034107428e-01  1.099218441986047123e+00  4.138954187213340907e-02  -8.505723317973671455e-03  -2.220615600934794723e-02  1.257989406585693359e+01
4.610073572067253933e-02  -6.931636922527744105e-01  2.415265619058416746e+00  2.553130807904097598e-03  -1.218914032621339939e-02  9.407826341368876952e-03  1.261946201324462891e+01
7.555949565660069478e-02  -1.249766123742966917e+00  3.141592653589793116e+00  -3.591292538972633980e-02  -1.518852089442261459e-02  2.558504103167975972e-03  1.266469907760620117e+01
1.031995343727155762e-01  -1.374666169545513794e+00  3.141592653589793116e+00  -6.498775052491691240e-02  -1.611833998084985162e-02  2.193158800719201967e-02  1.270452904701232910e+01
1.158529715506893543e-01  -1.491250087145693293e+00  3.141592653589793116e+00  -8.158685298349843684e-02  1.704753319959104174e-02  3.382518024269210583e-02  1.273648595809936523e+01
1.291668426434855466e-01  -1.569313390082187176e+00  3.141592653589793116e+00  -1.073910659521343652e-01  -1.939851262772929186e-02  4.179455807539873835e-02  1.276711297035217285e+01
1.425956096580384969e-01  -1.667185131693291744e+00  3.141592653589793116e+00  -1.280974657018518481e-01  -5.023392593743083306e-02  5.704130902074708992e-02  1.279924297332763672e+01
1.638067630580676559e-01  -1.743607550030705777e+00  3.141592653589793116e+00  -1.563044452687528674e-01  4.006272891991986829e-02  7.963936423554499044e-02  1.283504796028137207e+01
1.785694184045516220e-01  -1.825513536088327449e+00  3.141592653589793116e+00  -1.742885407986437818e-01  -6.203856749946894122e-02  8.312675985231718356e-02  1.286840486526489258e+01
1.890785785071554537e-01  -1.883506930228121989e+00  3.141592653589793116e+00  -2.021509636407472221e-01  -5.186976497956013316e-02  9.955597677088658115e-02  1.289794802665710449e+01
2.765334058412494134e-01  -2.521370257785664482e+00  3.141592653589793116e+00  -5.363113729977639910e-01  7.655553307455619828e-03  2.084957842146367701e-01  1.293147301673889160e+01
2.911387103027741619e-01  -2.556015591859841063e+00  3.141592653589793116e+00  -5.629694548181629621e-01  -2.164508264423730191e-02  2.200293405116278966e-01  1.297110795974731445e+01
2.932867309391701816e-01  -2.588275784720230899e+00  3.141592653589793116e+00  -5.774363216489591943e-01  5.699111571491865744e-03  2.245592670628766552e-01  1.300313305854797363e+01
2.956896007794352355e-01  -2.629992620914852530e+00  3.141592653589793116e+00  -5.963929580865967583e-01  -2.193856517201082414e-03  2.324967061507579591e-01  1.303428292274475098e+01
3.031171556104554354e-01  -2.661174015111475555e+00  3.141592653589793116e+00  -6.229262224527182257e-01  -3.377446702049120147e-02  2.427858109685578081e-01  1.306976294517517090e+01
3.161036578414733178e-01  -2.679441422947779206e+00  3.141592653589793116e+00  -6.549274547130441437e-01  1.506559386311959355e-02  2.534586814966230395e-01  1.309875488281250000e+01
3.222708325892627013e-01  -2.719690366250648861e+00  3.141592653589793116e+00  -6.898722678753180793e-01  -1.915292222417531737e-03  2.667953340849595900e-01  1.313943600654602051e+01
3.213886423955277238e-01  -2.747737857209632928e+00  3.141592653589793116e+00  -7.128579193433041139e-01  -1.882579781683352965e-02  2.743902777380334279e-01  1.317499399185180664e+01
3.798805175243201715e-01  -2.699444339778433122e+00  3.141592653589793116e+00  -9.973163982690327334e-01  4.035427552208158825e-02  3.916222638665252664e-01  1.320338702201843262e+01
3.813626506118560910e-01  -2.765429081502786435e+00  3.141592653589793116e+00  -1.035514286642196469e+00  5.877179974784062233e-02  4.090423539489081994e-01  1.324022388458251953e+01
3.751327310263795067e-01  -2.739550772733205797e+00  3.141592653589793116e+00  -1.045782291767401118e+00  -9.542059886243485153e-03  4.112502507640400928e-01  1.328614091873168945e+01
3.895939230510369056e-01  -2.796405497783204908e+00  3.141592653589793116e+00  -1.078785003140317000e+00  7.470116299067477983e-02  4.213198058213534769e-01  1.332956790924072266e+01
3.955756237707075962e-01  -2.835921914033042501e+00  3.141592653589793116e+00  -1.120362681849529363e+00  -1.644711538547825348e-03  4.323713193676536615e-01  1.336905908584594727e+01
3.908338937928819146e-01  -2.827288442858020279e+00  3.141592653589793116e+00  -1.146947008083642361e+00  6.446571082957334997e-02  4.476456014019341567e-01  1.340318894386291504e+01
4.321930783071832316e-01  -2.892333596880250823e+00  3.141592653589793116e+00  -1.384856770115217905e+00  1.922375557511746269e-02  5.946272503369326445e-01  1.343750286102294922e+01
4.410338447891548608e-01  -2.880843491170918202e+00  3.141592618581350749e+00  -1.382467100813154604e+00  7.142883606080628611e-02  5.979948958457382835e-01  1.346641993522644043e+01
4.411828370951980660e-01  -2.933946095794970788e+00  3.141592653589793116e+00  -1.403926150328467459e+00  2.670808815862599217e-01  5.911178947407584872e-01  1.349509692192077637e+01
4.677127453480439123e-01  -2.942533693661392391e+00  3.141592653589793116e+00  -1.440448010394306033e+00  -1.240662619907471759e-01  6.015034172876093654e-01  1.353334403038024902e+01
4.699407944757439393e-01  -2.976798198644067917e+00  3.141592653589793116e+00  -1.481230903850795144e+00  1.639880434375346752e-01  6.260814809065534670e-01  1.357187008857727051e+01
0.000000000000000000e+00  0.000000000000000000e+00  0.000000000000000000e+00  0.000000000000000000e+00  0.000000000000000000e+00  0.000000000000000000e+00  1.360926198959350586e+01
0.000000000000000000e+00  0.000000000000000000e+00  0.000000000000000000e+00  0.000000000000000000e+00  0.000000000000000000e+00  0.000000000000000000e+00  1.364982390403747559e+01
0.000000000000000000e+00  0.000000000000000000e+00  0.000000000000000000e+00  0.000000000000000000e+00  0.000000000000000000e+00  0.000000000000000000e+00  1.368081998825073242e+01
3.686322957886202989e-04  3.966289571185745988e-01  2.860235945399844870e-08  4.321279582106981459e-02  -9.347105838191616459e-03  -4.132189196018901112e-02  1.449331688880920410e+01
3.212306190858930498e-04  3.976530874126106840e-01  -2.355969615894629859e-02  3.716671033641597011e-02  -2.900311412084179141e-02  -3.636721739902736006e-02  1.454380798339843750e+01
3.102306961233460220e-04  3.978582463066303587e-01  -8.952011078156171808e-03  1.833087606508490217e-02  3.198389445555582800e-02  2.458060051568915563e-03  1.457182908058166504e+01
-7.591102234981373514e-03  4.460442793702368292e-01  -4.334444710716959803e-01  3.970793196846270773e-02  -3.029815155420930231e-02  -2.782407488090747963e-02  1.460166692733764648e+01
-2.425483319414733357e-02  7.964381897067320804e-01  -1.252350211410879099e+00  1.118660891396915241e-01  -4.429402233863570688e-03  -4.596140891859470945e-02  1.463524603843688965e+01
-4.800974032420775306e-02  1.342518980978993692e+00  -2.572421387097984180e+00  1.812364145882073563e-01  -3.553288893266036419e-02  -1.101087626849381745e-01  1.467600297927856445e+01
-7.195893829634432415e-02  1.745628298925522071e+00  -3.141592653589793116e+00  2.410023247778732836e-01  -4.917586715051154578e-02  -1.650966058242250012e-01  1.471511697769165039e+01
-9.303047500727955332e-02  1.891320278063945537e+00  -3.141592653589793116e+00  2.619902868545190833e-01  -1.332353060991070363e-02  -1.789071959043018190e-01  1.474943590164184570e+01
-1.166997060492972332e-01  2.072407318570578916e+00  -3.141592653589793116e+00  2.842600243808260374e-01  -3.400167776875753778e-02  -1.993538947428701580e-01  1.478403401374816895e+01
-1.295370227112047357e-01  2.165612870245981814e+00  -3.141592653589793116e+00  3.054719091747394866e-01  -8.059417663195073221e-04  -2.177124566177855713e-01  1.481837201118469238e+01
-1.373809734039871944e-01  2.225564672837828439e+00  -3.141592653589793116e+00  3.254148181796663875e-01  -7.985250289016065928e-02  -2.309722185774048808e-01  1.485313987731933594e+01
-1.503559599005940828e-01  2.308462190785793844e+00  -3.141592653589793116e+00  3.508716810802776087e-01  -5.623919566654327074e-02  -2.482438902781561041e-01  1.488457107543945312e+01
-1.734442836627071993e-01  2.377296173297639204e+00  -3.141592653589793116e+00  3.611261031343274142e-01  2.331152496199993818e-02  -2.680489320778492446e-01  1.491574406623840332e+01
-1.876075522317783573e-01  2.462700463503753490e+00  -3.141592653589793116e+00  3.932257908465260909e-01  -6.537763802311258310e-02  -2.845175316859316350e-01  1.494763708114624023e+01
-1.898604786205347339e-01  2.507330080130562688e+00  -3.141592653589793116e+00  4.048184167048706761e-01  -7.233173882785234876e-02  -2.932927851956291243e-01  1.498169589042663574e+01
-2.156491187605321103e-01  2.569602234026031162e+00  -3.141592653589793116e+00  4.213056112286137078e-01  -3.490776816331985638e-02  -3.103455326063612185e-01  1.501294803619384766e+01
-2.304898401027652699e-01  2.642262142927334079e+00  -3.141592653589793116e+00  4.489497939103206936e-01  3.984791575895021282e-02  -3.234055810468539627e-01  1.504150795936584473e+01
-2.276396217377216202e-01  2.678478797085459995e+00  -3.141592653589793116e+00  4.804198117632188514e-01  -2.798164969790785037e-02  -3.408456891141472545e-01  1.507502698898315430e+01
-3.090012551407957386e-01  2.818810226394778518e+00  -3.141592653589793116e+00  6.254437695953161125e-01  -3.738251036065291799e-02  -3.614082332949985488e-01  1.510246491432189941e+01
-3.130899055980724266e-01  2.731792263682073951e+00  -3.141592653589793116e+00  6.242010794760620707e-01  1.015382141484596872e-02  -3.585096368546302203e-01  1.513235306739807129e+01
-3.147177577572553009e-01  2.759922198389778369e+00  -3.141592653589793116e+00  6.401153089616103964e-01  2.764823329947815184e-02  -3.581759210364193202e-01  1.516723704338073730e+01
-3.209331008778409933e-01  2.765443008121047708e+00  -3.141592653589793116e+00  6.495700108947625173e-01  -4.743899317580819487e-03  -3.621266131702450264e-01  1.520035099983215332e+01
-3.284588591162623250e-01  2.776104592737742127e+00  -3.141592653589793116e+00  6.658866277346566775e-01  -2.758030812211033356e-02  -3.616164776036087658e-01  1.523572993278503418e+01
-3.335683608221536312e-01  2.796192621376459631e+00  -3.141592653589793116e+00  6.838736994274476899e-01  3.067310968900936220e-03  -3.649915797869863754e-01  1.526774406433105469e+01
-3.386820606550574597e-01  2.823350631976290881e+00  -3.141592653589793116e+00  6.982881304150707624e-01  2.326700227768258716e-02  -3.662392476472624558e-01  1.529708504676818848e+01
-3.465490167820730605e-01  2.824223171942737753e+00  -3.141592653589793116e+00  7.100759696897587236e-01  -4.509593429163445341e-03  -3.654621280187606014e-01  1.533335399627685547e+01
-3.527276213251800963e-01  2.839966421369979788e+00  -3.141592653589793116e+00  7.277173409183053110e-01  6.052483911713290796e-03  -3.644205402143330108e-01  1.537072300910949707e+01
-4.048325138056453332e-01  2.882047751044007899e+00  -3.141592653589793116e+00  8.359474987142119229e-01  9.003572999498521759e-03  -3.406891365163645102e-01  1.541343498229980469e+01
-4.087338735339798856e-01  2.862973488352134055e+00  -3.141592493956413712e+00  8.415045856659656431e-01  -2.261966882114544927e-02  -3.359144085660648038e-01  1.545197606086730957e+01
-3.956723043651441118e-01  2.819746377110451174e+00  -3.079913758762060638e+00  8.302616244693090675e-01  7.963158144192994045e-03  -3.217325440104473189e-01  1.548610496520996094e+01
-3.945599435139793831e-01  2.823385386393563845e+00  -3.084454919161300435e+00  8.047188797809374794e-01  -3.669687157825161222e-02  -3.108553920368657408e-01  1.551833701133728027e+01
-4.110360094340569370e-01  2.899465457525197909e+00  -3.141592653589793116e+00  8.289392604878170756e-01  3.396692308894330020e-02  -3.143244552565534478e-01  1.554649090766906738e+01
-4.570861803588579519e-01  2.879465863361162725e+00  -3.087897600369597928e+00  9.381474228846183872e-01  -7.824830662192407138e-02  -2.775715913679692726e-01  1.559059596061706543e+01
-4.390990950692293948e-01  2.869946101997339127e+00  -3.068872767601965368e+00  9.375678525852660927e-01  -5.560224185764311988e-02  -2.750427460339074925e-01  1.563789987564086914e+01
-4.406827837905046841e-01  2.975100581953665557e+00  -3.138968396482808121e+00  9.937974526654962393e-01  2.121325839867963248e-01  -2.678291324698436893e-01  1.567256999015808105e+01
-4.243755933111274525e-01  2.943382143950535212e+00  -3.096441129846550844e+00  9.897038680973508917e-01  2.100129551418718904e-02  -2.549423165922213297e-01  1.571432399749755859e+01
-4.480894368915219750e-01  2.971676491475071735e+00  -3.119274491291487372e+00  9.994434655223582986e-01  -8.022631725004231162e-02  -2.648816225218148523e-01  1.575522589683532715e+01
0.000000000000000000e+00  0.000000000000000000e+00  0.000000000000000000e+00  0.000000000000000000e+00  0.000000000000000000e+00  0.000000000000000000e+00  1.579316091537475586e+01
0.000000000000000000e+00  0.000000000000000000e+00  0.000000000000000000e+00  0.000000000000000000e+00  0.000000000000000000e+00  0.000000000000000000e+00  1.583298897743225098e+01
0.000000000000000000e+00  0.000000000000000000e+00  0.000000000000000000e+00  0.000000000000000000e+00  0.000000000000000000e+00  0.000000000000000000e+00  1.587341904640197754e+01
1.747524263650984677e-01  1.866754957665342163e+00  -3.141592653589793116e+00  4.685040955325046608e-01  -4.809902361214993954e-02  9.386056655125510351e-02  1.667995500564575195e+01
1.748231108753795504e-01  1.876311772225987440e+00  -3.141592653589793116e+00  4.618177267340424774e-01  3.475114970367566836e-02  1.479888891858844313e-01  1.671879005432128906e+01
1.751675109524925278e-01  1.931148797438589915e+00  -3.141592653589793116e+00  4.428998503931271813e-01  3.636325938448447571e-03  1.777085508490718613e-01  1.675046086311340332e+01
1.582197728327988939e-01  1.894421656109813501e+00  -3.141592653589793116e+00  4.920367013402599521e-01  3.177160356428213039e-02  9.787307417246567109e-02  1.678177595138549805e+01
-3.800498371859693109e-02  -5.353345907892150812e-01  1.521745886375746704e+00  6.562091245083372104e-02  1.035393518180314359e-02  -9.196798708290682134e-02  1.681713604927062988e+01
-6.274488194937144492e-02  -7.896751097261972552e-01  2.713403554698024855e+00  4.636333895499981234e-02  -3.635732876966694255e-02  -1.197353048342776477e-01  1.685556101799011230e+01
-9.053379309084672033e-02  -1.036759326529786085e+00  3.141592653589793116e+00  2.582924709673163621e-02  -5.507958796794900497e-02  -1.468650056627012757e-01  1.689504504203796387e+01
-1.219173580713283495e-01  -1.574424022459394390e+00  3.141592653589793116e+00  2.366400506075203719e-02  -5.002918257841586051e-03  -2.031364994998295648e-01  1.694097304344177246e+01
-1.442420386287672496e-01  -1.691780169337932183e+00  3.141592653589793116e+00  -2.295013349508516140e-03  1.843859002468437036e-02  -2.376599959422300012e-01  1.698222708702087402e+01
-1.666088718591468287e-01  -1.786266534908840020e+00  3.141592653589793116e+00  -2.182411358196115897e-02  2.682121811918778201e-02  -2.555380445481911234e-01  1.701982688903808594e+01
-1.896201090433578262e-01  -1.891283167414228306e+00  3.141592653589793116e+00  -4.587245553052302083e-02  2.250776103694683214e-02  -2.775667980484165520e-01  1.705445790290832520e+01
-1.972371934601238053e-01  -1.972613781559495738e+00  3.141592653589793116e+00  -6.942151870369778210e-02  -2.663075286509006614e-02  -2.935962165572639226e-01  1.708889794349670410e+01
-2.234182394855070142e-01  -2.068037501163478176e+00  3.141592653589793116e+00  -9.372977714545863148e-02  -7.285758574697027978e-02  -3.105429869169027413e-01  1.712267208099365234e+01
-2.326394866775622905e-01  -2.166307521693668914e+00  3.141592653589793116e+00  -1.147087628418370225e-01  -3.542474268939253823e-02  -3.275093488531938268e-01  1.715790796279907227e+01
-2.564646829526264771e-01  -2.264549806503313167e+00  3.141592653589793116e+00  -1.320643667430716206e-01  -3.152878067700696195e-03  -3.484016860682815908e-01  1.719199991226196289e+01
-2.717006655749399924e-01  -2.339600862651241453e+00  3.141592653589793116e+00  -1.477457962569579397e-01  -5.123821114317125142e-02  -3.616646585181270135e-01  1.722886705398559570e+01
-2.888704693903719201e-01  -2.446744564122206089e+00  3.141592653589793116e+00  -1.775569908849591316e-01  2.751134176457926267e-02  -3.798550888020696403e-01  1.727510595321655273e+01
-3.728736471523083629e-01  -2.777777891460945892e+00  3.141592653589793116e+00  -4.571097788120384031e-01  -3.355461654762169343e-02  -4.199072019325084115e-01  1.730662608146667480e+01
-3.751591435584496481e-01  -2.793681409961036977e+00  3.141592653589793116e+00  -4.737171446212833925e-01  -4.097733198429096696e-02  -4.234043580693664377e-01  1.734051108360290527e+01
-3.874434254465669580e-01  -2.829787832506527767e+00  3.141592653589793116e+00  -4.907828983741348572e-01  -5.089684405426710134e-02  -4.277433522907471142e-01  1.737971186637878418e+01
-3.917394824805524589e-01  -2.852620669048650637e+00  3.141592653589793116e+00  -5.109979809419998853e-01  -2.297415097962116418e-02  -4.316160631097887279e-01  1.741116690635681152e+01
-4.066784681395900769e-01  -2.886711703135099949e+00  3.141592653589793116e+00  -5.362712293183364842e-01  -4.065617636235654975e-02  -4.369820610270411243e-01  1.744739603996276855e+01
-4.069714046264982787e-01  -2.885248478625765944e+00  3.141592653589793116e+00  -5.604901452302097908e-01  -2.320088630775982153e-02  -4.375399301760223847e-01  1.748055386543273926e+01
-4.096367756220843370e-01  -2.904116806219024571e+00  3.141592653589793116e+00  -5.852808312587384210e-01  7.684669692462004278e-03  -4.375771038454928097e-01  1.751141905784606934e+01
-4.160006550316280305e-01  -2.918074636008238354e+00  3.141592653589793116e+00  -5.971027355281072202e-01  -7.506047440029191102e-03  -4.409039233450423589e-01  1.754094195365905762e+01
-4.220312516311025552e-01  -2.882314969385885384e+00  3.141592653589793116e+00  -6.423354623532956387e-01  -4.568265618342913503e-02  -4.328107406034889526e-01  1.757617187500000000e+01
-4.799400518497852763e-01  -2.895707232948345755e+00  3.141592653589793116e+00  -8.876381090095849524e-01  2.541634858550108258e-03  -4.142869513433428130e-01  1.761701393127441406e+01
-4.778427787502257940e-01  -2.966699395942210327e+00  3.141592653589793116e+00  -9.223138719822513432e-01  -1.782024434366276736e-02  -4.105099188432398960e-01  1.765410900115966797e+01
-4.743318389960198278e-01  -2.950238370629433948e+00  3.141592653589793116e+00  -9.547298388572645900e-01  6.632739010263831447e-02  -4.033196842511629909e-01  1.769265890121459961e+01
-4.845941565779837146e-01  -2.965764642933885309e+00  3.141592653589793116e+00  -9.700369853363606243e-01  5.478872141582695086e-04  -3.964370759880334050e-01  1.772940492630004883e+01
-4.888767812255226386e-01  -2.976556996679549982e+00  3.141592653589793116e+00  -1.004013984203328658e+00  -3.472243634899001286e-02  -3.933516384676766231e-01  1.777064895629882812e+01
-5.375820044332724201e-01  -3.039015440632796938e+00  3.141592653589793116e+00  -1.248660786269050860e+00  4.533227662114658330e-02  -3.789557150431241417e-01  1.780664801597595215e+01
-5.501912698492223974e-01  -3.070009854253771042e+00  3.141592653589793116e+00  -1.263245359043063232e+00  -5.161335576163798150e-02  -3.786733910363807576e-01  1.784265398979187012e+01
-5.715834921775084787e-01  -3.050043762416276838e+00  3.141592653589793116e+00  -1.284095917951163957e+00  -1.994480142245239063e-01  -3.668696368857904955e-01  1.788181304931640625e+01
-5.641446307153678008e-01  -3.067284322750690961e+00  3.141592653589793116e+00  -1.306853340473198566e+00  1.259001701688556019e-01  -3.558488751744769973e-01  1.791893005371093750e+01
-5.702571673650980166e-01  -3.059116169388955697e+00  3.141592653589793116e+00  -1.326956449526680792e+00  -5.718847605954786861e-02  -3.476675753491005882e-01  1.796064591407775879e+01
0.000000000000000000e+00  0.000000000000000000e+00  0.000000000000000000e+00  0.000000000000000000e+00  0.000000000000000000e+00  0.000000000000000000e+00  1.800111699104309082e+01
0.000000000000000000e+00  0.000000000000000000e+00  0.000000000000000000e+00  0.000000000000000000e+00  0.000000000000000000e+00  0.000000000000000000e+00  1.804148793220520020e+01
0.000000000000000000e+00  0.000000000000000000e+00  0.000000000000000000e+00  0.000000000000000000e+00  0.000000000000000000e+00  0.000000000000000000e+00  1.807670998573303223e+01
9.860486595042639198e-04  3.936488405546897384e-01  -1.481402256028005286e-02  6.698218071073588908e-02  -1.018656984167771833e-02  -3.258246309186346029e-03  1.888395094871520996e+01
1.476953689062949744e-03  3.968175485833917437e-01  -1.195431287592880337e-02  6.570770233338189825e-02  5.738381222551119622e-05  -3.974898853495526657e-02  1.893041992187500000e+01
1.478817517045753977e-03  3.954461129962746901e-01  -3.408654415891514133e-02  6.561456866900901297e-02  -2.975877338561300212e-02  -3.065470727434276357e-02  1.896420097351074219e+01
5.297768829101875271e-03  4.479269946531180269e-01  -5.258160530916795583e-01  9.390440121533778772e-02  4.535013144909824656e-02  2.789780282729159566e-02  1.899620699882507324e+01
1.392957667196102929e-02  7.728944185561564817e-01  -1.679263905013938851e+00  1.434050997780526304e-01  2.241800722598381521e-02  3.114629490155043992e-02  1.902992606163024902e+01
2.320428647275105463e-02  1.173609626261592931e+00  -3.141592653589793116e+00  2.257765805474181708e-01  -3.196458882595406420e-02  1.815528112941523081e-02  1.907235407829284668e+01
2.451715193757840819e-02  1.351491438675340051e+00  -3.141592653589793116e+00  2.851298727141136635e-01  -1.847123512473484649e-02  2.651766810788313070e-02  1.912042903900146484e+01
3.713216312874982605e-02  1.493922320662971481e+00  -3.141592653589793116e+00  3.177959807959754301e-01  -5.353252349457751635e-02  6.670661672546646451e-03  1.915688204765319824e+01
4.222917948416587963e-02  1.581876815048004703e+00  -3.141592653589793116e+00  3.495325227533980783e-01  8.352624972906808401e-03  2.074850343624925694e-02  1.919116401672363281e+01
4.635988917510214941e-02  1.672026862855302554e+00  -3.141592653589793116e+00  3.851546329319905926e-01  1.663336918940509909e-03  2.256325141637596787e-02  1.922483897209167480e+01
5.260679864472783684e-02  1.746182084616033414e+00  -3.141592653589793116e+00  4.081519909963709503e-01  -4.501700440737118475e-02  2.612371375322921491e-02  1.925927400588989258e+01
5.686204465081245996e-02  1.819008777618506212e+00  -3.141592653589793116e+00  4.454315289098920161e-01  -8.392295196783808309e-02  2.792634800958161342e-02  1.929524588584899902e+01
6.062658803620897541e-02  1.913319274878818366e+00  -3.141592653589793116e+00  4.793030099992248161e-01  -4.547741651568349558e-02  2.617719977472841159e-02  1.932834291458129883e+01
8.474396056365156304e-02  2.466878739058542713e+00  -3.141592653589793116e+00  7.546398599673838081e-01  1.192326439644317455e-02  5.085101603361582429e-02  1.936544895172119141e+01
8.725657313650803104e-02  2.487670643936588100e+00  -3.141592653589793116e+00  7.713545777682637716e-01  -2.958305230017186857e-02  4.923158611248619476e-02  1.939571690559387207e+01
9.049406058638650996e-02  2.538514100641619642e+00  -3.141592653589793116e+00  7.969882540646163749e-01  2.063412578880921642e-03  5.182166254626995733e-02  1.942998003959655762e+01
9.136955907311848646e-02  2.583667209105314555e+00  -3.141592653589793116e+00  8.182408193017686182e-01  -1.221808162713984569e-02  5.351652197636061481e-02  1.946661090850830078e+01
9.443152965827558698e-02  2.610721207616212070e+00  -3.141592653589793116e+00  8.466587029096660499e-01  -4.475291350527750567e-02  5.298793858745958624e-02  1.950010108947753906e+01
9.678314243616006896e-02  2.652041752465014834e+00  -3.141592653589793116e+00  8.701504242736640693e-01  -1.570989526085352084e-02  5.449741583516937160e-02  1.953229188919067383e+01
9.943274568394669388e-02  2.680869576525766185e+00  -3.141592653589793116e+00  8.990865314900707839e-01  -7.777171280071402959e-04  5.470133669950955763e-02  1.956663894653320312e+01
9.711438138448320878e-02  2.684410245635604042e+00  -3.141592653589793116e+00  9.197314852316826883e-01  2.933768271575301623e-02  5.320631349839625296e-02  1.960176086425781250e+01
1.110063319584212033e-01  2.652020750684037420e+00  -3.141592653589793116e+00  1.107970278633193528e+00  -3.071024246514641315e-02  9.814447648155801007e-02  1.963932299613952637e+01
1.158836409928113431e-01  2.662124800947441638e+00  -3.141592653589793116e+00  1.130317681695839793e+00  -2.706380358137356994e-03  1.070823381909230820e-01  1.967041802406311035e+01
1.156672699627434991e-01  2.658000566795899022e+00  -3.141592653589793116e+00  1.138970216106708788e+00  -1.983148809268581517e-02  8.981214862608459526e-02  1.971036100387573242e+01
1.162535337465350760e-01  2.645871369329065637e+00  -3.141592653589793116e+00  1.148672145082904716e+00  1.729117586227867098e-02  1.164973463058472797e-01  1.975394892692565918e+01
1.131071663299826058e-01  2.609450000338132014e+00  -3.141592653589793116e+00  1.171894197906019119e+00  -3.755826560555160232e-02  1.234699536978081241e-01  1.978876495361328125e+01
1.130017914821881547e-01  2.645629858402729795e+00  -3.141592653589793116e+00  1.191269661938444413e+00  -2.118898284177083216e-02  1.074160753082740588e-01  1.982266092300415039e+01
1.375533216028117234e-01  2.716235629608632518e+00  -3.141592653589793116e+00  1.355874679140028682e+00  -1.627987521739652776e-01  2.203298607080308447e-01  1.985670495033264160e+01
1.303903571447361520e-01  2.690354615851151543e+00  -3.141592653589793116e+00  1.339953654107360004e+00  1.472157423573569601e-01  4.765144370526293305e-02  1.989542698860168457e+01
1.280076475985498230e-01  2.733419671192249822e+00  -3.141592653589793116e+00  1.381671902497828341e+00  -3.415773919727647934e-02  2.215237489295205364e-01  1.993927597999572754e+01
1.456311132117955320e-01  2.793968343721718650e+00  -3.141592653589793116e+00  1.456795793802764472e+00  -2.527907851305687473e-02  4.903313936508406357e-02  1.998008799552917480e+01
0.000000000000000000e+00  0.000000000000000000e+00  0.000000000000000000e+00  0.000000000000000000e+00  0.000000000000000000e+00  0.000000000000000000e+00  2.001572299003601074e+01
0.000000000000000000e+00  0.000000000000000000e+00  0.000000000000000000e+00  0.000000000000000000e+00  0.000000000000000000e+00  0.000000000000000000e+00  2.008148908615112305e+01
0.000000000000000000e+00  0.000000000000000000e+00  0.000000000000000000e+00  0.000000000000000000e+00  0.000000000000000000e+00  0.000000000000000000e+00  2.011656904220581055e+01
1.028307840090253661e-03  2.134900271036810349e-01  4.254515340529086975e-01  7.954206874411404171e-02  -4.377288353933399268e-02  9.859509454097518943e-03  2.093792295455932617e+01
1.028302807840435424e-03  2.558485333998876121e-01  4.257367132585022085e-01  1.047507501448621675e-01  -4.842687433533598290e-02  -3.552527556381717376e-03  2.099167799949645996e+01
1.044429497252166239e-03  2.228998815891740648e-01  4.336674092367753808e-01  1.271741338755245643e-01  -1.605774900967869151e-02  -2.588836581070669621e-02  2.102179408073425293e+01
7.527268695149431227e-03  2.075990302782335373e-01  4.783545128925862921e-01  1.288301826599517474e-01  -1.989717967295564181e-03  -1.265850503392978652e-02  2.105164599418640137e+01
3.404649323914232806e-02  1.524095382724680592e-01  7.321589228794578297e-01  6.473248123783371943e-02  2.004981278724122379e-02  -1.168445666777823654e-02  2.109284186363220215e+01
5.350090389397458429e-02  2.643050590460988003e-02  9.221544358058423319e-01  7.678931071182570900e-02  2.263696355414853215e-02  9.951697250444670878e-03  2.113017106056213379e+01
7.398463503915030104e-02  -3.803425449828009425e-02  1.228497118229732177e+00  7.809337871678799503e-02  -3.569349801464875155e-02  9.985664322985391902e-03  2.117019701004028320e+01
9.286829806231253204e-02  -8.989527894506270378e-02  1.318516493160131642e+00  6.342714687770681370e-02  -5.628903674776628702e-02  2.258081287785423941e-02  2.120637893676757812e+01
1.056727060901582055e-01  -1.527780580501744978e-01  1.391091354681557757e+00  4.804947770201473817e-02  3.581237293279811162e-02  3.207155667037757396e-02  2.123896193504333496e+01
1.258511125928263863e-01  -1.866246113839632736e-01  1.456645123631103989e+00  3.823179365232865640e-02  -2.564838395288929207e-02  4.534313720438652717e-02  2.127273797988891602e+01
2.269319997241002751e-01  -1.031893501756471876e+00  1.950084890165621365e+00  -1.891418283931924904e-01  -1.808446499524783355e-02  1.501410679412284732e-01  2.130589604377746582e+01
2.344511542522383918e-01  -1.068696025300410746e+00  1.995655901587012782e+00  -1.989773217336710254e-01  8.980225172001640027e-03  1.563895780458439966e-01  2.133963799476623535e+01
2.393597836138424417e-01  -1.108713944252432082e+00  2.031263557469966674e+00  -2.146577825319126998e-01  1.609740366697348310e-02  1.633540258471652684e-01  2.136938905715942383e+01
2.454463918441914250e-01  -1.162614479322343186e+00  2.084120397075771791e+00  -2.320644250227028027e-01  -1.672057510966809199e-02  1.715472202512558497e-01  2.140757107734680176e+01
2.555573534008298009e-01  -1.217385257290664713e+00  2.129769591470529910e+00  -2.458274327557749550e-01  6.656059001993635919e-03  1.797446465655808123e-01  2.144153904914855957e+01
2.663279762269641915e-01  -1.265601627200772628e+00  2.175824274074233511e+00  -2.658488045563515700e-01  -1.241296898861064986e-02  1.893947756670417704e-01  2.147712492942810059e+01
2.743636132367055502e-01  -1.337525068541468132e+00  2.221691769820708373e+00  -2.898811309407137715e-01  -1.015896415909465144e-03  1.986977292412087648e-01  2.151237797737121582e+01
2.805161035894002119e-01  -1.387455209253017685e+00  2.265255715239648193e+00  -3.075422673041383059e-01  3.325275939862488983e-03  2.070480364791839056e-01  2.154461789131164551e+01
2.815351444747017373e-01  -1.435898138188145268e+00  2.263565105865305682e+00  -3.195073774132827227e-01  2.700091589977534137e-02  2.148538685654440838e-01  2.157206296920776367e+01
3.355578866565976370e-01  -1.962651644028355680e+00  2.294606988517796875e+00  -5.331445083962704778e-01  -3.917171105698405431e-02  3.259403125608248408e-01  2.160602807998657227e+01
3.437172700437398642e-01  -2.055284792692268603e+00  2.354532717441087275e+00  -5.590971576012565558e-01  -3.917769205976644881e-02  3.384268654092844053e-01  2.164077687263488770e+01
3.431744810192503548e-01  -2.099949084957746681e+00  2.369470583221317650e+00  -5.804434177315143106e-01  -6.261321462141161698e-02  3.436721556444726766e-01  2.167935895919799805e+01
3.508942004383545088e-01  -2.133340064772252909e+00  2.355671815974749173e+00  -5.998896720923443393e-01  -1.610053126968779766e-02  3.534200017730444454e-01  2.171954393386840820e+01
3.549191779812549963e-01  -2.188815101964268095e+00  2.371293936080673959e+00  -6.190143926834001942e-01  -6.956046179145605746e-02  3.598888029901282093e-01  2.175333404541015625e+01
3.460521771574420757e-01  -2.184142788633920862e+00  2.318661596245569889e+00  -6.335674403236281060e-01  -1.430885774048262348e-03  3.655645257027026473e-01  2.178950500488281250e+01
3.942797514881740684e-01  -2.454852128893568963e+00  2.442586636472193096e+00  -8.691246889659718367e-01  2.001792895102470944e-03  5.336041848251685815e-01  2.182578206062316895e+01
3.810742717434847937e-01  -2.503178041165253997e+00  2.457000405220308714e+00  -8.883139551428932412e-01  2.057915743860715477e-02  5.239852847879656883e-01  2.186114597320556641e+01
4.140024843188996329e-01  -2.535659682021458750e+00  2.502242115246385623e+00  -8.981982812424944562e-01  -3.254599200999806485e-01  5.418802788488674693e-01  2.190856790542602539e+01
4.177903223825394918e-01  -2.520032426750294263e+00  2.488755362716366104e+00  -9.326019265175804485e-01  -3.065309718216650547e-01  5.527149781414655294e-01  2.194823908805847168e+01
0.000000000000000000e+00  0.000000000000000000e+00  0.000000000000000000e+00  0.000000000000000000e+00  0.000000000000000000e+00  0.000000000000000000e+00  2.199576497077941895e+01
0.000000000000000000e+00  0.000000000000000000e+00  0.000000000000000000e+00  0.000000000000000000e+00  0.000000000000000000e+00  0.000000000000000000e+00  2.204273796081542969e+01
0.000000000000000000e+00  0.000000000000000000e+00  0.000000000000000000e+00  0.000000000000000000e+00  0.000000000000000000e+00  0.000000000000000000e+00  2.208382892608642578e+01
-5.165229360917327189e-04  3.864710660558967059e-01  1.088371427371792877e-01  1.675600347780679678e-01  2.246795583771828836e-03  -4.027719893063720635e-02  2.289510297775268555e+01
-5.161808302955173252e-04  3.879133122503954922e-01  1.102461789423780231e-01  1.075407052548835035e-01  2.876302597272153462e-03  -3.949857704034402672e-02  2.294046497344970703e+01
-5.151240855981604463e-04  3.871006237781376425e-01  1.089446087118701167e-01  1.052220578299714604e-01  -5.554050878073187036e-02  -3.921271722436500684e-02  2.297189998626708984e+01
-1.723164018144292958e-02  4.652133473211125803e-01  4.707824183002169011e-02  9.206379531945137196e-02  -1.742565664616388399e-02  -7.330407307205320799e-02  2.301283788681030273e+01
-3.770222263460982354e-02  5.783189578752379045e-01  -1.097734306339835098e-01  1.838574561613724456e-01  1.501280629783205423e-02  -7.300737339802332304e-02  2.305015993118286133e+01
-6.719015154261233358e-02  8.290925907474803180e-01  -4.801490325459760178e-01  2.051911226867105809e-01  3.078267625469499613e-02  -1.291397699439220392e-01  2.308975100517272949e+01
-1.004842161532108757e-01  1.004362614793798292e+00  -9.679422884596970977e-01  2.097825519108433290e-01  -1.705409380640518155e-02  -1.719437368495581875e-01  2.313175392150878906e+01
-1.271791013755792787e-01  1.100179555021791877e+00  -1.075072387712815880e+00  2.246072410764632099e-01  -7.264346479940957113e-02  -1.974930208251455266e-01  2.317765402793884277e+01
-1.401407888769063415e-01  1.175973699037993425e+00  -1.185764847691833657e+00  2.387376873454645498e-01  2.649341698557572747e-02  -2.144057910922859689e-01  2.321081709861755371e+01
-1.676743706977519566e-01  1.242271519358714826e+00  -1.280316608625273300e+00  2.549511625396753134e-01  -5.490726008994751411e-02  -2.355914475951227938e-01  2.324831199645996094e+01
-1.903440704122372762e-01  1.315965697696892756e+00  -1.379232356337821930e+00  2.726265522219349369e-01  -9.134050765795627413e-02  -2.577670596899356292e-01  2.328756904602050781e+01
-1.965606412417231497e-01  1.366102540356792794e+00  -1.440746413034544426e+00  2.754971148549315574e-01  -1.259742948801848353e-02  -2.768637631654183306e-01  2.332357788085937500e+01
-2.275175481170509661e-01  1.423639016995506656e+00  -1.516822536405973310e+00  3.001621794082089401e-01  -5.282605377805275892e-02  -2.939590006231196928e-01  2.335734105110168457e+01
-2.392384375152344367e-01  1.469756985187862908e+00  -1.618797289059443978e+00  3.015026030135367630e-01  5.640971515712865647e-02  -3.080719383974473979e-01  2.339211106300354004e+01
-3.295246740286302822e-01  1.910389871892090641e+00  -2.385312903815562269e+00  3.845762898741474922e-01  -1.569589829615829907e-02  -3.710658862335861063e-01  2.342867207527160645e+01
-3.398718749815189955e-01  1.940241907651020448e+00  -2.422119562757874434e+00  3.897308398567612131e-01  -4.130357050192588059e-02  -3.776890440228277135e-01  2.345988893508911133e+01
-3.488796142096189934e-01  1.967407191782725828e+00  -2.448013109002026066e+00  4.014623706096563938e-01  -8.365956277232652546e-03  -3.816036059003656278e-01  2.349301290512084961e+01
-3.515093456820058693e-01  2.004216146348110517e+00  -2.486062877532330795e+00  4.044166607910288369e-01  -2.998682346325881598e-02  -3.892514839134837423e-01  2.353180193901062012e+01
-3.715492345765267768e-01  2.042706849126526336e+00  -2.542798812216056081e+00  4.169795539200105150e-01  -3.037744170292369650e-02  -3.975509879838934890e-01  2.356761503219604492e+01
-3.777015885477095769e-01  2.076260443530988375e+00  -2.578218670230739029e+00  4.228607625345102150e-01  1.432750286646924075e-02  -4.032823699474339385e-01  2.360157608985900879e+01
-3.727502172198319252e-01  2.082735701699891528e+00  -2.570152044624780086e+00  4.292793157610616528e-01  -1.906867223529228397e-02  -4.028371766029711365e-01  2.363770008087158203e+01
-3.870129874145672444e-01  2.120289358289861870e+00  -2.626388665581928628e+00  4.410771929066748531e-01  1.243594871933273623e-02  -4.101154401706151864e-01  2.367512798309326172e+01
-4.472671311410308381e-01  2.156780605964747188e+00  -2.687275259282986273e+00  4.688584820922456209e-01  1.151293136234144213e-02  -4.025888124331290507e-01  2.371057605743408203e+01
-4.522989829974958242e-01  2.169550269272495946e+00  -2.714320890233215877e+00  4.651262435242072835e-01  6.046759525709563543e-02  -4.032557077512967103e-01  2.374719905853271484e+01
-4.427452242339290356e-01  2.143348379969649553e+00  -2.679960195711033499e+00  4.565995514715623926e-01  1.897401077223753382e-02  -3.899841451876656095e-01  2.379012989997863770e+01
-4.360738322268802314e-01  2.104460002252974693e+00  -2.661411210423264784e+00  4.325976383387106217e-01  7.237864112603237254e-02  -3.760821718596479846e-01  2.382976794242858887e+01
-4.533391365534956141e-01  2.179362673605614198e+00  -2.763200493035647742e+00  4.525075107598933166e-01  3.955322382547022536e-02  -3.796506018050486153e-01  2.387159991264343262e+01
-5.181393200477457661e-01  2.286406236625610155e+00  -2.833336971862998599e+00  4.986153153635431989e-01  -1.200398002060698022e-01  -3.822076163833230678e-01  2.391048502922058105e+01
-5.113368779489553262e-01  2.312830896488601518e+00  -2.860068234937241716e+00  4.995199898589502974e-01  -1.174785954413342104e-01  -3.616769794907764290e-01  2.395190405845642090e+01
-4.784481695293659742e-01  2.271014902341982111e+00  -2.750068095857235662e+00  5.019280151475874474e-01  4.619281774724841999e-02  -3.646994844120483026e-01  2.398928403854370117e+01
-5.058784996035741166e-01  2.377495421356482286e+00  -2.889151829645026925e+00  5.232865526688005309e-01  1.745227068182684804e-01  -3.668074611438633115e-01  2.403078889846801758e+01
0.000000000000000000e+00  0.000000000000000000e+00  0.000000000000000000e+00  0.000000000000000000e+00  0.000000000000000000e+00  0.000000000000000000e+00  2.406938409805297852e+01
0.000000000000000000e+00  0.000000000000000000e+00  0.000000000000000000e+00  0.000000000000000000e+00  0.000000000000000000e+00  0.000000000000000000e+00  2.411548995971679688e+01
0.000000000000000000e+00  0.000000000000000000e+00  0.000000000000000000e+00  0.000000000000000000e+00  0.000000000000000000e+00  0.000000000000000000e+00  2.415420603752136230e+01
