  q1     q2   q3   q4  q5   q6   t1
-6.997035185443323257e-01  -1.500259224568502248e+00  1.999847412109375000e+00  -2.269795242940084279e+00  -1.569955650960103810e+00  -4.020035568867818654e+00  0.000000000000000000e+00
-6.996791998492639664e-01  -1.500259224568502248e+00  1.999847412109375000e+00  -2.269783322011129201e+00  -1.569967571889058888e+00  -4.019975487385885060e+00  9.168386459350585938e-02
-7.006142775165002945e-01  -1.502261463795797169e+00  2.002087593078613281e+00  -2.271126095448629201e+00  -1.574943367634908498e+00  -4.016489330922262013e+00  1.770660877227783203e-01
-7.043550650226038101e-01  -1.514189068471090138e+00  2.013337135314941406e+00  -2.277085129414693654e+00  -1.598537747059957326e+00  -3.998841349278585255e+00  2.385680675506591797e-01
-6.873667875873010757e-01  -1.542455975209371388e+00  2.041072368621826172e+00  -2.273128334675924123e+00  -1.640451256428853810e+00  -3.951194111500875294e+00  3.189399242401123047e-01
-6.661694685565393570e-01  -1.563831154500142873e+00  2.062313556671142578e+00  -2.258093659077779591e+00  -1.672377888356344044e+00  -3.910603348408834279e+00  3.694500923156738281e-01
-6.523826758014124039e-01  -1.579200092946187794e+00  2.077181816101074219e+00  -2.243933502827779591e+00  -1.697302643452779591e+00  -3.879944864903585255e+00  4.113819599151611328e-01
-6.333921591388147476e-01  -1.604063812886373341e+00  2.101658344268798828e+00  -2.219725433980123341e+00  -1.735438648854390919e+00  -3.828188006077901662e+00  4.774050712585449219e-01
-6.119793097125452164e-01  -1.633459393178121388e+00  2.130065441131591797e+00  -2.188874069844381154e+00  -1.777218643818990529e+00  -3.765193287526265919e+00  5.459609031677246094e-01
-5.929163138019006851e-01  -1.656453911458150685e+00  2.152553558349609375e+00  -2.161487881337301076e+00  -1.808137241994039357e+00  -3.713544193898336232e+00  5.993080139160156250e-01
-5.794528166400354507e-01  -1.673045937214986623e+00  2.168261051177978516e+00  -2.141032044087545216e+00  -1.830052200947896779e+00  -3.676775042210714162e+00  6.402668952941894531e-01
-5.633395353900354507e-01  -1.695118252431051076e+00  2.189815521240234375e+00  -2.112302128468648732e+00  -1.859386746083394826e+00  -3.627090756093160451e+00  6.960399150848388672e-01
-5.504635016070764664e-01  -1.713114086781637013e+00  2.206972599029541016e+00  -2.088140312825338185e+00  -1.883327309285299123e+00  -3.585433308278219044e+00  7.443900108337402344e-01
-5.390856901751917007e-01  -1.727392975484029591e+00  2.220751285552978516e+00  -2.067947212849752248e+00  -1.901369396840230763e+00  -3.550916020070211232e+00  7.838940620422363281e-01
-5.263775030719202164e-01  -1.740989033375875294e+00  2.233619213104248047e+00  -2.047286335621969044e+00  -1.917097393666402638e+00  -3.517129961644307912e+00  8.295710086822509766e-01
-5.101683775531213882e-01  -1.756323162709371388e+00  2.248224735260009766e+00  -2.023519341145650685e+00  -1.933269325886861623e+00  -3.476861778889791310e+00  8.758120536804199219e-01
-4.924004713641565445e-01  -1.770375076924459279e+00  2.261464595794677734e+00  -2.000710789357320607e+00  -1.946335617695943654e+00  -3.437756125126973927e+00  9.255869388580322266e-01
-4.772103468524377945e-01  -1.780901734028951466e+00  2.271493434906005859e+00  -1.982039753590719044e+00  -1.954679314290181935e+00  -3.406437222157613576e+00  9.664149284362792969e-01
-4.565652052508752945e-01  -1.792172257100240529e+00  2.282109737396240234e+00  -1.961809937153951466e+00  -1.962015930806295216e+00  -3.370146338139669240e+00  1.007659912109375000e+00
-4.407637755023401382e-01  -1.798670593892232716e+00  2.288196086883544922e+00  -1.949134174977437794e+00  -1.965180699025289357e+00  -3.347154680882589162e+00  1.045984983444213867e+00
-4.180925528155725601e-01  -1.805744473134176076e+00  2.294726371765136719e+00  -1.934108082448140919e+00  -1.966870609913961232e+00  -3.319382015858785451e+00  1.083371877670288086e+00
-3.928797880755823257e-01  -1.811571900044576466e+00  2.300153970718383789e+00  -1.920317474995748341e+00  -1.965468708668844044e+00  -3.293286625538961232e+00  1.126435995101928711e+00
-3.601616064654749039e-01  -1.816823307667867482e+00  2.304958581924438477e+00  -1.906238381062642873e+00  -1.959426705037252248e+00  -3.263872448598043263e+00  1.173667907714843750e+00
-3.316162268268030289e-01  -1.819820706044332326e+00  2.307307243347167969e+00  -1.896200958882467091e+00  -1.951214615498678029e+00  -3.241191689168111623e+00  1.211005926132202148e+00
-3.024476210223596695e-01  -1.821115795766012013e+00  2.308241605758666992e+00  -1.887710396443502248e+00  -1.940773789082662404e+00  -3.220391575490133107e+00  1.247828960418701172e+00
-2.730272451983850601e-01  -1.820695702229635060e+00  2.307451009750366211e+00  -1.881210629140035451e+00  -1.927826706563131154e+00  -3.201257054005758107e+00  1.288775920867919922e+00
-2.437265555011194351e-01  -1.818538014088765919e+00  2.305042505264282227e+00  -1.876677338276998341e+00  -1.913980786000387013e+00  -3.183860127125875294e+00  1.327672004699707031e+00
-2.207801977740686539e-01  -1.815384689961568654e+00  2.301675796508789062e+00  -1.874819103871480763e+00  -1.902160469685689748e+00  -3.170955721532003224e+00  1.366957902908325195e+00
-1.872232596026819351e-01  -1.808490101491109669e+00  2.294498682022094727e+00  -1.874351326619283498e+00  -1.882704083119527638e+00  -3.153367106114522755e+00  1.410113096237182617e+00
-1.604283491717737320e-01  -1.801056210194722951e+00  2.286866188049316406e+00  -1.876030270253316701e+00  -1.865513149891988576e+00  -3.140187088643209279e+00  1.453684091567993164e+00
-1.295583883868616226e-01  -1.790205780659810841e+00  2.275662899017333984e+00  -1.880503002797262013e+00  -1.843946282063619435e+00  -3.125785414372579396e+00  1.502115964889526367e+00
-1.050413290606897476e-01  -1.779835049306051076e+00  2.265058994293212891e+00  -1.885839287434713185e+00  -1.824525658284322560e+00  -3.114750210438863576e+00  1.542519092559814453e+00
-8.171254793276006012e-02  -1.768696133290426076e+00  2.253712654113769531e+00  -1.892339531575338185e+00  -1.804732624684469044e+00  -3.104457680379049123e+00  1.578845977783203125e+00
-6.007320085634404450e-02  -1.756934944783345998e+00  2.241599082946777344e+00  -1.899858776723043263e+00  -1.785383049641744435e+00  -3.095052305852071584e+00  1.619332075119018555e+00
-3.608447710146123200e-02  -1.741864506398336232e+00  2.226286888122558594e+00  -1.909799877797262013e+00  -1.761777702962056935e+00  -3.084699694310323537e+00  1.663716077804565430e+00
-1.757461229433232575e-02  -1.728735748921529591e+00  2.212831497192382812e+00  -1.918877903615133107e+00  -1.742656056080953419e+00  -3.076947752629415334e+00  1.704444885253906250e+00
-4.112068806783497621e-03  -1.717909638081685841e+00  2.201820850372314453e+00  -1.926769081746236623e+00  -1.727969471608297169e+00  -3.071291987095968068e+00  1.741472005844116211e+00
1.159249059855937958e-02  -1.704601112996236623e+00  2.188257694244384766e+00  -1.936686817799703419e+00  -1.710670296345845998e+00  -3.064750019704000294e+00  1.776890993118286133e+00
2.275354973971843719e-02  -1.694039169942037404e+00  2.177426815032958984e+00  -1.944637123738424123e+00  -1.697254959736959279e+00  -3.059825245534078419e+00  1.814491987228393555e+00
3.567666560411453247e-02  -1.681307140980855763e+00  2.164498805999755859e+00  -1.954194370900289357e+00  -1.681704823170797169e+00  -3.054493490849630177e+00  1.852500915527343750e+00
4.488354548811912537e-02  -1.671775166188375294e+00  2.154781818389892578e+00  -1.961510006581441701e+00  -1.670555416737691701e+00  -3.050635639821187794e+00  1.885251045227050781e+00
5.880172550678253174e-02  -1.656334225331441701e+00  2.139122962951660156e+00  -1.973573986683980763e+00  -1.653531376515523732e+00  -3.044668261204854787e+00  1.937524080276489258e+00
6.567092984914779663e-02  -1.648457352315084279e+00  2.131155490875244141e+00  -1.979965511952535451e+00  -1.644791428242818654e+00  -3.041709009801046193e+00  1.974030017852783203e+00
7.340300828218460083e-02  -1.639285866414205373e+00  2.121942043304443359e+00  -1.987759892140523732e+00  -1.635056320820943654e+00  -3.038366142903463185e+00  2.014971017837524414e+00
1.258984059095382690e-01  -1.565868679677144826e+00  2.047901153564453125e+00  -2.053041760121480763e+00  -1.570543114339010060e+00  -3.015588108693258107e+00  2.831541061401367188e+00
1.258504688739776611e-01  -1.565953079854146779e+00  2.047985076904296875e+00  -2.053125683461324513e+00  -1.570746723805562794e+00  -3.015696112309591115e+00  2.884975910186767578e+00
1.258025318384170532e-01  -1.565941158925191701e+00  2.048045158386230469e+00  -2.053101841603414357e+00  -1.570782486592428029e+00  -3.015803877507345021e+00  2.913655996322631836e+00
1.255624741315841675e-01  -1.565856758748189748e+00  2.047721385955810547e+00  -2.052850071583883107e+00  -1.570602718983785451e+00  -3.015899721776143849e+00  2.944041013717651367e+00
1.244954988360404968e-01  -1.564622227345601857e+00  2.046211719512939453e+00  -2.052526299153463185e+00  -1.570578877125875294e+00  -3.016906325017110646e+00  2.977056026458740234e+00
1.225297152996063232e-01  -1.561996761952535451e+00  2.042929172515869141e+00  -2.052262131367818654e+00  -1.570758644734517873e+00  -3.018787686024801076e+00  3.009651899337768555e+00
1.177944466471672058e-01  -1.555475536976949513e+00  2.035106182098388672e+00  -2.051434818898336232e+00  -1.570638958607808888e+00  -3.023580137883321584e+00  3.058148860931396484e+00
1.126637011766433716e-01  -1.548090759907857716e+00  2.026227951049804688e+00  -2.050272289906637013e+00  -1.570566956196920216e+00  -3.028996292744771779e+00  3.097110033035278320e+00
1.090073883533477783e-01  -1.543007675801412404e+00  2.020189762115478516e+00  -2.049456421528951466e+00  -1.570399109517232716e+00  -3.032710615788595021e+00  3.121845960617065430e+00
1.051233783364295959e-01  -1.537457291279928029e+00  2.013564586639404297e+00  -2.048629109059469044e+00  -1.570447270070211232e+00  -3.036604468022481740e+00  3.147367954254150391e+00
1.009753346443176270e-01  -1.531583611165181935e+00  2.006532192230224609e+00  -2.047645870839254201e+00  -1.570506874714986623e+00  -3.040762488042012990e+00  3.174797058105468750e+00
9.357882291078567505e-02  -1.521237675343648732e+00  1.993953227996826172e+00  -2.046050850545064748e+00  -1.570291344319478810e+00  -3.047975126896993459e+00  3.208910942077636719e+00
8.764475584030151367e-02  -1.512438599263326466e+00  1.983578205108642578e+00  -2.044659916554586232e+00  -1.570375267659322560e+00  -3.053918663655416310e+00  3.243891954421997070e+00
8.157924562692642212e-02  -1.503376309071676076e+00  1.972891807556152344e+00  -2.043317143117086232e+00  -1.570291344319478810e+00  -3.060052935277120412e+00  3.273408889770507812e+00
7.550099492073059082e-02  -1.494433228169576466e+00  1.962037563323974609e+00  -2.042070213948385060e+00  -1.570099178944722951e+00  -3.066175762807027638e+00  3.304821014404296875e+00
7.096945494413375854e-02  -1.487648312245504201e+00  1.953938961029052734e+00  -2.041110340748922169e+00  -1.570267502461568654e+00  -3.070693079625264943e+00  3.334860086441040039e+00
6.335722655057907104e-02  -1.476176087056295216e+00  1.940581798553466797e+00  -2.039467636738912404e+00  -1.570255581532613576e+00  -3.078025881444112599e+00  3.368808031082153320e+00
5.761491134762763977e-02  -1.467221562062398732e+00  1.930062770843505859e+00  -2.038148705159322560e+00  -1.570315186177388966e+00  -3.083765331898824513e+00  3.404721021652221680e+00
5.211228132247924805e-02  -1.458578888569967091e+00  1.919664382934570312e+00  -2.037129227315084279e+00  -1.570183579121724904e+00  -3.089336458836690724e+00  3.436142921447753906e+00
4.554305225610733032e-02  -1.447778526936666310e+00  1.907205104827880859e+00  -2.035606209431783498e+00  -1.570207420979635060e+00  -3.095962587987081349e+00  3.471570014953613281e+00
4.050780460238456726e-02  -1.439615074788228810e+00  1.897561073303222656e+00  -2.034527126942769826e+00  -1.570099178944722951e+00  -3.100851122532979787e+00  3.503336906433105469e+00
3.692339733242988586e-02  -1.433741394673482716e+00  1.890685081481933594e+00  -2.033747498189107716e+00  -1.570435349141256154e+00  -3.104397598897115529e+00  3.533355951309204102e+00
3.134923428297042847e-02  -1.424535576497213185e+00  1.880022525787353516e+00  -2.032524887715474904e+00  -1.570578877125875294e+00  -3.109837834035054982e+00  3.567916870117187500e+00
2.729669399559497833e-02  -1.417558972035543263e+00  1.872164249420166016e+00  -2.031685177479879201e+00  -1.570459190999166310e+00  -3.113791529332296193e+00  3.606150865554809570e+00
2.362877316772937775e-02  -1.410990063344137013e+00  1.864820480346679688e+00  -2.030761543904439748e+00  -1.570315186177388966e+00  -3.117493693028585255e+00  3.636439085006713867e+00
2.023611404001712799e-02  -1.405092541371480763e+00  1.858063697814941406e+00  -2.030126396809713185e+00  -1.570303265248433888e+00  -3.120788637791768849e+00  3.664998054504394531e+00
1.720298081636428833e-02  -1.399650875722066701e+00  1.852037906646728516e+00  -2.029418770466939748e+00  -1.570399109517232716e+00  -3.123783890401021779e+00  3.700615882873535156e+00
-1.685506502260381012e-02  -1.337248150502340138e+00  1.786522388458251953e+00  -2.019897762929097951e+00  -1.570830647145406544e+00  -3.158435169850484669e+00  4.518148899078369141e+00
-1.680738130678349762e-02  -1.337356392537252248e+00  1.786534309387207031e+00  -2.019873921071187794e+00  -1.571010414754049123e+00  -3.158423248921529591e+00  4.560229063034057617e+00
-1.677114168276006012e-02  -1.337356392537252248e+00  1.786605834960937500e+00  -2.020005528126851857e+00  -1.570818726216451466e+00  -3.158411327992574513e+00  4.589075088500976562e+00
-1.643592516054326325e-02  -1.337775532399312794e+00  1.786989212036132812e+00  -2.020017449055806935e+00  -1.570938412343160451e+00  -3.157860104237691701e+00  4.620110988616943359e+00
-1.481706300844365387e-02  -1.339453999196187794e+00  1.788582801818847656e+00  -2.020053688679830373e+00  -1.570926491414205373e+00  -3.156194512044088185e+00  4.650276899337768555e+00
-1.042968431581670075e-02  -1.343804661427633107e+00  1.792739391326904297e+00  -2.020185295735494435e+00  -1.570926491414205373e+00  -3.151761595402852834e+00  4.690823078155517578e+00
-3.703896199361622621e-03  -1.350744549428121388e+00  1.799280166625976562e+00  -2.020533386860982716e+00  -1.570866409932271779e+00  -3.144644085560933888e+00  4.729690074920654297e+00
3.332738066092133522e-03  -1.357864681874410451e+00  1.806036472320556641e+00  -2.020617310200826466e+00  -1.570986572896138966e+00  -3.137227598820821584e+00  4.762809038162231445e+00
1.369010470807552338e-02  -1.368472878132955373e+00  1.816111087799072266e+00  -2.020988766347066701e+00  -1.570926491414205373e+00  -3.126528088246480763e+00  4.799424886703491211e+00
2.049976587295532227e-02  -1.375593010579244435e+00  1.822975635528564453e+00  -2.021072689686910451e+00  -1.570866409932271779e+00  -3.119506661091939748e+00  4.828665971755981445e+00
3.052194975316524506e-02  -1.386165444050924123e+00  1.832990646362304688e+00  -2.021360699330465138e+00  -1.571022335683004201e+00  -3.109190527592794240e+00  4.859960079193115234e+00
4.411618039011955261e-02  -1.400405708943502248e+00  1.846779346466064453e+00  -2.021900002156392873e+00  -1.571106735860006154e+00  -3.095315519963399709e+00  4.895977020263671875e+00
5.254371091723442078e-02  -1.409395519887105763e+00  1.855476379394531250e+00  -2.022188011799947560e+00  -1.571382347737447560e+00  -3.086473051701680959e+00  4.927016973495483398e+00
6.423245370388031006e-02  -1.421886269246236623e+00  1.867755413055419922e+00  -2.022631470357076466e+00  -1.571382347737447560e+00  -3.074598852788106740e+00  4.956001043319702148e+00
7.638820260763168335e-02  -1.434844319020406544e+00  1.880453586578369141e+00  -2.023267094288961232e+00  -1.571490112935201466e+00  -3.062401835118429005e+00  4.987334966659545898e+00
8.536738157272338867e-02  -1.444685761128560841e+00  1.890229701995849609e+00  -2.023746792470113576e+00  -1.571622196828023732e+00  -3.053187672291890919e+00  5.014609098434448242e+00
1.006997004151344299e-01  -1.461407963429586232e+00  1.907001495361328125e+00  -2.024598423634664357e+00  -1.571669880543844044e+00  -3.037743155156270802e+00  5.050472974777221680e+00
1.158526316285133362e-01  -1.478226009999410451e+00  1.923797130584716797e+00  -2.025497261677877248e+00  -1.571454350148336232e+00  -3.022274319325582326e+00  5.088881969451904297e+00
1.278881579637527466e-01  -1.491639916096822560e+00  1.937395095825195312e+00  -2.026169125233785451e+00  -1.571406189595357716e+00  -3.010232273732320607e+00  5.119616031646728516e+00
1.368190348148345947e-01  -1.501674000416890919e+00  1.947637557983398438e+00  -2.026636902485982716e+00  -1.571130577717916310e+00  -3.001353804265157521e+00  5.149456024169921875e+00
1.484954059123992920e-01  -1.515363995228902638e+00  1.961450576782226562e+00  -2.027164284382955373e+00  -1.570974651967183888e+00  -2.989491764699117482e+00  5.181427955627441406e+00
1.600032597780227661e-01  -1.528790299092428029e+00  1.975120067596435547e+00  -2.027920071278707326e+00  -1.571070496235982716e+00  -2.978060785924093068e+00  5.209970951080322266e+00
1.738615185022354126e-01  -1.545417133961812794e+00  1.991856575012207031e+00  -2.028939072285787404e+00  -1.570938412343160451e+00  -2.964209620152608693e+00  5.248416900634765625e+00
1.842904239892959595e-01  -1.558148686085836232e+00  2.005023002624511719e+00  -2.029598538075582326e+00  -1.571082417164937794e+00  -2.953677002583638966e+00  5.283235073089599609e+00
1.968057006597518921e-01  -1.573529545460836232e+00  2.020752906799316406e+00  -2.030474011098043263e+00  -1.571082417164937794e+00  -2.941359821950094044e+00  5.319998979568481445e+00
2.062159329652786255e-01  -1.585529629384176076e+00  2.033020973205566406e+00  -2.030978027974263966e+00  -1.571346108113424123e+00  -2.931965653096334279e+00  5.353950023651123047e+00
2.171605229377746582e-01  -1.599448029194967091e+00  2.047529697418212891e+00  -2.031625572835103810e+00  -1.571394268666402638e+00  -2.921229664479390919e+00  5.391609907150268555e+00
2.234061807394027710e-01  -1.607576195393697560e+00  2.055796146392822266e+00  -2.032141033803121388e+00  -1.571609799061910451e+00  -2.915046517048970998e+00  5.419697046279907227e+00
2.313416153192520142e-01  -1.617898289357320607e+00  2.066518783569335938e+00  -2.032536808644429982e+00  -1.571718041096822560e+00  -2.907186333333150685e+00  5.453665971755981445e+00
2.403923273086547852e-01  -1.630066696797506154e+00  2.079314231872558594e+00  -2.033183876668111623e+00  -1.572137657796041310e+00  -2.898127857838765919e+00  5.489646911621093750e+00
2.455110847949981689e-01  -1.637019936238424123e+00  2.086718559265136719e+00  -2.033399883900777638e+00  -1.572125736867086232e+00  -2.893059317265645802e+00  5.517988920211791992e+00
2.535304129123687744e-01  -1.647774044667379201e+00  2.098351478576660156e+00  -2.034047428761617482e+00  -1.572329346333638966e+00  -2.885234896336690724e+00  5.558352947235107422e+00
2.620657980442047119e-01  -1.659618679677144826e+00  2.111146926879882812e+00  -2.034490887318746388e+00  -1.572557274495260060e+00  -2.876954619084493459e+00  5.602483034133911133e+00
2.669800817966461182e-01  -1.666812245045797169e+00  2.118935108184814453e+00  -2.034910980855123341e+00  -1.572569195424215138e+00  -2.871958080922262013e+00  5.631342887878417969e+00
2.715235948562622070e-01  -1.673286263142720998e+00  2.126135826110839844e+00  -2.035126511250631154e+00  -1.572425190602437794e+00  -2.867477003728048146e+00  5.668870925903320312e+00
2.767022848129272461e-01  -1.680695358906881154e+00  2.134414672851562500e+00  -2.035390679036275685e+00  -1.572317425404683888e+00  -2.862576309834615529e+00  5.704247951507568359e+00
2.820483744144439697e-01  -1.688440148030416310e+00  2.143375873565673828e+00  -2.035642449055806935e+00  -1.572137657796041310e+00  -2.857375685368673146e+00  5.751681089401245117e+00
3.174823522567749023e-01  -1.742967430745260060e+00  2.207092285156250000e+00  -2.034778896962301076e+00  -1.570830647145406544e+00  -2.824040476475850880e+00  6.579391002655029297e+00
3.174224197864532471e-01  -1.742895428334371388e+00  2.207116603851318359e+00  -2.034887138997213185e+00  -1.570734802876607716e+00  -2.824124399815694630e+00  6.629611968994140625e+00
3.174464106559753418e-01  -1.742871586476461232e+00  2.207008361816406250e+00  -2.034934822713033498e+00  -1.570615116749898732e+00  -2.824160401021138966e+00  6.659529924392700195e+00
3.170868754386901855e-01  -1.742415730153219044e+00  2.206361770629882812e+00  -2.034731213246480763e+00  -1.570722881947652638e+00  -2.824555937443868459e+00  6.688720941543579102e+00
3.155764937400817871e-01  -1.740485493336812794e+00  2.203941345214843750e+00  -2.034599129353658498e+00  -1.570818726216451466e+00  -2.825921599064962209e+00  6.726145982742309570e+00
3.116329312324523926e-01  -1.735377613698140919e+00  2.197710514068603516e+00  -2.034299198781148732e+00  -1.570710961018697560e+00  -2.829804245625631154e+00  6.762842893600463867e+00
3.053996264934539795e-01  -1.727525059376851857e+00  2.187910079956054688e+00  -2.033699814473287404e+00  -1.570578877125875294e+00  -2.836094919835225880e+00  6.803729057312011719e+00
2.972720861434936523e-01  -1.716926399861470998e+00  2.174850940704345703e+00  -2.032536808644429982e+00  -1.570531193410054982e+00  -2.844518486653463185e+00  6.843771934509277344e+00
2.874187827110290527e-01  -1.703917805348531544e+00  2.158904075622558594e+00  -2.031157795582906544e+00  -1.570699040089742482e+00  -2.854404036198751271e+00  6.883781909942626953e+00
2.762468755245208740e-01  -1.688919846211568654e+00  2.140500545501708984e+00  -2.029634300862447560e+00  -1.570650879536763966e+00  -2.865331713353292287e+00  6.919931888580322266e+00
2.666804790496826172e-01  -1.675623718892232716e+00  2.124350547790527344e+00  -2.028303925191060841e+00  -1.570578877125875294e+00  -2.875049893056051076e+00  6.953011035919189453e+00
2.591884434223175049e-01  -1.664989773427144826e+00  2.111458778381347656e+00  -2.027152363454000294e+00  -1.570327107106344044e+00  -2.882610384617940724e+00  6.981251955032348633e+00
2.484475970268249512e-01  -1.649992291127340138e+00  2.093727111816406250e+00  -2.025761429463521779e+00  -1.570422951375142873e+00  -2.893071238194600880e+00  7.014929056167602539e+00
2.374194860458374023e-01  -1.634178463612691701e+00  2.074666023254394531e+00  -2.024106804524556935e+00  -1.570267502461568654e+00  -2.903795305882589162e+00  7.046426057815551758e+00
2.232983261346817017e-01  -1.613402668629781544e+00  2.050069332122802734e+00  -2.022079769765035451e+00  -1.570303265248433888e+00  -2.917670790349141896e+00  7.079782962799072266e+00
2.146311104297637939e-01  -1.600790802632467091e+00  2.034902572631835938e+00  -2.020856682454244435e+00  -1.570291344319478810e+00  -2.926022593175069630e+00  7.110179901123046875e+00
2.031592130661010742e-01  -1.583587471638814748e+00  2.014571189880371094e+00  -2.018974129353658498e+00  -1.570267502461568654e+00  -2.937273565922872365e+00  7.141674041748046875e+00
1.887380629777908325e-01  -1.561697308217183888e+00  1.989041328430175781e+00  -2.016683880482808888e+00  -1.570387188588277638e+00  -2.951364819203512013e+00  7.176261901855468750e+00
1.801427602767944336e-01  -1.548630062733785451e+00  1.973766326904296875e+00  -2.015304867421285451e+00  -1.570267502461568654e+00  -2.959704224263326466e+00  7.206448078155517578e+00
1.661174595355987549e-01  -1.526656452809469044e+00  1.948320388793945312e+00  -2.012822453175679982e+00  -1.570327107106344044e+00  -2.973388020192281544e+00  7.241492033004760742e+00
1.550406664609909058e-01  -1.509370152150289357e+00  1.928361415863037109e+00  -2.010987583790914357e+00  -1.570435349141256154e+00  -2.984039608632222951e+00  7.277720928192138672e+00
1.416741460561752319e-01  -1.487768475209371388e+00  1.903611183166503906e+00  -2.008481804524556935e+00  -1.570327107106344044e+00  -2.997136179600850880e+00  7.313405036926269531e+00
1.312928050756454468e-01  -1.470530811940328419e+00  1.883916378021240234e+00  -2.006562534962789357e+00  -1.570387188588277638e+00  -3.007296864186422169e+00  7.346900939941406250e+00
1.210189536213874817e-01  -1.453508679066793263e+00  1.864580631256103516e+00  -2.004668537770406544e+00  -1.570411030446187794e+00  -3.017194096242086232e+00  7.377822875976562500e+00
1.113327071070671082e-01  -1.436821762715474904e+00  1.845701217651367188e+00  -2.002713505421773732e+00  -1.570279423390523732e+00  -3.026803557072774709e+00  7.409929037094116211e+00
9.976455569267272949e-02  -1.416863743458883107e+00  1.822879791259765625e+00  -2.000351254140035451e+00  -1.570159737263814748e+00  -3.038138453160421193e+00  7.447423934936523438e+00
9.100183844566345215e-02  -1.401448551808492482e+00  1.805665016174316406e+00  -1.998468224202291310e+00  -1.569883648549215138e+00  -3.046753231679097951e+00  7.483687877655029297e+00
8.099126815795898438e-02  -1.383204762135640919e+00  1.785072326660156250e+00  -1.996154133473531544e+00  -1.569835487996236623e+00  -3.056757990513936818e+00  7.523535013198852539e+00
7.141287624835968018e-02  -1.365740124379293263e+00  1.765605926513671875e+00  -1.993947807942525685e+00  -1.569883648549215138e+00  -3.066295687352315724e+00  7.563046932220458984e+00
6.405231356620788574e-02  -1.352279011403219044e+00  1.750931262969970703e+00  -1.992208782826558888e+00  -1.569751564656392873e+00  -3.073484722767965138e+00  7.598160028457641602e+00
5.574462190270423889e-02  -1.336253468190328419e+00  1.733393669128417969e+00  -1.990062061940328419e+00  -1.569811646138326466e+00  -3.081944052373067677e+00  7.632430076599121094e+00
4.953492432832717896e-02  -1.323979679738179982e+00  1.720360755920410156e+00  -1.988419834767476857e+00  -1.569763485585347951e+00  -3.088318173085347951e+00  7.669075012207031250e+00
4.234214127063751221e-02  -1.309692207966939748e+00  1.705122470855712891e+00  -1.986476723347799123e+00  -1.569835487996236623e+00  -3.095663134251729787e+00  7.703155994415283203e+00
3.833791241049766541e-02  -1.301757160817281544e+00  1.696605682373046875e+00  -1.985361401234762013e+00  -1.569775883351461232e+00  -3.099689070378438771e+00  7.733422994613647461e+00
3.227202221751213074e-02  -1.289208237324849904e+00  1.683763980865478516e+00  -1.983550850545064748e+00  -1.569847408925191701e+00  -3.105919663106099904e+00  7.771384954452514648e+00
2.694915235042572021e-02  -1.278073136006490529e+00  1.672084808349609375e+00  -1.981980148945943654e+00  -1.570159737263814748e+00  -3.111359421406881154e+00  7.808896064758300781e+00
2.228616550564765930e-02  -1.268172566090719044e+00  1.661878585815429688e+00  -1.980493370686666310e+00  -1.570483032857076466e+00  -3.116247717534200490e+00  7.847697019577026367e+00
1.897701993584632874e-02  -1.260789696370260060e+00  1.654475688934326172e+00  -1.979569737111226857e+00  -1.570555035267965138e+00  -3.119686428700582326e+00  7.879915952682495117e+00
1.586037315428256989e-02  -1.254030052815572560e+00  1.647563934326171875e+00  -1.978538338338033498e+00  -1.570506874714986623e+00  -3.122909609471456349e+00  7.912575960159301758e+00
-1.496154466737920075e-02  -1.185413662587301076e+00  1.579847335815429688e+00  -1.965143028889791310e+00  -1.570710961018697560e+00  -3.156494204198018849e+00  8.727315902709960938e+00
-1.492530504335576325e-02  -1.185521427785054982e+00  1.579883575439453125e+00  -1.965131107960836232e+00  -1.570854489003316701e+00  -3.156482283269063771e+00  8.777107954025268555e+00
-1.491338411440068512e-02  -1.185509506856099904e+00  1.579967498779296875e+00  -1.965131107960836232e+00  -1.570770565663472951e+00  -3.156494204198018849e+00  8.809482097625732422e+00
-1.498538652528935700e-02  -1.186539951954976857e+00  1.581117153167724609e+00  -1.965347115193502248e+00  -1.570650879536763966e+00  -3.156566206608907521e+00  8.839876890182495117e+00
-1.527291933168584137e-02  -1.189692322407857716e+00  1.584590911865234375e+00  -1.965814892445699513e+00  -1.570794884358541310e+00  -3.156841818486348927e+00  8.877840042114257812e+00
-1.618415514101201325e-02  -1.197038952504293263e+00  1.592712402343750000e+00  -1.966810528432027638e+00  -1.570566956196920216e+00  -3.157656256352559865e+00  8.916109085083007812e+00
-1.769429842104131012e-02  -1.207873646412984669e+00  1.604835033416748047e+00  -1.968333069478170216e+00  -1.570506874714986623e+00  -3.159070078526632130e+00  8.951175928115844727e+00
-1.916915575136357575e-02  -1.218540493641988576e+00  1.617148876190185547e+00  -1.969904247914449513e+00  -1.570183579121724904e+00  -3.160399977360860646e+00  8.989728927612304688e+00
-2.081138292421513825e-02  -1.230849568043844044e+00  1.631176471710205078e+00  -1.971751038228170216e+00  -1.569955650960103810e+00  -3.161778036748067677e+00  9.022739887237548828e+00
-2.261001268495732575e-02  -1.244704548512594044e+00  1.647228240966796875e+00  -1.973813358937398732e+00  -1.569847408925191701e+00  -3.163455073033468068e+00  9.054738998413085938e+00
-2.455169359316045075e-02  -1.259614769612447560e+00  1.664657592773437500e+00  -1.975888077412740529e+00  -1.569727722798482716e+00  -3.165180508290426076e+00  9.082473039627075195e+00
-2.657777467836552887e-02  -1.275651756917135060e+00  1.683668136596679688e+00  -1.978394333516256154e+00  -1.569559876118795216e+00  -3.166905943547384084e+00  9.118493080139160156e+00
-2.927524248232060700e-02  -1.296638790761129201e+00  1.708848476409912109e+00  -1.981260124837056935e+00  -1.569020096455709279e+00  -3.169290367756978810e+00  9.151558876037597656e+00
-3.085786501039677887e-02  -1.309596363698140919e+00  1.724361419677734375e+00  -1.983166996632711232e+00  -1.569020096455709279e+00  -3.170775953923360646e+00  9.181442022323608398e+00
-3.305179277528935700e-02  -1.327047650014058888e+00  1.745708465576171875e+00  -1.985757176076070607e+00  -1.568876568471090138e+00  -3.172693077717916310e+00  9.210248947143554688e+00
-3.523332277406865387e-02  -1.344979588185445607e+00  1.767079353332519531e+00  -1.988347832356588185e+00  -1.568672959004537404e+00  -3.174694124852315724e+00  9.240813016891479492e+00
-3.741532961000615387e-02  -1.363079373036519826e+00  1.789205551147460938e+00  -1.990938011799947560e+00  -1.568672959004537404e+00  -3.176730696355001271e+00  9.272150993347167969e+00
-3.956109682192021637e-02  -1.381573979054586232e+00  1.811463356018066406e+00  -1.993647877370015919e+00  -1.568804566060201466e+00  -3.178671662007467091e+00  9.307080030441284180e+00
-4.173070589174443512e-02  -1.400214020405904591e+00  1.833697319030761719e+00  -1.996321980153219044e+00  -1.568517033253804982e+00  -3.180660788212911427e+00  9.338254928588867188e+00
-4.388887086977177887e-02  -1.418817345296041310e+00  1.855895519256591797e+00  -1.998924080525533498e+00  -1.568552796040670216e+00  -3.182650152836934865e+00  9.367634057998657227e+00
-4.598695436586552887e-02  -1.437277142201558888e+00  1.877746582031250000e+00  -2.001645867024556935e+00  -1.568636719380513966e+00  -3.184602800999776662e+00  9.402482032775878906e+00
-4.792863527406865387e-02  -1.454946819935933888e+00  1.899046897888183594e+00  -2.004128758107320607e+00  -1.568480793629781544e+00  -3.186519924794332326e+00  9.437432050704956055e+00
-4.985887209047490387e-02  -1.472388569508687794e+00  1.919472694396972656e+00  -2.006670776997701466e+00  -1.568421188985006154e+00  -3.188317124043599904e+00  9.467195034027099609e+00
-5.172950426210576325e-02  -1.488966766987935841e+00  1.938880443572998047e+00  -2.009128872548238576e+00  -1.568589035664693654e+00  -3.190102402363912404e+00  9.502449989318847656e+00
-5.393535295595341950e-02  -1.508506600056783498e+00  1.961786270141601562e+00  -2.011971298848287404e+00  -1.568456951771871388e+00  -3.192151371632711232e+00  9.541725873947143555e+00
-5.853921571840459137e-02  -1.551219288502828419e+00  2.010677814483642578e+00  -2.018398586903707326e+00  -1.568349186574117482e+00  -3.196752134953634084e+00  9.638256072998046875e+00
-5.990535417665654450e-02  -1.563926998768941701e+00  2.025221824645996094e+00  -2.020365540181295216e+00  -1.568361107503072560e+00  -3.198154036198751271e+00  9.667006015777587891e+00
-6.114036241640263825e-02  -1.575962845479146779e+00  2.038783550262451172e+00  -2.022271458302633107e+00  -1.568337265645162404e+00  -3.199495855961934865e+00  9.701709032058715820e+00
-6.256705919374638825e-02  -1.589725796376363576e+00  2.054107189178466797e+00  -2.024358574544088185e+00  -1.568696800862447560e+00  -3.200969521199361623e+00  9.737096071243286133e+00
-6.364566484560185700e-02  -1.599532429371969044e+00  2.065129280090332031e+00  -2.025941197072164357e+00  -1.568924252186910451e+00  -3.202096048985616505e+00  9.772268056869506836e+00
-6.477290788759404450e-02  -1.610765282307760060e+00  2.077541351318359375e+00  -2.027704064046041310e+00  -1.569236580525533498e+00  -3.203378025685445607e+00  9.810271978378295898e+00
-6.577951112856084137e-02  -1.620715920125142873e+00  2.088599681854248047e+00  -2.029334847127095998e+00  -1.569559876118795216e+00  -3.204432312642232716e+00  9.848520994186401367e+00
-6.651097932924443512e-02  -1.627981011067525685e+00  2.096518516540527344e+00  -2.030581776295797169e+00  -1.569811646138326466e+00  -3.205318991337911427e+00  9.884922027587890625e+00
-7.411128679384404450e-02  -1.698379341756002248e+00  2.170609474182128906e+00  -2.043173138295308888e+00  -1.570854489003316701e+00  -3.215706650410787404e+00  1.069599795341491699e+01
-7.414752641786748200e-02  -1.698330704365865529e+00  2.170513629913330078e+00  -2.043113056813375294e+00  -1.570842568074361623e+00  -3.215754810963765919e+00  1.075148797035217285e+01
-7.414752641786748200e-02  -1.698306862507955373e+00  2.170561313629150391e+00  -2.043076817189351857e+00  -1.570806805287496388e+00  -3.215622965489522755e+00  1.078155589103698730e+01
-7.417136827577763825e-02  -1.697755638753072560e+00  2.169938564300537109e+00  -2.043029133473531544e+00  -1.570842568074361623e+00  -3.215814654027120412e+00  1.080907487869262695e+01
-7.466346422304326325e-02  -1.695633713399068654e+00  2.167757987976074219e+00  -2.042897049580709279e+00  -1.570746723805562794e+00  -3.216245953236715138e+00  1.084257388114929199e+01
-7.598191896547490387e-02  -1.690046612416402638e+00  2.162043094635009766e+00  -2.042753521596090138e+00  -1.570902649556295216e+00  -3.217599932347432912e+00  1.087987089157104492e+01
-7.805568376650029450e-02  -1.681678597127095998e+00  2.153284549713134766e+00  -2.042453591023580373e+00  -1.571142498646871388e+00  -3.219720665608541310e+00  1.092316102981567383e+01
-8.003408113588506012e-02  -1.672998253499166310e+00  2.144262313842773438e+00  -2.042070213948385060e+00  -1.571190659199849904e+00  -3.221877161656514943e+00  1.095880699157714844e+01
-8.245546022524052887e-02  -1.662855927144185841e+00  2.133635520935058594e+00  -2.041614357625142873e+00  -1.571070496235982716e+00  -3.224297587071554005e+00  1.098781800270080566e+01
-8.505708376039677887e-02  -1.651334587727681935e+00  2.121499061584472656e+00  -2.041026417409078419e+00  -1.570998493825094044e+00  -3.227041308079854787e+00  1.101899600028991699e+01
-8.776647249330693512e-02  -1.638674561177388966e+00  2.108068466186523438e+00  -2.040642563496724904e+00  -1.571070496235982716e+00  -3.229881111775533498e+00  1.105117607116699219e+01
-9.071571031679326325e-02  -1.624887768422262013e+00  2.093595504760742188e+00  -2.040150944386617482e+00  -1.571190659199849904e+00  -3.232864681874410451e+00  1.108397293090820312e+01
-9.444362321962529450e-02  -1.607168499623433888e+00  2.074450492858886719e+00  -2.039347473775045216e+00  -1.570914570485250294e+00  -3.236590687428609669e+00  1.111991500854492188e+01
-9.742910066713506012e-02  -1.592638794575826466e+00  2.058839321136474609e+00  -2.038568321858541310e+00  -1.570818726216451466e+00  -3.239514176045553029e+00  1.115207195281982422e+01
-1.004379431353967789e-01  -1.577905003224508107e+00  2.042941093444824219e+00  -2.037716690693990529e+00  -1.570806805287496388e+00  -3.242389980946676076e+00  1.118364095687866211e+01
-1.026437918292444351e-01  -1.566863838826314748e+00  2.031200408935546875e+00  -2.037164990101949513e+00  -1.570722881947652638e+00  -3.244570318852559865e+00  1.120940804481506348e+01
-1.055815855609338882e-01  -1.552585903798238576e+00  2.015577316284179688e+00  -2.036445442830220998e+00  -1.570782486592428029e+00  -3.247446123753682912e+00  1.123960709571838379e+01
-1.084464232074182632e-01  -1.538284603749410451e+00  2.000362873077392578e+00  -2.035630528126851857e+00  -1.570662800465719044e+00  -3.250249687825338185e+00  1.127404808998107910e+01
-1.111796537982385757e-01  -1.524485890065328419e+00  1.985495090484619141e+00  -2.034922901784078419e+00  -1.570543114339010060e+00  -3.252969566975728810e+00  1.130582904815673828e+01
-1.138775984393518570e-01  -1.511143986378804982e+00  1.971298217773437500e+00  -2.034251515065328419e+00  -1.570590798054830373e+00  -3.255533758793966115e+00  1.134147906303405762e+01
-1.170781294452112320e-01  -1.495248142872945607e+00  1.954214572906494141e+00  -2.033519570027486623e+00  -1.570578877125875294e+00  -3.258540932332174123e+00  1.137694787979125977e+01
-1.194518248187463882e-01  -1.483308617268697560e+00  1.941576004028320312e+00  -2.032836262379781544e+00  -1.570734802876607716e+00  -3.260877195988790334e+00  1.140987300872802734e+01
-1.216695944415491226e-01  -1.472076718007222951e+00  1.929835319519042969e+00  -2.032272640858785451e+00  -1.570866409932271779e+00  -3.262938086186544240e+00  1.144087195396423340e+01
-1.241877714740198257e-01  -1.459453884755269826e+00  1.916345596313476562e+00  -2.031625572835103810e+00  -1.570758644734517873e+00  -3.265286509190694630e+00  1.148145008087158203e+01
-1.259854475604456070e-01  -1.450032059346334279e+00  1.906546115875244141e+00  -2.031073872243062794e+00  -1.570770565663472951e+00  -3.267071549092428029e+00  1.151756906509399414e+01
-1.280234495746057632e-01  -1.439459149037496388e+00  1.895369052886962891e+00  -2.030594174061910451e+00  -1.570543114339010060e+00  -3.269084517155782521e+00  1.155329203605651855e+01
-1.297381559955042007e-01  -1.430157009755269826e+00  1.885557651519775391e+00  -2.030281845723287404e+00  -1.570494953786031544e+00  -3.270809952412740529e+00  1.159449696540832520e+01
-1.314047018634241226e-01  -1.421407047902242482e+00  1.876644134521484375e+00  -2.029838387166158498e+00  -1.570555035267965138e+00  -3.272475306187764943e+00  1.163469195365905762e+01
-1.456230322467249039e-01  -1.355503384266988576e+00  1.809534549713134766e+00  -2.024766270314351857e+00  -1.570950333272115529e+00  -3.287260119115011037e+00  1.244640898704528809e+01
-1.455872694598596695e-01  -1.355551067982808888e+00  1.809666156768798828e+00  -2.024814430867330373e+00  -1.570734802876607716e+00  -3.287128273640767873e+00  1.249255490303039551e+01
-1.455753485309045914e-01  -1.355599228535787404e+00  1.809678077697753906e+00  -2.024957958851949513e+00  -1.570806805287496388e+00  -3.287116352711812794e+00  1.251966404914855957e+01
-1.455753485309045914e-01  -1.355886761342183888e+00  1.810025691986083984e+00  -2.024778191243306935e+00  -1.570722881947652638e+00  -3.287152115498678029e+00  1.254846286773681641e+01
-1.455510298358362320e-01  -1.358056370412008107e+00  1.811846256256103516e+00  -2.024586502705709279e+00  -1.570770565663472951e+00  -3.287032429371969044e+00  1.257989406585693359e+01
-1.455634276019495132e-01  -1.364409748707906544e+00  1.817261219024658203e+00  -2.023938481007711232e+00  -1.570699040089742482e+00  -3.287116352711812794e+00  1.261946201324462891e+01
-1.454914251910608414e-01  -1.377235237752095998e+00  1.828330516815185547e+00  -2.022679630910054982e+00  -1.570770565663472951e+00  -3.286888662968770802e+00  1.266469907760620117e+01
-1.454914251910608414e-01  -1.392014805470601857e+00  1.841076850891113281e+00  -2.020988766347066701e+00  -1.570590798054830373e+00  -3.286672894154683888e+00  1.270452904701232910e+01
-1.454671064959924820e-01  -1.406015221272603810e+00  1.853092193603515625e+00  -2.019525829945699513e+00  -1.570459190999166310e+00  -3.286529127751485646e+00  1.273648595809936523e+01
-1.454427878009241226e-01  -1.421706501637594044e+00  1.866665363311767578e+00  -2.017882649098531544e+00  -1.570327107106344044e+00  -3.286217753087179005e+00  1.276711297035217285e+01
-1.453712622271936539e-01  -1.439075295125142873e+00  1.881520271301269531e+00  -2.016264263783590138e+00  -1.570087258015767873e+00  -3.285918299351827443e+00  1.279924297332763672e+01
-1.453712622271936539e-01  -1.457811657582418263e+00  1.897728919982910156e+00  -2.014344994221822560e+00  -1.569787804280416310e+00  -3.285462919865743459e+00  1.283504796028137207e+01
-1.453231016742151382e-01  -1.477590862904683888e+00  1.914884090423583984e+00  -2.012534920369283498e+00  -1.569799725209371388e+00  -3.285007301961080373e+00  1.286840486526489258e+01
-1.452754179583948257e-01  -1.498449150715963185e+00  1.932806491851806641e+00  -2.010628048573629201e+00  -1.569907490407125294e+00  -3.284492556248800099e+00  1.289794802665710449e+01
-1.452153364764612320e-01  -1.519595448170797169e+00  1.951111793518066406e+00  -2.008541409169332326e+00  -1.569871727620260060e+00  -3.283917252217428029e+00  1.293147301673889160e+01
-1.451914946185510757e-01  -1.546580139790670216e+00  1.974568843841552734e+00  -2.005999390278951466e+00  -1.569787804280416310e+00  -3.283353869115011037e+00  1.297110795974731445e+01
-1.451194922076624039e-01  -1.568110767995015919e+00  1.993150234222412109e+00  -2.004008595143453419e+00  -1.569643799458638966e+00  -3.282910887395040334e+00  1.300313305854797363e+01
-1.451194922076624039e-01  -1.589665714894429982e+00  2.011959552764892578e+00  -2.001862351094381154e+00  -1.569608036671773732e+00  -3.282503430043355763e+00  1.303428292274475098e+01
-1.450474897967737320e-01  -1.611040894185201466e+00  2.030828952789306641e+00  -1.999787632619039357e+00  -1.569871727620260060e+00  -3.282275740300313771e+00  1.306976294517517090e+01
-1.450594107257288101e-01  -1.632620159779683888e+00  2.049674034118652344e+00  -1.997772995625631154e+00  -1.570243660603658498e+00  -3.282012049351827443e+00  1.309875488281250000e+01
-1.449998060809534195e-01  -1.659163300191060841e+00  2.073132514953613281e+00  -1.995098892842428029e+00  -1.570267502461568654e+00  -3.281772438679830373e+00  1.313943600654602051e+01
-1.449754873858850601e-01  -1.685155216847554982e+00  2.096183300018310547e+00  -1.992556873952047169e+00  -1.570351425801412404e+00  -3.281496826802388966e+00  1.317499399185180664e+01
-1.449158827411096695e-01  -1.700260941182271779e+00  2.109577655792236328e+00  -1.991141621266500294e+00  -1.570674721394674123e+00  -3.281389300023214162e+00  1.320338702201843262e+01
-1.448915640460413101e-01  -1.724287811909810841e+00  2.130999565124511719e+00  -1.988791290913717091e+00  -1.570830647145406544e+00  -3.281269375477926076e+00  1.324022388458251953e+01
-1.448200384723108414e-01  -1.746923748646871388e+00  2.151235580444335938e+00  -1.986584965382711232e+00  -1.571058575307027638e+00  -3.281149689351217091e+00  1.328614091873168945e+01
-1.448076407061975601e-01  -1.772497002278463185e+00  2.173987865447998047e+00  -1.984030548726217091e+00  -1.571106735860006154e+00  -3.281173531209127248e+00  1.332956790924072266e+01
-1.447837988482874039e-01  -1.792471710835592091e+00  2.191983699798583984e+00  -1.981955830250875294e+00  -1.571118656788961232e+00  -3.281185452138082326e+00  1.336905908584594727e+01
-1.447718779193323257e-01  -1.807519261037008107e+00  2.205451011657714844e+00  -1.980409447346822560e+00  -1.571142498646871388e+00  -3.281149689351217091e+00  1.340318894386291504e+01
-1.447361151324670914e-01  -1.821690861378804982e+00  2.218439102172851562e+00  -1.978957955037252248e+00  -1.571166817341939748e+00  -3.281161610280172169e+00  1.343750286102294922e+01
-1.447117964373987320e-01  -1.835191551839010060e+00  2.230576038360595703e+00  -1.977578941975728810e+00  -1.571178738270894826e+00  -3.281257454548970998e+00  1.346641993522644043e+01
-1.447237173663538101e-01  -1.847721401845113576e+00  2.241970539093017578e+00  -1.976116005574361623e+00  -1.571190659199849904e+00  -3.281401220952169240e+00  1.349509692192077637e+01
-1.447361151324670914e-01  -1.859243694935933888e+00  2.252622604370117188e+00  -1.974856678639547169e+00  -1.571190659199849904e+00  -3.281520668660299123e+00  1.353334403038024902e+01
-1.447237173663538101e-01  -1.872300926839010060e+00  2.264604091644287109e+00  -1.973321739827291310e+00  -1.571166817341939748e+00  -3.281700436268941701e+00  1.357187008857727051e+01
-1.447117964373987320e-01  -1.884039703999654591e+00  2.275459289550781250e+00  -1.971942726765767873e+00  -1.571142498646871388e+00  -3.281940285359517873e+00  1.360926198959350586e+01
-1.446760336505334976e-01  -1.894375149403707326e+00  2.284996986389160156e+00  -1.970803562794820607e+00  -1.571106735860006154e+00  -3.282179896031514943e+00  1.364982390403747559e+01
-1.446521917926233414e-01  -1.902001206074849904e+00  2.291946411132812500e+00  -1.969928089772359669e+00  -1.571118656788961232e+00  -3.282383505498067677e+00  1.368081998825073242e+01
-1.447361151324670914e-01  -1.974100414906637013e+00  2.360400199890136719e+00  -1.957001034413472951e+00  -1.570746723805562794e+00  -3.286385122929708302e+00  1.449331688880920410e+01
-1.447361151324670914e-01  -1.973992649708883107e+00  2.360328435897827148e+00  -1.957096878682271779e+00  -1.570782486592428029e+00  -3.286301676427022755e+00  1.454380798339843750e+01
-1.447599569903772476e-01  -1.973968331013814748e+00  2.360340356826782227e+00  -1.957145039235250294e+00  -1.570854489003316701e+00  -3.286349360142843068e+00  1.457182908058166504e+01
-1.447117964373987320e-01  -1.973296944295064748e+00  2.359621286392211914e+00  -1.957168881093160451e+00  -1.570842568074361623e+00  -3.286265675221578419e+00  1.460166692733764648e+01
-1.446521917926233414e-01  -1.970299545918599904e+00  2.356673479080200195e+00  -1.957240883504049123e+00  -1.570627037678853810e+00  -3.286229912434713185e+00  1.463524603843688965e+01
-1.445682684527795914e-01  -1.962241474782125294e+00  2.348884820938110352e+00  -1.957361046467916310e+00  -1.570590798054830373e+00  -3.286085907612935841e+00  1.467600297927856445e+01
-1.442082563983362320e-01  -1.949687306080953419e+00  2.336567401885986328e+00  -1.957612816487447560e+00  -1.570315186177388966e+00  -3.285654608403341115e+00  1.471511697769165039e+01
-1.438968817340295914e-01  -1.936605278645650685e+00  2.323842287063598633e+00  -1.958020512257711232e+00  -1.570015255604879201e+00  -3.285175148640767873e+00  1.474943590164184570e+01
-1.433933416949670914e-01  -1.916953388844625294e+00  2.304671049118041992e+00  -1.958799664174215138e+00  -1.569596115742818654e+00  -3.284576241170064748e+00  1.478403401374816895e+01
-1.429613272296350601e-01  -1.898859802876607716e+00  2.287093877792358398e+00  -1.959638897572652638e+00  -1.569320027028219044e+00  -3.283773485814229787e+00  1.481837201118469238e+01
-1.425178686725061539e-01  -1.878847901021138966e+00  2.267359733581542969e+00  -1.960346523915426076e+00  -1.569104019795553029e+00  -3.283006731663839162e+00  1.485313987731933594e+01
-1.420505682574670914e-01  -1.857061688099996388e+00  2.246092319488525391e+00  -1.961078468953267873e+00  -1.568804566060201466e+00  -3.282036129628316701e+00  1.488457107543945312e+01
-1.415351072894495132e-01  -1.833704773579732716e+00  2.223447322845458984e+00  -1.961833779011861623e+00  -1.568720642720357716e+00  -3.281041685734884084e+00  1.491574406623840332e+01
-1.410310904132288101e-01  -1.809293572102681935e+00  2.199471950531005859e+00  -1.962577644978658498e+00  -1.568528954182760060e+00  -3.280035082493917287e+00  1.494763708114624023e+01
-1.404917875873010757e-01  -1.784091297780172169e+00  2.174755096435546875e+00  -1.963368240986959279e+00  -1.568384949360982716e+00  -3.279160563145772755e+00  1.498169589042663574e+01
-1.399281660663049820e-01  -1.758397404347554982e+00  2.149630546569824219e+00  -1.964232269917623341e+00  -1.568480793629781544e+00  -3.278106276188985646e+00  1.501294803619384766e+01
-1.393411795245569351e-01  -1.732476059590474904e+00  2.124230384826660156e+00  -1.964963261281148732e+00  -1.568612877522603810e+00  -3.277243439351217091e+00  1.504150795936584473e+01
-1.387775580035608414e-01  -1.706567589436666310e+00  2.098819255828857422e+00  -1.965802971516744435e+00  -1.568505112324849904e+00  -3.276273075734273732e+00  1.507502698898315430e+01
-1.383455435382288101e-01  -1.687073532735006154e+00  2.079710006713867188e+00  -1.966498676930562794e+00  -1.568708721791402638e+00  -3.275685850773946584e+00  1.510246491432189941e+01
-1.377347151385706070e-01  -1.661429230366842091e+00  2.054622173309326172e+00  -1.967230145131246388e+00  -1.568576637898580373e+00  -3.274727646504537404e+00  1.513235306739807129e+01
-1.370871702777307632e-01  -1.629731003438131154e+00  2.023472785949707031e+00  -1.968224827443258107e+00  -1.568624798451558888e+00  -3.273720804844991505e+00  1.516723704338073730e+01
-1.365836302386682632e-01  -1.604926411305562794e+00  1.999284267425537109e+00  -1.968788925801412404e+00  -1.568480793629781544e+00  -3.272930685673848927e+00  1.520035099983215332e+01
-1.360557715045374039e-01  -1.580866161976949513e+00  1.975635051727294922e+00  -1.969520394002095998e+00  -1.568456951771871388e+00  -3.272247616444722951e+00  1.523572993278503418e+01
-1.355407873736780289e-01  -1.556997601185933888e+00  1.952214241027832031e+00  -1.970107857381002248e+00  -1.568312946950094044e+00  -3.271529022847310841e+00  1.526774406433105469e+01
-1.350973288165491226e-01  -1.533609215413228810e+00  1.929284095764160156e+00  -1.970635716115133107e+00  -1.568025414143697560e+00  -3.270941797886983693e+00  1.529708504676818848e+01
-1.346057097064417007e-01  -1.510904137288228810e+00  1.906965732574462891e+00  -1.971259419118062794e+00  -1.567605797444478810e+00  -3.270366493855611623e+00  1.533335399627685547e+01
-1.340420881854456070e-01  -1.483620945607320607e+00  1.880142688751220703e+00  -1.971894566212789357e+00  -1.567066017781392873e+00  -3.269791666661397755e+00  1.537072300910949707e+01
-1.334903875934045914e-01  -1.457547966633931935e+00  1.854650020599365234e+00  -1.972470108662740529e+00  -1.566994015370504201e+00  -3.269384209309713185e+00  1.541343498229980469e+01
-1.329873243915002945e-01  -1.432962242756978810e+00  1.830511093139648438e+00  -1.972937885914937794e+00  -1.567054096852437794e+00  -3.269132439290181935e+00  1.545197606086730957e+01
-1.327236334430139664e-01  -1.414514366780416310e+00  1.812121868133544922e+00  -1.973381821309224904e+00  -1.566874329243795216e+00  -3.268784825001851857e+00  1.548610496520996094e+01
-1.323755423175256851e-01  -1.396905247365133107e+00  1.794907569885253906e+00  -1.973729435597554982e+00  -1.566838566456929982e+00  -3.268473688756124318e+00  1.551833701133728027e+01
-1.320636908160608414e-01  -1.380387608204976857e+00  1.778759479522705078e+00  -1.973945442830220998e+00  -1.567042175923482716e+00  -3.268221918736593068e+00  1.554649090766906738e+01
-1.317642370807092789e-01  -1.361173454915181935e+00  1.759927749633789062e+00  -1.974149529133931935e+00  -1.566958252583638966e+00  -3.268030230198995412e+00  1.559059596061706543e+01
-1.313927809344690445e-01  -1.340173069630758107e+00  1.739335536956787109e+00  -1.974425141011373341e+00  -1.567089859639303029e+00  -3.267682615910665334e+00  1.563789987564086914e+01
-1.311290899859827164e-01  -1.324446980153219044e+00  1.724061965942382812e+00  -1.974629227315084279e+00  -1.567149941121236623e+00  -3.267610851918355763e+00  1.567256999015808105e+01
-1.308534781085413101e-01  -1.310878578816549123e+00  1.710381984710693359e+00  -1.974676911030904591e+00  -1.567233864461080373e+00  -3.267526928578512013e+00  1.571432399749755859e+01
-1.306617895709436539e-01  -1.298209492360250294e+00  1.698150634765625000e+00  -1.974797073994771779e+00  -1.567533795033590138e+00  -3.267383162175313771e+00  1.575522589683532715e+01
-1.304214636432092789e-01  -1.287014309559957326e+00  1.687381744384765625e+00  -1.974785153065816701e+00  -1.567821327839986623e+00  -3.267311159764425099e+00  1.579316091537475586e+01
-1.303013006793420914e-01  -1.277342144642965138e+00  1.677786827087402344e+00  -1.974808994923726857e+00  -1.568384949360982716e+00  -3.267490927373067677e+00  1.583298897743225098e+01
-1.300976912127893570e-01  -1.268472496663228810e+00  1.668874263763427734e+00  -1.974808994923726857e+00  -1.568720642720357716e+00  -3.267646853123800099e+00  1.587341904640197754e+01
-1.288030783282678726e-01  -1.201509777699605763e+00  1.602870464324951172e+00  -1.972038571034566701e+00  -1.570770565663472951e+00  -3.270546261464254201e+00  1.667995500564575195e+01
-1.288030783282678726e-01  -1.201581780110494435e+00  1.603002548217773438e+00  -1.972146336232320607e+00  -1.570686642323629201e+00  -3.270486179982320607e+00  1.671879005432128906e+01
-1.288030783282678726e-01  -1.201653782521383107e+00  1.603062629699707031e+00  -1.972242180501119435e+00  -1.570806805287496388e+00  -3.270462338124410451e+00  1.675046086311340332e+01
-1.290667692767542007e-01  -1.202133003865377248e+00  1.603577136993408203e+00  -1.972146336232320607e+00  -1.570782486592428029e+00  -3.270606104527608693e+00  1.678177595138549805e+01
-1.305535475360315445e-01  -1.204841438923970998e+00  1.606547832489013672e+00  -1.972362343464986623e+00  -1.570998493825094044e+00  -3.272151772175924123e+00  1.681713604927062988e+01
-1.341016928302209976e-01  -1.210462395344869435e+00  1.612297534942626953e+00  -1.972722355519429982e+00  -1.570998493825094044e+00  -3.275506083165304005e+00  1.685556101799011230e+01
-1.390536467181604507e-01  -1.218288723622457326e+00  1.620695114135742188e+00  -1.973633591328756154e+00  -1.570638958607808888e+00  -3.280322615300313771e+00  1.689504504203796387e+01
-1.452510992633264664e-01  -1.228236977254049123e+00  1.631140232086181641e+00  -1.975012604390279591e+00  -1.570411030446187794e+00  -3.286265675221578419e+00  1.694097304344177246e+01
-1.526845137225549820e-01  -1.240222279225484669e+00  1.643981933593750000e+00  -1.976871315632955373e+00  -1.570255581532613576e+00  -3.293274704610006154e+00  1.698222708702087402e+01
-1.610525290118616226e-01  -1.253946129475728810e+00  1.658560752868652344e+00  -1.979018036519185841e+00  -1.570099178944722951e+00  -3.301218334828512013e+00  1.701982688903808594e+01
-1.699836889850061539e-01  -1.269263569508687794e+00  1.674767971038818359e+00  -1.981308285390035451e+00  -1.569739643727437794e+00  -3.309916559849874318e+00  1.705445790290832520e+01
-1.775725523578088882e-01  -1.282172505055562794e+00  1.688879013061523438e+00  -1.983430687581197560e+00  -1.569475952778951466e+00  -3.317261044179097951e+00  1.708889794349670410e+01
-1.856172720538538101e-01  -1.295919720326558888e+00  1.703577518463134766e+00  -1.985697094594137013e+00  -1.569284264241353810e+00  -3.324725691472188771e+00  1.712267208099365234e+01
-1.938055197345178726e-01  -1.310051743184224904e+00  1.718935012817382812e+00  -1.987915817891256154e+00  -1.569188419972554982e+00  -3.332393471394674123e+00  1.715790796279907227e+01
-2.040670553790491226e-01  -1.328294102345601857e+00  1.738772392272949219e+00  -1.990973774586812794e+00  -1.569152180348531544e+00  -3.342194382344381154e+00  1.719199991226196289e+01
-2.124593893634241226e-01  -1.343133751546041310e+00  1.755027770996093750e+00  -1.993311707173482716e+00  -1.568960491810933888e+00  -3.350005690251485646e+00  1.722886705398559570e+01
-2.250598112689417007e-01  -1.365632359181539357e+00  1.779753684997558594e+00  -1.996921841298238576e+00  -1.568840328847066701e+00  -3.361735645924703419e+00  1.727510595321655273e+01
-2.331879774676721695e-01  -1.380543057118551076e+00  1.796429157257080078e+00  -1.999356094990865529e+00  -1.568696800862447560e+00  -3.369571034108297169e+00  1.730662608146667480e+01
-2.412684599505823257e-01  -1.395610634480611623e+00  1.813164234161376953e+00  -2.001682106648580373e+00  -1.568384949360982716e+00  -3.377347056065694630e+00  1.734051108360290527e+01
-2.513869444476526382e-01  -1.413975063954488576e+00  1.833841323852539062e+00  -2.004608456288472951e+00  -1.567965332661763966e+00  -3.386872116719381154e+00  1.737971186637878418e+01
-2.590363661395471695e-01  -1.428407017384664357e+00  1.850205421447753906e+00  -2.006814781819478810e+00  -1.567785565053121388e+00  -3.394120518361226857e+00  1.741116690635681152e+01
-2.681954542743127945e-01  -1.446160141621724904e+00  1.870522499084472656e+00  -2.009692494069234669e+00  -1.567797485982076466e+00  -3.403070751820699513e+00  1.744739603996276855e+01
-2.754843870746057632e-01  -1.460388962422506154e+00  1.886001110076904297e+00  -2.011911217366353810e+00  -1.567749802266256154e+00  -3.410091225300924123e+00  1.748055386543273926e+01
-2.825577894793909195e-01  -1.473851029072896779e+00  1.902209758758544922e+00  -2.014069382344381154e+00  -1.567809406911031544e+00  -3.416729036961690724e+00  1.751141905784606934e+01
-2.875574270831506851e-01  -1.484040085469381154e+00  1.913841724395751953e+00  -2.015736405049459279e+00  -1.568049256001607716e+00  -3.421641174946920216e+00  1.754094195365905762e+01
-2.954576651202600601e-01  -1.500247303639547169e+00  1.932686805725097656e+00  -2.018122498189107716e+00  -1.567881409321920216e+00  -3.429584805165426076e+00  1.757617187500000000e+01
-3.028791586505334976e-01  -1.515855137501851857e+00  1.950476646423339844e+00  -2.020725075398580373e+00  -1.567905251179830373e+00  -3.437012974415914357e+00  1.761701393127441406e+01
-3.085616270648401382e-01  -1.527459446583883107e+00  1.964265823364257812e+00  -2.022583786641256154e+00  -1.567965332661763966e+00  -3.442620102559224904e+00  1.765410900115966797e+01
-3.151314894305627945e-01  -1.541341129933492482e+00  1.980391502380371094e+00  -2.024778191243306935e+00  -1.567989174519674123e+00  -3.449197594319478810e+00  1.769265890121459961e+01
-3.211019674884241226e-01  -1.554336373006002248e+00  1.995858192443847656e+00  -2.026936356221334279e+00  -1.568157021199361623e+00  -3.455380026494161427e+00  1.772940492630004883e+01
-3.266533056842249039e-01  -1.566504303609029591e+00  2.010570049285888672e+00  -2.028831307088033498e+00  -1.568205181752340138e+00  -3.461238924657003224e+00  1.777064895629882812e+01
-3.318083922015588882e-01  -1.578084770833150685e+00  2.024455070495605469e+00  -2.030641857777730763e+00  -1.568229023610250294e+00  -3.466702047978536427e+00  1.780664801597595215e+01
-3.357165495501917007e-01  -1.586668793355123341e+00  2.035010337829589844e+00  -2.032021347676412404e+00  -1.568240944539205373e+00  -3.470691744481221974e+00  1.784265398979187012e+01
-3.402121702777307632e-01  -1.596463028584615529e+00  2.047277927398681641e+00  -2.033603493367330373e+00  -1.568337265645162404e+00  -3.475388352070943654e+00  1.788181304931640625e+01
-3.434136549579065445e-01  -1.603763882313863576e+00  2.056371212005615234e+00  -2.034659210835592091e+00  -1.568349186574117482e+00  -3.478850666676656544e+00  1.791893005371093750e+01
-3.475855032550256851e-01  -1.613582436238424123e+00  2.068699359893798828e+00  -2.036181751881734669e+00  -1.568684879933492482e+00  -3.483547512684957326e+00  1.796064591407775879e+01
-3.506067434894006851e-01  -1.620643917714254201e+00  2.077876567840576172e+00  -2.037392918263570607e+00  -1.568780724202291310e+00  -3.486841980610982716e+00  1.800111699104309082e+01
-3.532684485064905289e-01  -1.627034012471334279e+00  2.086095809936523438e+00  -2.038268391286031544e+00  -1.568936173115865529e+00  -3.489837233220235646e+00  1.804148793220520020e+01
-3.552344481097620132e-01  -1.631661240254537404e+00  2.092181682586669922e+00  -2.039096180592672169e+00  -1.569200340901510060e+00  -3.492042128239766896e+00  1.807670998573303223e+01
-3.749321142779749039e-01  -1.679029289876119435e+00  2.153979301452636719e+00  -2.045931164418355763e+00  -1.570746723805562794e+00  -3.516458813344137013e+00  1.888395094871520996e+01
-3.748963514911096695e-01  -1.678993050252095998e+00  2.153943061828613281e+00  -2.045883003865377248e+00  -1.570866409932271779e+00  -3.516458813344137013e+00  1.893041992187500000e+01
-3.748844305621545914e-01  -1.678909126912252248e+00  2.153931140899658203e+00  -2.045811478291646779e+00  -1.570878807698385060e+00  -3.516435209904805959e+00  1.896420097351074219e+01
-3.747285048114221695e-01  -1.678597275410787404e+00  2.153500080108642578e+00  -2.045811478291646779e+00  -1.570818726216451466e+00  -3.516291443501607716e+00  1.899620699882507324e+01
-3.741410414325159195e-01  -1.677266899739400685e+00  2.151942729949951172e+00  -2.045655075703756154e+00  -1.570710961018697560e+00  -3.515752140675679982e+00  1.902992606163024902e+01
-3.724506537066858414e-01  -1.673034016286031544e+00  2.146946430206298828e+00  -2.045499149953023732e+00  -1.570986572896138966e+00  -3.514003101979390919e+00  1.907235407829284668e+01
-3.695252577411096695e-01  -1.666152779256002248e+00  2.138679981231689453e+00  -2.045151535664693654e+00  -1.570986572896138966e+00  -3.511019770299093068e+00  1.912042903900146484e+01
-3.671277205096643570e-01  -1.660242382680074513e+00  2.131778717041015625e+00  -2.044827286397115529e+00  -1.570794884358541310e+00  -3.508575503026143849e+00  1.915688204765319824e+01
-3.636625448810022476e-01  -1.651730362568990529e+00  2.121750354766845703e+00  -2.044371906911031544e+00  -1.570854489003316701e+00  -3.504969183598653615e+00  1.919116401672363281e+01
-3.606537024127405289e-01  -1.644105259572164357e+00  2.112740516662597656e+00  -2.044083897267476857e+00  -1.570806805287496388e+00  -3.501842085515157521e+00  1.922483897209167480e+01
-3.574164549456995132e-01  -1.635761086140767873e+00  2.103059768676757812e+00  -2.043640438710347951e+00  -1.570722881947652638e+00  -3.498379770909444630e+00  1.925927400588989258e+01
-3.530409971820276382e-01  -1.624468151723043263e+00  2.090109348297119141e+00  -2.042909447346822560e+00  -1.570543114339010060e+00  -3.493850771580831349e+00  1.929524588584899902e+01
-3.494318167315881851e-01  -1.615033451710836232e+00  2.079170703887939453e+00  -2.042441670094625294e+00  -1.570279423390523732e+00  -3.490064922963277638e+00  1.932834291458129883e+01
-3.456915060626428726e-01  -1.605238739644185841e+00  2.068004131317138672e+00  -2.041829888020650685e+00  -1.569967571889058888e+00  -3.486159149800435841e+00  1.936544895172119141e+01
-3.419626394854944351e-01  -1.595312420521871388e+00  2.056671142578125000e+00  -2.041086022053853810e+00  -1.569739643727437794e+00  -3.482181612645284474e+00  1.939571690559387207e+01
-3.381622473346155289e-01  -1.585182491933004201e+00  2.045217514038085938e+00  -2.040366951619283498e+00  -1.569368187581197560e+00  -3.478203598652974904e+00  1.942998003959655762e+01
-3.335588614093225601e-01  -1.572139088307515919e+00  2.030792713165283203e+00  -2.039395634328023732e+00  -1.569092098866597951e+00  -3.473339621220723927e+00  1.946661090850830078e+01
-3.299739996539514664e-01  -1.561816994343892873e+00  2.019147396087646484e+00  -2.038676087056295216e+00  -1.568804566060201466e+00  -3.469433848057882130e+00  1.950010108947753906e+01
-3.264129797564905289e-01  -1.551351372395650685e+00  2.007562637329101562e+00  -2.037896935139791310e+00  -1.568540875111715138e+00  -3.465683762227193654e+00  1.953229188919067383e+01
-3.228643576251428726e-01  -1.540885750447408498e+00  1.995917797088623047e+00  -2.037345234547750294e+00  -1.568312946950094044e+00  -3.462017361317769826e+00  1.956663894653320312e+01
-3.186324278460901382e-01  -1.527795139943258107e+00  1.981589794158935547e+00  -2.036613289509908498e+00  -1.567749802266256154e+00  -3.457572762166158498e+00  1.960176086425781250e+01
-3.144481817828577164e-01  -1.515111748372213185e+00  1.967632293701171875e+00  -2.035642449055806935e+00  -1.567701641713277638e+00  -3.453367058430806935e+00  1.963932299613952637e+01
-3.113191763507288101e-01  -1.505222145711080373e+00  1.956826210021972656e+00  -2.034922901784078419e+00  -1.567677799855367482e+00  -3.450251881276265919e+00  1.967041802406311035e+01
-3.084057013141077164e-01  -1.495847527180806935e+00  1.946559429168701172e+00  -2.034119431172506154e+00  -1.567593876515523732e+00  -3.447292868291036427e+00  1.971036100387573242e+01
-3.044379393206995132e-01  -1.482481781636373341e+00  1.932207107543945312e+00  -2.033171955739156544e+00  -1.567785565053121388e+00  -3.443291012440816701e+00  1.975394892692565918e+01
-3.019078413592737320e-01  -1.474078480397359669e+00  1.923102378845214844e+00  -2.032512966786519826e+00  -1.568025414143697560e+00  -3.440774981175557912e+00  1.978876495361328125e+01
-2.989586035357874039e-01  -1.463877026234762013e+00  1.912236690521240234e+00  -2.031853024159566701e+00  -1.568384949360982716e+00  -3.437840048466817677e+00  1.982266092300415039e+01
-2.968366781817834976e-01  -1.455989662800924123e+00  1.903946399688720703e+00  -2.031181637440816701e+00  -1.568624798451558888e+00  -3.435551468526021779e+00  1.985670495033264160e+01
-2.942355314837854507e-01  -1.446591679249898732e+00  1.894171237945556641e+00  -2.030557934437887013e+00  -1.568936173115865529e+00  -3.433142964039937794e+00  1.989542698860168457e+01
-2.919572035418909195e-01  -1.438080612813131154e+00  1.885270118713378906e+00  -2.029802147542135060e+00  -1.569260422383443654e+00  -3.430866781865255177e+00  1.993927597999572754e+01
-2.898471991168420914e-01  -1.430181328450338185e+00  1.877231597900390625e+00  -2.029118839894429982e+00  -1.569296185170308888e+00  -3.428889576588765919e+00  1.998008799552917480e+01
-2.879770437823694351e-01  -1.422917191182271779e+00  1.869827747344970703e+00  -2.028675381337301076e+00  -1.569212261830465138e+00  -3.427104775105611623e+00  2.001572299003601074e+01
-2.853754202472131851e-01  -1.412596050892965138e+00  1.859633445739746094e+00  -2.027955834065572560e+00  -1.569559876118795216e+00  -3.424696747456685841e+00  2.008148908615112305e+01
-2.843082586871545914e-01  -1.407981220875875294e+00  1.855069160461425781e+00  -2.027560059224263966e+00  -1.569596115742818654e+00  -3.423570219670430959e+00  2.011656904220581055e+01
-2.727635542498987320e-01  -1.354149166737691701e+00  1.807857513427734375e+00  -2.024514500294820607e+00  -1.570758644734517873e+00  -3.414285008107320607e+00  2.093792295455932617e+01
-2.727392355548303726e-01  -1.354184929524556935e+00  1.807929515838623047e+00  -2.024538342152730763e+00  -1.570734802876607716e+00  -3.414308849965230763e+00  2.099167799949645996e+01
-2.727873961078088882e-01  -1.354196850453512013e+00  1.807929515838623047e+00  -2.024442497883931935e+00  -1.570758644734517873e+00  -3.414296929036275685e+00  2.102179408073425293e+01
-2.731946150409143570e-01  -1.354772392903463185e+00  1.808636188507080078e+00  -2.024430100117818654e+00  -1.570686642323629201e+00  -3.414800230656759084e+00  2.105164599418640137e+01
-2.756884733783167007e-01  -1.358847920094625294e+00  1.812217712402343750e+00  -2.024070564900533498e+00  -1.570506874714986623e+00  -3.417232100163595021e+00  2.109284186363220215e+01
-2.811315695392053726e-01  -1.366986576710836232e+00  1.819716930389404297e+00  -2.023866478596822560e+00  -1.570674721394674123e+00  -3.422731701527730763e+00  2.113017106056213379e+01
-2.889717260943811539e-01  -1.378793541585103810e+00  1.830882072448730469e+00  -2.023183170949117482e+00  -1.570615116749898732e+00  -3.430926624928609669e+00  2.117019701004028320e+01
-2.987425963031213882e-01  -1.393908802662984669e+00  1.845030307769775391e+00  -2.022259537373678029e+00  -1.570494953786031544e+00  -3.441242281590596974e+00  2.120637893676757812e+01
-3.078783194171350601e-01  -1.407909218464986623e+00  1.857992172241210938e+00  -2.021468464528219044e+00  -1.570339504872457326e+00  -3.450443569813863576e+00  2.123896193504333496e+01
-3.179605642901819351e-01  -1.423504177724019826e+00  1.872463226318359375e+00  -2.020569149647847951e+00  -1.570111099873678029e+00  -3.460435930882589162e+00  2.127273797988891602e+01
-3.284395376788538101e-01  -1.440549675618306935e+00  1.887917518615722656e+00  -2.019621674214498341e+00  -1.569907490407125294e+00  -3.471075359974996388e+00  2.130589604377746582e+01
-3.398168722735803726e-01  -1.458998505269185841e+00  1.904785156250000000e+00  -2.018674198781148732e+00  -1.570075337086812794e+00  -3.482313458119527638e+00  2.133963799476623535e+01
-3.516858259784143570e-01  -1.478250328694478810e+00  1.922083854675292969e+00  -2.017546955739156544e+00  -1.570243660603658498e+00  -3.493563238774434865e+00  2.136938905715942383e+01
-3.666837851153772476e-01  -1.503316227589742482e+00  1.944571018218994141e+00  -2.016252342854635060e+00  -1.570243660603658498e+00  -3.508443657551900685e+00  2.140757107734680176e+01
-3.792246023761194351e-01  -1.524210278187887013e+00  1.963295459747314453e+00  -2.015016857777730763e+00  -1.570183579121724904e+00  -3.520400826131002248e+00  2.144153904914855957e+01
-3.915608564959924820e-01  -1.545465294514791310e+00  1.982344627380371094e+00  -2.013733688985006154e+00  -1.570171658192769826e+00  -3.532621447240011037e+00  2.147712492942810059e+01
-4.072545210467737320e-01  -1.572474304829732716e+00  2.006664276123046875e+00  -2.012186829243795216e+00  -1.570363346730367482e+00  -3.547405783330098927e+00  2.151237797737121582e+01
-4.194114843951624039e-01  -1.594173256550924123e+00  2.026012420654296875e+00  -2.010916058217183888e+00  -1.570339504872457326e+00  -3.559230868016378224e+00  2.154461789131164551e+01
-4.283788839923303726e-01  -1.610069576893941701e+00  2.040616989135742188e+00  -2.009908501301900685e+00  -1.570471111928121388e+00  -3.568049017583028615e+00  2.157206296920776367e+01
-4.403322378741663101e-01  -1.631313625966207326e+00  2.059606075286865234e+00  -2.008553330098287404e+00  -1.570363346730367482e+00  -3.579442564641134084e+00  2.160602807998657227e+01
-4.543474356280725601e-01  -1.656681839619771779e+00  2.082621097564697266e+00  -2.006850544606344044e+00  -1.570351425801412404e+00  -3.593244616185323537e+00  2.164077687263488770e+01
-4.679067770587366226e-01  -1.680767361317769826e+00  2.104605674743652344e+00  -2.005316082631246388e+00  -1.570375267659322560e+00  -3.606171909962789357e+00  2.167935895919799805e+01
-4.803636709796350601e-01  -1.703198734913961232e+00  2.125189304351806641e+00  -2.003696743641988576e+00  -1.570243660603658498e+00  -3.618296686802999318e+00  2.171954393386840820e+01
-4.895351568805139664e-01  -1.720091644917623341e+00  2.140668392181396484e+00  -2.002617661152974904e+00  -1.570135418568746388e+00  -3.627677981053487599e+00  2.175333404541015625e+01
-4.985149542437952164e-01  -1.736156765614644826e+00  2.155656337738037109e+00  -2.001430813466207326e+00  -1.569931332265035451e+00  -3.636315886174337209e+00  2.178950500488281250e+01
-5.088132063495081070e-01  -1.754944626485006154e+00  2.173089504241943359e+00  -2.000015560780660451e+00  -1.569475952778951466e+00  -3.646427694951192677e+00  2.182578206062316895e+01
-5.163667837726038101e-01  -1.768912140523092091e+00  2.186220645904541016e+00  -1.999080006276265919e+00  -1.569380108510152638e+00  -3.654059712086812794e+00  2.186114597320556641e+01
-5.268810431109827164e-01  -1.787927929555074513e+00  2.204072952270507812e+00  -1.997413460408345998e+00  -1.569260422383443654e+00  -3.664387051259176076e+00  2.190856790542602539e+01
-5.346983114825647476e-01  -1.801955525075094044e+00  2.217420101165771484e+00  -1.996321980153219044e+00  -1.569164101277486623e+00  -3.672126833592550099e+00  2.194823908805847168e+01
-5.426943937884729507e-01  -1.816535298024312794e+00  2.231486797332763672e+00  -1.995110813771383107e+00  -1.569524113331929982e+00  -3.680189434682027638e+00  2.199576497077941895e+01
-5.495999495135706070e-01  -1.829244915639058888e+00  2.243851661682128906e+00  -1.994175259266988576e+00  -1.569727722798482716e+00  -3.687114540730611623e+00  2.204273796081542969e+01
-5.548394362079065445e-01  -1.838776890431539357e+00  2.253089427947998047e+00  -1.993563954030172169e+00  -1.570063416157857716e+00  -3.692314211522237599e+00  2.208382892608642578e+01
-5.957220236407678726e-01  -1.909746472035543263e+00  2.323482751846313477e+00  -1.984594170247213185e+00  -1.570722881947652638e+00  -3.737350050603048146e+00  2.289510297775268555e+01
-5.956862608539026382e-01  -1.909686390553609669e+00  2.323423385620117188e+00  -1.984450165425435841e+00  -1.570627037678853810e+00  -3.737302128468648732e+00  2.294046497344970703e+01
-5.956743399249475601e-01  -1.909638706837789357e+00  2.323423385620117188e+00  -1.984606568013326466e+00  -1.570734802876607716e+00  -3.737266127263204396e+00  2.297189998626708984e+01
-5.949667135821741226e-01  -1.908475701008931935e+00  2.322201013565063477e+00  -1.984462086354390919e+00  -1.570734802876607716e+00  -3.736475292836324513e+00  2.301283788681030273e+01
-5.920775572406213882e-01  -1.903511826192037404e+00  2.317108392715454102e+00  -1.984642330800191701e+00  -1.570710961018697560e+00  -3.733600203190938771e+00  2.305015993118286133e+01
-5.864666144000452164e-01  -1.893835369740621388e+00  2.307439088821411133e+00  -1.984965626393453419e+00  -1.570890728627340138e+00  -3.727753464375631154e+00  2.308975100517272949e+01
-5.785058180438440445e-01  -1.879963223134176076e+00  2.293431997299194336e+00  -1.985133473073140919e+00  -1.571058575307027638e+00  -3.719139401112691701e+00  2.313175392150878906e+01
-5.662291685687463882e-01  -1.858272854481832326e+00  2.271385669708251953e+00  -1.985373322163717091e+00  -1.570914570485250294e+00  -3.706092182789937794e+00  2.317765402793884277e+01
-5.565417448626917007e-01  -1.841066662465230763e+00  2.254060268402099609e+00  -1.985229317341939748e+00  -1.570866409932271779e+00  -3.696136061345235646e+00  2.321081709861755371e+01
-5.436294714557092789e-01  -1.816883389149801076e+00  2.229940891265869141e+00  -1.985517326985494435e+00  -1.570494953786031544e+00  -3.682597939168111623e+00  2.324831199645996094e+01
-5.293386618243616226e-01  -1.790445629750387013e+00  2.202887058258056641e+00  -1.985625569020406544e+00  -1.570351425801412404e+00  -3.667993370686666310e+00  2.328756904602050781e+01
-5.174458662616174820e-01  -1.767737213765279591e+00  2.179690837860107422e+00  -1.985553089772359669e+00  -1.570051495228902638e+00  -3.655724827443258107e+00  2.332357788085937500e+01
-5.053122679339807632e-01  -1.744238201771871388e+00  2.155500888824462891e+00  -1.985541168843404591e+00  -1.569907490407125294e+00  -3.643061224614278615e+00  2.335734105110168457e+01
-4.894750753985803726e-01  -1.714096848164693654e+00  2.124206542968750000e+00  -1.985493008290426076e+00  -1.569907490407125294e+00  -3.627378288899556935e+00  2.339211106300354004e+01
-4.769704977618616226e-01  -1.689423386250631154e+00  2.098735332489013672e+00  -1.985481087361470998e+00  -1.569643799458638966e+00  -3.614402834569112599e+00  2.342867207527160645e+01
-4.642503897296350601e-01  -1.664630238209859669e+00  2.072964668273925781e+00  -1.985301319752828419e+00  -1.569332424794332326e+00  -3.601559464131490529e+00  2.345988893508911133e+01
-4.516862074481409195e-01  -1.639957253132955373e+00  2.047326087951660156e+00  -1.985109631215230763e+00  -1.569140259419576466e+00  -3.588739697133199513e+00  2.349301290512084961e+01
-4.362438360797327164e-01  -1.609110657368795216e+00  2.015446186065673828e+00  -1.984582249318258107e+00  -1.568888489400045216e+00  -3.573032919560567677e+00  2.353180193901062012e+01
-4.210780302630823257e-01  -1.578612152730123341e+00  1.983913898468017578e+00  -1.984102551137105763e+00  -1.568888489400045216e+00  -3.557793203984395802e+00  2.356761503219604492e+01
-4.092925230609338882e-01  -1.554408375416890919e+00  1.958970546722412109e+00  -1.983742539082662404e+00  -1.568672959004537404e+00  -3.545920197163717091e+00  2.360157608985900879e+01
-3.976753393756311539e-01  -1.530492607747213185e+00  1.934459686279296875e+00  -1.983322922383443654e+00  -1.568493191395894826e+00  -3.534358803425924123e+00  2.363770008087158203e+01
-3.838761488543909195e-01  -1.501590077077047169e+00  1.904904842376708984e+00  -1.982555691395894826e+00  -1.568384949360982716e+00  -3.520293060933248341e+00  2.367512798309326172e+01
-3.707240263568323257e-01  -1.474078480397359669e+00  1.876764297485351562e+00  -1.981931988392965138e+00  -1.568192783986226857e+00  -3.507353846226827443e+00  2.371057605743408203e+01
-3.609173933612268570e-01  -1.453532520924703419e+00  1.855584144592285156e+00  -1.981295887623922169e+00  -1.568013016377584279e+00  -3.497529331837789357e+00  2.374719905853271484e+01
-3.496473471270959976e-01  -1.429066006337301076e+00  1.830798149108886719e+00  -1.980732266102926076e+00  -1.567905251179830373e+00  -3.486314598714010060e+00  2.379012989997863770e+01
-3.388574759112756851e-01  -1.406290833150045216e+00  1.807785511016845703e+00  -1.980205361043111623e+00  -1.567617718373433888e+00  -3.475819412861959279e+00  2.382976794242858887e+01
-3.271206060992639664e-01  -1.380951229725972951e+00  1.782077789306640625e+00  -1.979366127644674123e+00  -1.567749802266256154e+00  -3.464126173649923146e+00  2.387159991264343262e+01
-3.180568853961389664e-01  -1.361316982899801076e+00  1.762275218963623047e+00  -1.978718105946676076e+00  -1.567785565053121388e+00  -3.455260101948873341e+00  2.391048502922058105e+01
-3.094967047320764664e-01  -1.343193833027974904e+00  1.744174957275390625e+00  -1.978082482014791310e+00  -1.568133179341451466e+00  -3.447089258824483693e+00  2.395190405845642090e+01
-3.033102194415491226e-01  -1.329960171376363576e+00  1.730650424957275391e+00  -1.977638546620504201e+00  -1.568252865468160451e+00  -3.441194359456197560e+00  2.398928403854370117e+01
-2.950742880450647476e-01  -1.311873737965719044e+00  1.712622165679931641e+00  -1.976979080830709279e+00  -1.568576637898580373e+00  -3.433035437260762990e+00  2.403078889846801758e+01
-2.901471296893518570e-01  -1.301169697438375294e+00  1.701732635498046875e+00  -1.976715389882222951e+00  -1.568528954182760060e+00  -3.428350273762838185e+00  2.406938409805297852e+01
-2.835047880755823257e-01  -1.286702934895650685e+00  1.687501907348632812e+00  -1.976127926503316701e+00  -1.568888489400045216e+00  -3.422192398701803029e+00  2.411548995971679688e+01
-2.786377112018030289e-01  -1.276274983082906544e+00  1.676900386810302734e+00  -1.975708309804097951e+00  -1.568924252186910451e+00  -3.417663399373189748e+00  2.415420603752136230e+01
