v1     v2   v3   v4  v5   v6   t1
0.000000000000000000e+00  -1.278317358810454607e-05  -0.000000000000000000e+00  0.000000000000000000e+00  0.000000000000000000e+00  0.000000000000000000e+00  0.000000000000000000e+00
0.000000000000000000e+00  -1.278317358810454607e-05  -0.000000000000000000e+00  0.000000000000000000e+00  0.000000000000000000e+00  0.000000000000000000e+00  9.168386459350585938e-02
-4.815421625971794128e-02  -1.054611802101135254e-01  1.080050319433212280e-01  -6.277336925268173218e-02  -2.394208610057830811e-01  1.664848625659942627e-01  1.770660877227783203e-01
-1.105744484812021255e-02  -2.896411418914794922e-01  2.834029495716094971e-01  -9.982860088348388672e-02  -5.324831008911132812e-01  4.491448104381561279e-01  2.385680675506591797e-01
3.678869605064392090e-01  -3.883144557476043701e-01  3.787398636341094971e-01  1.786848008632659912e-01  -5.263231992721557617e-01  6.869357824325561523e-01  3.189399242401123047e-01
3.696254491806030273e-01  -3.780367970466613770e-01  3.707248270511627197e-01  3.218962848186492920e-01  -6.110037565231323242e-01  7.526812553405761719e-01  3.694500923156738281e-01
3.145811259746551514e-01  -3.874835669994354248e-01  3.807084858417510986e-01  3.643923699855804443e-01  -6.149585247039794922e-01  7.723593711853027344e-01  4.113819599151611328e-01
2.930926084518432617e-01  -3.951278924942016602e-01  3.835463523864746094e-01  3.964861035346984863e-01  -5.881618261337280273e-01  8.323284387588500977e-01  4.774050712585449219e-01
3.155909776687622070e-01  -4.129476249217987061e-01  3.991673886775970459e-01  4.590437710285186768e-01  -5.682919621467590332e-01  9.040659666061401367e-01  5.459609031677246094e-01
3.514222204685211182e-01  -4.158366322517395020e-01  3.993207812309265137e-01  4.955956637859344482e-01  -5.566193461418151855e-01  9.295204877853393555e-01  5.993080139160156250e-01
3.160511851310729980e-01  -4.078854918479919434e-01  3.930698037147521973e-01  5.144827961921691895e-01  -5.313805341720581055e-01  9.080687165260314941e-01  6.402668952941894531e-01
2.681270539760589600e-01  -3.872918188571929932e-01  3.698683381080627441e-01  5.120379924774169922e-01  -5.160407423973083496e-01  8.706539869308471680e-01  6.960399150848388672e-01
2.769091129302978516e-01  -3.667109012603759766e-01  3.520486056804656982e-01  5.030258893966674805e-01  -4.708122909069061279e-01  8.646618723869323730e-01  7.443900108337402344e-01
3.007752895355224609e-01  -3.488783836364746094e-01  3.322218954563140869e-01  5.083228945732116699e-01  -4.238101541996002197e-01  8.600599169731140137e-01  7.838940620422363281e-01
3.248971402645111084e-01  -3.288599252700805664e-01  3.181220591068267822e-01  5.013720393180847168e-01  -3.684430122375488281e-01  8.496575951576232910e-01  8.295710086822509766e-01
3.548992574214935303e-01  -3.072435855865478516e-01  2.923384010791778564e-01  4.891002178192138672e-01  -3.043513894081115723e-01  8.326879739761352539e-01  8.758120536804199219e-01
3.733837008476257324e-01  -2.765384018421173096e-01  2.639980912208557129e-01  4.729454815387725830e-01  -2.371438592672348022e-01  7.964715957641601562e-01  9.255869388580322266e-01
3.887490928173065186e-01  -2.488756030797958374e-01  2.374730110168457031e-01  4.434882402420043945e-01  -1.792360693216323853e-01  7.718080878257751465e-01  9.664149284362792969e-01
4.652691781520843506e-01  -2.154092639684677124e-01  2.011560201644897461e-01  4.169791340827941895e-01  -1.265773922204971313e-01  7.361430525779724121e-01  1.007659912109375000e+00
5.327771306037902832e-01  -1.914919465780258179e-01  1.826332062482833862e-01  3.962464332580566406e-01  -7.430219650268554688e-02  7.140681147575378418e-01  1.045984983444213867e+00
5.966418385505676270e-01  -1.633433848619461060e-01  1.493458151817321777e-01  3.636253774166107178e-01  -9.251821786165237427e-03  6.736093163490295410e-01  1.083371877670288086e+00
6.562625765800476074e-01  -1.318200826644897461e-01  1.228846460580825806e-01  3.185886442661285400e-01  7.504522055387496948e-02  6.341332793235778809e-01  1.126435995101928711e+00
7.038415074348449707e-01  -9.284418821334838867e-02  7.842476665973663330e-02  2.784175276756286621e-01  1.671799421310424805e-01  5.930513739585876465e-01  1.173667907714843750e+00
7.262887954711914062e-01  -5.416230484843254089e-02  4.498398676514625549e-02  2.454608976840972900e-01  2.369760721921920776e-01  5.448987483978271484e-01  1.211005926132202148e+00
7.332811951637268066e-01  -1.214401517063379288e-02  6.161489523947238922e-03  1.977876573801040649e-01  2.932060658931732178e-01  4.976090192794799805e-01  1.247828960418701172e+00
7.332811951637268066e-01  3.466796502470970154e-02  -4.043317958712577820e-02  1.455603986978530884e-01  3.320109844207763672e-01  4.600504338741302490e-01  1.288775920867919922e+00
7.213544845581054688e-01  7.636667788028717041e-02  -8.332072198390960693e-02  8.619055151939392090e-02  3.636253774166107178e-01  4.189685285091400146e-01  1.327672004699707031e+00
7.120355367660522461e-01  1.173111796379089355e-01  -1.209416016936302185e-01  3.506584465503692627e-02  3.887682855129241943e-01  3.882889151573181152e-01  1.366957902908325195e+00
6.748620867729187012e-01  1.650435477495193481e-01  -1.745031028985977173e-01  -2.106826752424240112e-02  4.119457602500915527e-01  3.462003171443939209e-01  1.410113096237182617e+00
6.591387987136840820e-01  2.054511606693267822e-01  -2.111396789550781250e-01  -6.428338587284088135e-02  4.399169385433197021e-01  3.194515109062194824e-01  1.453684091567993164e+00
6.287276148796081543e-01  2.448233366012573242e-01  -2.491696178913116455e-01  -1.201298758387565613e-01  4.659706652164459229e-01  2.912646234035491943e-01  1.502115964889526367e+00
5.986360311508178711e-01  2.684722244739532471e-01  -2.756691277027130127e-01  -1.476935893297195435e-01  4.943493008613586426e-01  2.673680782318115234e-01  1.542519092559814453e+00
5.637507438659667969e-01  2.843616902828216553e-01  -2.915586233139038086e-01  -1.768871694803237915e-01  4.926954805850982666e-01  2.487206161022186279e-01  1.578845977783203125e+00
5.264110565185546875e-01  3.028717339038848877e-01  -3.115898668766021729e-01  -1.909566521644592285e-01  4.875662326812744141e-01  2.286110818386077881e-01  1.619332075119018555e+00
4.788576662540435791e-01  3.223277330398559570e-01  -3.297035992145538330e-01  -2.164590805768966675e-01  4.853850901126861572e-01  2.071832865476608276e-01  1.663716077804565430e+00
4.388719201087951660e-01  3.336024880409240723e-01  -3.409400284290313721e-01  -2.312476187944412231e-01  4.706445038318634033e-01  1.840057969093322754e-01  1.704444885253906250e+00
4.095089733600616455e-01  3.370283842086791992e-01  -3.424867987632751465e-01  -2.406911849975585938e-01  4.515656232833862305e-01  1.788765490055084229e-01  1.741472005844116211e+00
3.713895380496978760e-01  3.330528140068054199e-01  -3.402241766452789307e-01  -2.485528290271759033e-01  4.320073425769805908e-01  1.566578000783920288e-01  1.776890993118286133e+00
3.400707542896270752e-01  3.239895403385162354e-01  -3.298570215702056885e-01  -2.359454333782196045e-01  4.021187126636505127e-01  1.459199339151382446e-01  1.814491987228393555e+00
3.032296597957611084e-01  3.075503706932067871e-01  -3.096212446689605713e-01  -2.378628998994827271e-01  3.643204569816589355e-01  1.242764145135879517e-01  1.852500915527343750e+00
2.724989056587219238e-01  2.926707565784454346e-01  -2.982697784900665283e-01  -2.316071391105651855e-01  3.310522437095642090e-01  1.260021477937698364e-01  1.885251045227050781e+00
2.269013226032257080e-01  2.573891878128051758e-01  -2.593322396278381348e-01  -2.082858383655548096e-01  2.894669771194458008e-01  9.333314746618270874e-02  1.937524080276489258e+00
2.021147608757019043e-01  2.387257665395736694e-01  -2.437623292207717896e-01  -2.034921497106552124e-01  2.639885246753692627e-01  8.839564770460128784e-02  1.974030017852783203e+00
1.901752650737762451e-01  2.297775447368621826e-01  -2.315799742937088013e-01  -1.851083487272262573e-01  2.433516830205917358e-01  8.408132195472717285e-02  2.014971017837524414e+00
-1.061003422364592552e-03  -1.208009850233793259e-02  1.227184664458036423e-03  3.645601496100425720e-02  1.850364357233047485e-02  3.238137811422348022e-02  2.831541061401367188e+00
-1.252750982530415058e-03  -1.778139360249042511e-02  1.176051911897957325e-03  -3.048786893486976624e-02  -2.159557491540908813e-02  -3.758253157138824463e-02  2.884975910186767578e+00
-8.309062686748802662e-04  -2.211488969624042511e-02  2.300971187651157379e-03  -1.850364357233047485e-02  3.930825740098953247e-03  -1.617870479822158813e-02  2.913655996322631836e+00
-2.152686379849910736e-02  1.592783443629741669e-02  -2.517006918787956238e-02  3.813380375504493713e-02  4.319114983081817627e-02  -2.159557491540908813e-02  2.944041013717651367e+00
-4.594272375106811523e-02  5.801004171371459961e-02  -7.176473736763000488e-02  1.294296327978372574e-02  -3.451457014307379723e-03  -4.633101448416709900e-02  2.977056026458740234e+00
-7.627719640731811523e-02  1.034925729036331177e-01  -1.246359422802925110e-01  4.333495721220970154e-02  -3.415504097938537598e-02  -7.343932986259460449e-02  3.009651899337768555e+00
-1.157260686159133911e-01  1.638035923242568970e-01  -1.961450129747390747e-01  4.395813867449760437e-02  2.569417841732501984e-02  -1.229821220040321350e-01  3.058148860931396484e+00
-1.429670155048370361e-01  2.017184793949127197e-01  -2.394032776355743408e-01  3.043993189930915833e-02  -9.587380103766918182e-03  -1.477655023336410522e-01  3.097110033035278320e+00
-1.577060073614120483e-01  2.216857969760894775e-01  -2.637679874897003174e-01  3.257312625646591187e-02  9.179916232824325562e-03  -1.555073112249374390e-01  3.121845960617065430e+00
-1.699522882699966431e-01  2.371022999286651611e-01  -2.819712460041046143e-01  4.048271477222442627e-02  2.567020989954471588e-02  -1.591025739908218384e-01  3.147367954254150391e+00
-1.762927472591400146e-01  2.485688030719757080e-01  -3.009542524814605713e-01  3.585680201649665833e-02  -3.228550404310226440e-02  -1.757606565952301025e-01  3.174797058105468750e+00
-1.842694431543350220e-01  2.677691280841827393e-01  -3.188506960868835449e-01  3.851730003952980042e-02  1.617870479822158813e-02  -1.870018541812896729e-01  3.208910942077636719e+00
-1.872095763683319092e-01  2.797214090824127197e-01  -3.316850066184997559e-01  4.072239622473716736e-02  -2.463956736028194427e-02  -1.863307356834411621e-01  3.243891954421997070e+00
-1.918370872735977173e-01  2.821118533611297607e-01  -3.392526507377624512e-01  4.474909603595733643e-02  3.715109778568148613e-03  -1.932576149702072144e-01  3.273408889770507812e+00
-1.917476058006286621e-01  2.813192903995513916e-01  -3.376803100109100342e-01  3.787015378475189209e-02  2.590989507734775543e-02  -1.896144151687622070e-01  3.304821014404296875e+00
-1.895361095666885376e-01  2.836458384990692139e-01  -3.354816138744354248e-01  4.326305538415908813e-02  5.632585845887660980e-03  -1.891829818487167358e-01  3.334860086441040039e+00
-1.836175024509429932e-01  2.807696163654327393e-01  -3.341393768787384033e-01  3.966778516769409180e-02  -4.112986102700233459e-02  -1.767193824052810669e-01  3.368808031082153320e+00
-1.748738139867782593e-01  2.775354683399200439e-01  -3.267123401165008545e-01  4.429369792342185974e-02  -1.850364357233047485e-02  -1.740349233150482178e-01  3.404721021652221680e+00
-1.692492216825485229e-01  2.693031132221221924e-01  -3.189657330513000488e-01  3.101517446339130402e-02  2.720419131219387054e-02  -1.719017326831817627e-01  3.436142921447753906e+00
-1.616687923669815063e-01  2.616332173347473145e-01  -3.058118522167205811e-01  3.312439844012260437e-02  3.739078296348452568e-03  -1.577123999595642090e-01  3.471570014953613281e+00
-1.536920964717864990e-01  2.500900030136108398e-01  -2.934761047363281250e-01  3.525759279727935791e-02  3.238137811422348022e-02  -1.447934061288833618e-01  3.503336906433105469e+00
-1.453319042921066284e-01  2.400552183389663696e-01  -2.786603868007659912e-01  3.053580597043037415e-02  6.327670998871326447e-03  -1.384417712688446045e-01  3.533355951309204102e+00
-1.321268826723098755e-01  2.249966412782669067e-01  -2.580411434173583984e-01  2.813896164298057556e-02  -2.159557491540908813e-02  -1.312032938003540039e-01  3.567916870117187500e+00
-1.201234832406044006e-01  2.098485827445983887e-01  -2.391220480203628540e-01  2.612561173737049103e-02  3.532949462532997131e-02  -1.255946755409240723e-01  3.606150865554809570e+00
-1.108684614300727844e-01  1.954802870750427246e-01  -2.176207453012466431e-01  2.451972477138042450e-02  8.868326433002948761e-03  -1.106623336672782898e-01  3.636439085006713867e+00
-1.013322174549102783e-01  1.772131323814392090e-01  -2.045307755470275879e-01  3.101517446339130402e-02  1.629854738712310791e-02  -1.009551137685775757e-01  3.664998054504394531e+00
-9.242234379053115845e-02  1.660534292459487915e-01  -1.824031025171279907e-01  3.429885208606719971e-02  -2.159557491540908813e-02  -9.417204558849334717e-02  3.700615882873535156e+00
1.827993779443204403e-03  -1.981391804292798042e-03  5.790777504444122314e-03  -9.155948646366596222e-03  1.167263556271791458e-02  9.347695740871131420e-04  4.518148899078369141e+00
1.444498659111559391e-03  -3.067961661145091057e-03  3.323625132907181978e-04  3.350789472460746765e-02  -1.653823070228099823e-02  1.486043911427259445e-03  4.560229063034057617e+00
1.073786523193120956e-03  -1.150485593825578690e-03  -0.000000000000000000e+00  -1.548361964523792267e-02  -4.002731293439865112e-03  9.587380336597561836e-04  4.589075088500976562e+00
3.172783553600311279e-02  -3.324903547763824463e-02  3.115259297192096710e-02  4.216050356626510620e-02  -3.238137811422348022e-02  3.631220385432243347e-02  4.620110988616943359e+00
7.774726301431655884e-02  -7.646894454956054688e-02  7.204596698284149170e-02  -4.913532640784978867e-03  2.310558594763278961e-02  7.612379640340805054e-02  4.650276899337768555e+00
1.397072970867156982e-01  -1.424173414707183838e-01  1.312448382377624512e-01  3.228550404310226440e-02  -1.584314554929733276e-02  1.390409767627716064e-01  4.690823078155517578e+00
1.959532648324966431e-01  -2.007341682910919189e-01  1.926552057266235352e-01  -2.590989507734775543e-02  -3.830158337950706482e-02  1.983389258384704590e-01  4.729690074920654297e+00
2.366548925638198853e-01  -2.453985810279846191e-01  2.284225225448608398e-01  -1.059405505657196045e-02  -1.107342448085546494e-02  2.430880218744277954e-01  4.762809038162231445e+00
2.756691277027130127e-01  -2.847068309783935547e-01  2.710672020912170410e-01  -1.831189729273319244e-02  -3.384345397353172302e-02  2.850328087806701660e-01  4.799424886703491211e+00
2.954702675342559814e-01  -3.122162222862243652e-01  2.950484156608581543e-01  1.071389764547348022e-02  2.159557491540908813e-02  3.108707964420318604e-01  4.828665971755981445e+00
3.218419551849365234e-01  -3.386901915073394775e-01  3.257408142089843750e-01  -8.317052386701107025e-03  -2.943325787782669067e-02  3.331375122070312500e-01  4.859960079193115234e+00
3.544518351554870605e-01  -3.692036271095275879e-01  3.586191534996032715e-01  -5.045358836650848389e-02  1.001881249248981476e-02  3.555959463119506836e-01  4.895977020263671875e+00
3.530712425708770752e-01  -3.815393745899200439e-01  3.723099231719970703e-01  -8.125305175781250000e-03  3.163835499435663223e-03  3.683950901031494141e-01  4.927016973495483398e+00
3.715685009956359863e-01  -3.987071812152862549e-01  3.915869593620300293e-01  -9.946906939148902893e-03  3.238137811422348022e-02  3.766402304172515869e-01  4.956001043319702148e+00
3.770269155502319336e-01  -4.075659215450286865e-01  4.026316106319427490e-01  -1.850364357233047485e-02  9.707222692668437958e-03  3.890798687934875488e-01  4.987334966659545898e+00
3.811430931091308594e-01  -4.174856543540954590e-01  4.129859805107116699e-01  -3.976365923881530762e-02  3.427488496527075768e-03  3.849093616008758545e-01  5.014609098434448242e+00
3.826387226581573486e-01  -4.193008840084075928e-01  4.165141284465789795e-01  -1.169660408049821854e-02  -1.083373930305242538e-02  3.872822225093841553e-01  5.050472974777221680e+00
3.776277303695678711e-01  -4.183549284934997559e-01  4.236854910850524902e-01  -3.662379458546638489e-02  -4.165716841816902161e-02  3.829439282417297363e-01  5.088881969451904297e+00
3.752756118774414062e-01  -4.176007211208343506e-01  4.259864687919616699e-01  -4.563593119382858276e-02  -2.159557491540908813e-02  3.752261102199554443e-01  5.119616031646728516e+00
3.709037899971008301e-01  -4.226756393909454346e-01  4.274054169654846191e-01  -8.077368140220642090e-03  8.125305175781250000e-03  3.754418194293975830e-01  5.149456024169921875e+00
3.639752864837646484e-01  -4.229824244976043701e-01  4.305500686168670654e-01  -7.046724669635295868e-03  -4.458131734281778336e-03  3.659023642539978027e-01  5.181427955627441406e+00
3.553466498851776123e-01  -4.156832396984100342e-01  4.231741726398468018e-01  -1.761681213974952698e-02  -3.465837985277175903e-02  3.497236669063568115e-01  5.209970951080322266e+00
3.357756137847900391e-01  -4.112986028194427490e-01  4.168592989444732666e-01  -2.892992086708545685e-02  -4.122573416680097580e-03  3.368046581745147705e-01  5.248416900634765625e+00
3.216629922389984131e-01  -3.952046036720275879e-01  4.020052552223205566e-01  -3.496997058391571045e-02  -4.230431467294692993e-02  3.242691755294799805e-01  5.283235073089599609e+00
3.036131560802459717e-01  -3.775254487991333008e-01  3.894905149936676025e-01  -8.628642186522483826e-03  1.016262266784906387e-02  3.015710413455963135e-01  5.319998979568481445e+00
2.851542532444000244e-01  -3.570340275764465332e-01  3.716196417808532715e-01  -1.198422536253929138e-02  -2.159557491540908813e-02  2.852725088596343994e-01  5.353950023651123047e+00
2.653658986091613770e-01  -3.440463244915008545e-01  3.535186648368835449e-01  -3.899667039513587952e-02  -4.314321093261241913e-03  2.657621800899505615e-01  5.391609907150268555e+00
2.546280324459075928e-01  -3.337430953979492188e-01  3.423333764076232910e-01  -1.617870479822158813e-02  -1.730522140860557556e-02  2.555755972862243652e-01  5.419697046279907227e+00
2.394160628318786621e-01  -3.161662220954895020e-01  3.290516734123229980e-01  -1.850364357233047485e-02  2.924151020124554634e-03  2.393968850374221802e-01  5.453665971755981445e+00
2.204202562570571899e-01  -2.925429344177246094e-01  3.128553926944732666e-01  -1.078580319881439209e-02  -2.159557491540908813e-02  2.231462746858596802e-01  5.489646911621093750e+00
2.082890272140502930e-01  -2.821118533611297607e-01  3.011076450347900391e-01  -2.238653227686882019e-02  1.438107062131166458e-02  2.075428217649459839e-01  5.517988920211791992e+00
1.891909688711166382e-01  -2.607511878013610840e-01  2.809357941150665283e-01  -2.353701926767826080e-02  3.065564855933189392e-02  1.843173801898956299e-01  5.558352947235107422e+00
1.611574739217758179e-01  -2.290105521678924561e-01  2.502945363521575928e-01  -6.159891840070486069e-03  -4.379035905003547668e-02  1.599175035953521729e-01  5.602483034133911133e+00
1.506496965885162354e-01  -2.123412936925888062e-01  2.361180037260055542e-01  -9.659285657107830048e-03  3.930825740098953247e-03  1.435470581054687500e-01  5.631342887878417969e+00
1.367288231849670410e-01  -1.960427463054656982e-01  2.182087749242782593e-01  -5.177185405045747757e-03  4.522846639156341553e-02  1.353738158941268921e-01  5.668870925903320312e+00
1.218236461281776428e-01  -1.761521250009536743e-01  1.969759166240692139e-01  -7.621967233717441559e-03  -8.748484775424003601e-03  1.206811517477035522e-01  5.704247951507568359e+00
1.022653877735137939e-01  -1.518768817186355591e-01  1.753979176282882690e-01  -4.170510452240705490e-03  3.008040599524974823e-02  1.000922471284866333e-01  5.751681089401245117e+00
-7.030745618976652622e-04  9.331716573797166348e-04  -1.904692850075662136e-03  1.850364357233047485e-02  -3.238137811422348022e-02  -8.868326549418270588e-04  6.579391002655029297e+00
-1.367799588479101658e-03  2.083657309412956238e-03  -7.925567333586513996e-04  -2.921754121780395508e-02  2.852245699614286423e-03  -2.396845025941729546e-03  6.629611968994140625e+00
-6.263754912652075291e-04  7.414240390062332153e-04  -1.457281759940087795e-03  4.338289611041545868e-03  1.526790298521518707e-02  -1.078580273315310478e-03  6.659529924392700195e+00
-2.811019867658615112e-02  3.703285381197929382e-02  -4.425534605979919434e-02  1.850364357233047485e-02  -6.375608034431934357e-03  -4.026699811220169067e-02  6.688720941543579102e+00
-6.722670793533325195e-02  8.906036615371704102e-02  -1.111624762415885925e-01  8.748484775424003601e-03  -3.046390041708946228e-02  -6.476275622844696045e-02  6.726145982742309570e+00
-1.279723495244979858e-01  1.625636219978332520e-01  -1.984587758779525757e-01  2.749181352555751801e-02  -4.170510452240705490e-03  -1.283031105995178223e-01  6.762842893600463867e+00
-1.794501841068267822e-01  2.328071594238281250e-01  -2.852309644222259521e-01  9.946906939148902893e-03  1.243962626904249191e-02  -1.789724230766296387e-01  6.803729057312011719e+00
-2.266200929880142212e-01  2.961989045143127441e-01  -3.592455387115478516e-01  3.079945966601371765e-02  3.238137811422348022e-02  -2.286110818386077881e-01  6.843771934509277344e+00
-2.609684765338897705e-01  3.514222204685211182e-01  -4.304605722427368164e-01  4.331098869442939758e-02  -1.167263556271791458e-02  -2.627900838851928711e-01  6.883781909942626953e+00
-2.888357937335968018e-01  3.987583220005035400e-01  -4.848529994487762451e-01  4.537227749824523926e-02  -3.777427971363067627e-02  -2.967773675918579102e-01  6.919931888580322266e+00
-3.087775707244873047e-01  4.302560687065124512e-01  -5.225377678871154785e-01  3.973969072103500366e-02  -9.515474550426006317e-03  -3.114220798015594482e-01  6.953011035919189453e+00
-3.242707550525665283e-01  4.558351933956146240e-01  -5.452662706375122070e-01  4.647482559084892273e-02  -3.882888937368988991e-03  -3.187084794044494629e-01  6.981251955032348633e+00
-3.371306359767913818e-01  4.818489551544189453e-01  -5.785920023918151855e-01  4.980644211173057556e-02  -1.917476020753383636e-02  -3.314357399940490723e-01  7.014929056167602539e+00
-3.463728725910186768e-01  5.053188204765319824e-01  -6.036598086357116699e-01  5.301821231842041016e-02  3.211772302165627480e-03  -3.406875729560852051e-01  7.046426057815551758e+00
-3.573664128780364990e-01  5.253500938415527344e-01  -6.248031854629516602e-01  5.323392897844314575e-02  3.475425299257040024e-03  -3.464399874210357666e-01  7.079782962799072266e+00
-3.604982793331146240e-01  5.332756638526916504e-01  -6.313865184783935547e-01  5.750031396746635437e-02  -1.617870479822158813e-02  -3.491005003452301025e-01  7.110179901123046875e+00
-3.597952127456665039e-01  5.395522117614746094e-01  -6.339048147201538086e-01  5.663744732737541199e-02  3.020024858415126801e-03  -3.557876944541931152e-01  7.141674041748046875e+00
-3.611374199390411377e-01  5.511337518692016602e-01  -6.395421624183654785e-01  5.297027528285980225e-02  -1.823999173939228058e-02  -3.501311242580413818e-01  7.176261901855468750e+00
-3.542856574058532715e-01  5.474649667739868164e-01  -6.390308141708374023e-01  5.977731570601463318e-02  8.508799597620964050e-03  -3.451696634292602539e-01  7.206448078155517578e+00
-3.514350056648254395e-01  5.443075299263000488e-01  -6.275771260261535645e-01  5.917810648679733276e-02  3.238137811422348022e-02  -3.355103731155395508e-01  7.241492033004760742e+00
-3.402241766452789307e-01  5.423900485038757324e-01  -6.215690374374389648e-01  6.040049716830253601e-02  -4.482100252062082291e-03  -3.333052694797515869e-01  7.277720928192138672e+00
-3.306240141391754150e-01  5.367271304130554199e-01  -6.168264746665954590e-01  5.965747311711311340e-02  1.464472338557243347e-02  -3.242691755294799805e-01  7.313405036926269531e+00
-3.247821033000946045e-01  5.332756638526916504e-01  -6.105371713638305664e-01  5.893842130899429321e-02  -4.362258128821849823e-03  -3.136271834373474121e-01  7.346900939941406250e+00
-3.120756149291992188e-01  5.239694714546203613e-01  -6.010903716087341309e-01  6.123939156532287598e-02  -1.850364357233047485e-02  -3.097682595252990723e-01  7.377822875976562500e+00
-2.971065044403076172e-01  5.131037831306457520e-01  -5.828616023063659668e-01  6.040049716830253601e-02  3.787015331909060478e-03  -2.924869954586029053e-01  7.409929037094116211e+00
-2.854993939399719238e-01  4.983392357826232910e-01  -5.665885806083679199e-01  6.428338587284088135e-02  -1.241565775126218796e-02  -2.807424664497375488e-01  7.447423934936523438e+00
-2.635506987571716309e-01  4.723894000053405762e-01  -5.298625230789184570e-01  6.059224531054496765e-02  4.923119768500328064e-02  -2.645637691020965576e-01  7.483687877655029297e+00
-2.424201071262359619e-01  4.451612234115600586e-01  -4.967413246631622314e-01  5.016596615314483643e-02  -1.088167633861303329e-02  -2.503265142440795898e-01  7.523535013198852539e+00
-2.336891889572143555e-01  4.277249872684478760e-01  -4.735143184661865234e-01  5.162804201245307922e-02  -2.159557491540908813e-02  -2.316071391105651855e-01  7.563046932220458984e+00
-2.188607156276702881e-01  4.136251509189605713e-01  -4.517829120159149170e-01  5.594236403703689575e-02  3.763046814128756523e-03  -2.192633897066116333e-01  7.598160028457641602e+00
-2.002356350421905518e-01  3.902191519737243652e-01  -4.233659207820892334e-01  5.186772719025611877e-02  -3.238137811422348022e-02  -2.085255235433578491e-01  7.632430076599121094e+00
-1.870178282260894775e-01  3.736010193824768066e-01  -3.958053886890411377e-01  5.546299368143081665e-02  -9.179916232824325562e-03  -1.933534890413284302e-01  7.669075012207031250e+00
-1.731864362955093384e-01  3.432154357433319092e-01  -3.669282197952270508e-01  4.693022742867469788e-02  -2.590989507734775543e-02  -1.705834567546844482e-01  7.703155994415283203e+00
-1.596107035875320435e-01  3.251528143882751465e-01  -3.411956727504730225e-01  4.103398695588111877e-02  -4.266384057700634003e-03  -1.694329828023910522e-01  7.733422994613647461e+00
-1.408066600561141968e-01  2.953935861587524414e-01  -3.086369335651397705e-01  4.043477773666381836e-02  3.343598917126655579e-02  -1.411022692918777466e-01  7.771384954452514648e+00
-1.213890165090560913e-01  2.645605504512786865e-01  -2.737133204936981201e-01  3.480219095945358276e-02  3.906857687979936600e-03  -1.289982050657272339e-01  7.808896064758300781e+00
-1.092705652117729187e-01  2.396845072507858276e-01  -2.442353069782257080e-01  2.988865785300731659e-02  -1.263137347996234894e-02  -1.127475947141647339e-01  7.847697019577026367e+00
-1.017029285430908203e-01  2.201773822307586670e-01  -2.220820784568786621e-01  2.698847465217113495e-02  2.744387648999691010e-02  -1.005716174840927124e-01  7.879915952682495117e+00
-9.689645469188690186e-02  2.137730121612548828e-01  -2.192442119121551514e-01  3.171025961637496948e-02  3.238137811422348022e-02  -9.719207137823104858e-02  7.912575960159301758e+00
1.086569740436971188e-03  -1.930259168148040771e-03  3.144660731777548790e-03  -2.157160633942112327e-04  9.347695857286453247e-03  5.824333522468805313e-03  8.727315902709960938e+00
8.309062686748802662e-04  -2.531068399548530579e-03  1.636246219277381897e-03  -2.157160633942112327e-04  3.571299137547612190e-03  1.126517192460596561e-03  8.777107954025268555e+00
4.857605963479727507e-04  -2.300971245858818293e-04  3.719903528690338135e-03  -8.868326549418270588e-04  3.302852436900138855e-02  7.190534961409866810e-04  8.809482097625732422e+00
-4.716990981251001358e-03  -5.835518613457679749e-02  6.518140435218811035e-02  -6.471481639891862869e-03  1.617870479822158813e-02  -1.198422542074695230e-04  8.839876890182495117e+00
-1.054611802101135254e-02  -1.320374011993408203e-01  1.492307633161544800e-01  -1.438107062131166458e-02  -3.731887787580490112e-02  -7.621967233717441559e-03  8.877840042114257812e+00
-3.185566887259483337e-02  -2.235265672206878662e-01  2.543723583221435547e-01  -3.698331862688064575e-02  1.294296327978372574e-02  -3.813380375504493713e-02  8.916109085083007812e+00
-4.231230542063713074e-02  -3.052366077899932861e-01  3.521380722522735596e-01  -3.966778516769409180e-02  3.739078296348452568e-03  -3.926032409071922302e-02  8.951175928115844727e+00
-4.852492734789848328e-02  -3.567528128623962402e-01  4.129859805107116699e-01  -5.575061589479446411e-02  4.640292003750801086e-02  -4.307130724191665649e-02  8.989728927612304688e+00
-5.489094555377960205e-02  -4.045363068580627441e-01  4.702290296554565430e-01  -5.630189180374145508e-02  1.617870479822158813e-02  -5.138835683465003967e-02  9.022739887237548828e+00
-5.720470100641250610e-02  -4.493668973445892334e-01  5.256952047348022461e-01  -6.282130628824234009e-02  1.011468656361103058e-02  -5.323392897844314575e-02  9.054738998413085938e+00
-6.155098229646682739e-02  -4.842649698257446289e-01  5.721109509468078613e-01  -6.514625251293182373e-02  -4.577974323183298111e-03  -5.687713250517845154e-02  9.082473039627075195e+00
-6.452945619821548462e-02  -5.106750130653381348e-01  6.070217490196228027e-01  -7.523696869611740112e-02  -2.159557491540908813e-02  -6.274940073490142822e-02  9.118493080139160156e+00
-6.624240428209304810e-02  -5.364714264869689941e-01  6.416897177696228027e-01  -7.892810553312301636e-02  1.649029366672039032e-02  -5.886651575565338135e-02  9.151558876037597656e+00
-6.775081902742385864e-02  -5.438601374626159668e-01  6.546646356582641602e-01  -8.295480906963348389e-02  5.368933081626892090e-03  -6.469085067510604858e-02  9.181442022323608398e+00
-6.755907088518142700e-02  -5.526677370071411133e-01  6.699533462524414062e-01  -7.423029094934463501e-02  3.307646140456199646e-03  -6.006493791937828064e-02  9.210248947143554688e+00
-6.832606345415115356e-02  -5.648117661476135254e-01  6.816115975379943848e-01  -7.904794812202453613e-02  2.590989507734775543e-02  -5.730856582522392273e-02  9.240813016891479492e+00
-6.902913749217987061e-02  -5.683782696723937988e-01  6.930653452873229980e-01  -7.856858521699905396e-02  -5.584648810327053070e-03  -6.339655071496963501e-02  9.272150993347167969e+00
-6.838998198509216309e-02  -5.779272913932800293e-01  6.947655081748962402e-01  -8.360195904970169067e-02  4.266384057700634003e-03  -6.114351749420166016e-02  9.307080030441284180e+00
-6.772525608539581299e-02  -5.856994390487670898e-01  6.934232711791992188e-01  -8.015049993991851807e-02  2.590989507734775543e-02  -6.392385810613632202e-02  9.338254928588867188e+00
-6.683043390512466431e-02  -5.738111138343811035e-01  6.905214786529541016e-01  -8.899486064910888672e-02  -3.686347603797912598e-02  -6.442719697952270508e-02  9.367634057998657227e+00
-6.454224139451980591e-02  -5.687872767448425293e-01  6.733792424201965332e-01  -8.223575353622436523e-02  4.002731293439865112e-03  -6.260559707880020142e-02  9.402482032775878906e+00
-6.185777485370635986e-02  -5.591104626655578613e-01  6.546646356582641602e-01  -8.264321833848953247e-02  2.442385070025920868e-02  -5.793174728751182556e-02  9.437432050704956055e+00
-5.953123793005943298e-02  -5.298241972923278809e-01  6.197665929794311523e-01  -7.089867442846298218e-02  1.677791588008403778e-02  -5.563077330589294434e-02  9.467195034027099609e+00
-5.729418247938156128e-02  -5.011004209518432617e-01  5.870672464370727539e-01  -7.403854280710220337e-02  -1.943841390311717987e-02  -5.141232535243034363e-02  9.502449989318847656e+00
-5.278172343969345093e-02  -4.803277552127838135e-01  5.568094849586486816e-01  -6.787865608930587769e-02  -2.159557491540908813e-02  -5.076517909765243530e-02  9.541725873947143555e+00
-4.379515349864959717e-02  -4.101608991622924805e-01  4.650774300098419189e-01  -7.032343745231628418e-02  -3.633617237210273743e-02  -4.728975519537925720e-02  9.638256072998046875e+00
-3.923156112432479858e-02  -3.917531371116638184e-01  4.428602755069732666e-01  -5.608617514371871948e-02  -1.140898279845714569e-02  -4.462925717234611511e-02  9.667006015777587891e+00
-3.716068714857101440e-02  -3.643332421779632568e-01  4.048175513744354248e-01  -5.622998625040054321e-02  3.238137811422348022e-02  -3.882889077067375183e-02  9.701709032058715820e+00
-3.390097618103027344e-02  -3.224683403968811035e-01  3.619427680969238281e-01  -5.141232535243034363e-02  -1.850364357233047485e-02  -3.360376879572868347e-02  9.737096071243286133e+00
-3.019385598599910736e-02  -2.990623414516448975e-01  3.301126658916473389e-01  -4.959072545170783997e-02  -9.203884750604629517e-03  -2.933738380670547485e-02  9.772268056869506836e+00
-2.804628200829029083e-02  -2.654681503772735596e-01  2.978479564189910889e-01  -4.542021453380584717e-02  -7.597998715937137604e-03  -3.518568724393844604e-02  9.810271978378295898e+00
-2.399401739239692688e-02  -2.343667000532150269e-01  2.564176917076110840e-01  -3.429885208606719971e-02  -5.797968059778213501e-02  -2.300971187651157379e-02  9.848520994186401367e+00
-2.257508412003517151e-02  -2.255846560001373291e-01  2.496809512376785278e-01  -3.592870756983757019e-02  -1.438107062131166458e-02  -2.169144712388515472e-02  9.884922027587890625e+00
-1.022653887048363686e-04  1.393365906551480293e-03  -1.418932224623858929e-03  -2.876213984563946724e-04  -9.731191210448741913e-03  -3.298058733344078064e-02  1.069599795341491699e+01
-8.948221511673182249e-05  2.249838551506400108e-03  -1.418932224623858929e-03  4.793690095539204776e-05  -9.060074575245380402e-03  -2.780340379104018211e-03  1.075148797035217285e+01
-7.669904152862727642e-05  1.214401447214186192e-03  -7.414240390062332153e-04  1.749696908518671989e-03  -4.055462032556533813e-02  3.238137811422348022e-02  1.078155589103698730e+01
-8.309062570333480835e-03  3.973010182380676270e-02  -3.815777227282524109e-02  1.510012429207563400e-03  5.009406246244907379e-03  -4.388623312115669250e-02  1.080907487869262695e+01
-2.371278777718544006e-02  9.667914360761642456e-02  -1.004118248820304871e-01  6.759102921932935715e-03  3.130279853940010071e-02  -4.319114983081817627e-02  1.084257388114929199e+01
-4.238900169730186462e-02  1.766762435436248779e-01  -1.810225248336791992e-01  0.000000000000000000e+00  3.667172975838184357e-03  -4.431766644120216370e-02  1.087987089157104492e+01
-5.790777504444122314e-02  2.395566701889038086e-01  -2.485688030719757080e-01  8.077368140220642090e-03  -2.590989507734775543e-02  -5.941778793931007385e-02  1.092316102981567383e+01
-6.987282633781433105e-02  2.944987416267395020e-01  -3.049809634685516357e-01  1.747300103306770325e-02  3.571299137547612190e-03  -7.022756338119506836e-02  1.095880699157714844e+01
-7.810518890619277954e-02  3.393549025058746338e-01  -3.584401905536651611e-01  3.238137811422348022e-02  3.238137811422348022e-02  -8.254734426736831665e-02  1.098781800270080566e+01
-8.500810712575912476e-02  3.780367970466613770e-01  -4.018774032592773438e-01  3.046390041708946228e-02  4.026699811220169067e-02  -8.796421438455581665e-02  1.101899600028991699e+01
-8.856182545423507690e-02  4.144943952560424805e-01  -4.398306608200073242e-01  3.923635557293891907e-02  -3.331614658236503601e-03  -8.808405697345733643e-02  1.105117607116699219e+01
-9.082444757223129272e-02  4.352798461914062500e-01  -4.666753113269805908e-01  3.926032409071922302e-02  -3.832555189728736877e-02  -9.242234379053115845e-02  1.108397293090820312e+01
-9.446765482425689697e-02  4.525754749774932861e-01  -4.861952066421508789e-01  1.617870479822158813e-02  1.438107062131166458e-02  -9.314139932394027710e-02  1.111991500854492188e+01
-9.196215122938156128e-02  4.582256376743316650e-01  -4.934177100658416748e-01  1.725728437304496765e-02  -2.533465251326560974e-02  -9.244631230831146240e-02  1.115207195281982422e+01
-9.180875122547149658e-02  4.592610597610473633e-01  -4.924078583717346191e-01  1.680188439786434174e-02  5.440838169306516647e-03  -8.887501806020736694e-02  1.118364095687866211e+01
-9.271635860204696655e-02  4.572541117668151855e-01  -4.887262880802154541e-01  3.238137811422348022e-02  -4.769721534103155136e-03  -9.134376794099807739e-02  1.120940804481506348e+01
-9.155309200286865234e-02  4.498398900032043457e-01  -4.841243326663970947e-01  3.971572220325469971e-02  -1.394963823258876801e-02  -8.671785145998001099e-02  1.123960709571838379e+01
-8.848512917757034302e-02  4.409300088882446289e-01  -4.693853557109832764e-01  2.732403390109539032e-02  -1.217597257345914841e-02  -8.983375132083892822e-02  1.127404808998107910e+01
-8.490584045648574829e-02  4.233787059783935547e-01  -4.548253118991851807e-01  2.351305074989795685e-02  3.223756700754165649e-02  -8.072574436664581299e-02  1.130582904815673828e+01
-8.190179616212844849e-02  4.095089733600616455e-01  -4.385395646095275879e-01  2.696450799703598022e-02  -3.763046814128756523e-03  -7.900001108646392822e-02  1.134147906303405762e+01
-7.701861858367919922e-02  3.836741745471954346e-01  -4.106466770172119141e-01  9.994843974709510803e-03  3.238137811422348022e-02  -7.538077980279922485e-02  1.137694787979125977e+01
-7.245502620935440063e-02  3.622879087924957275e-01  -3.836741745471954346e-01  1.526790298521518707e-02  -2.907373011112213135e-02  -6.847786158323287964e-02  1.140987300872802734e+01
-6.432493031024932861e-02  3.325158953666687012e-01  -3.555511832237243652e-01  8.628642186522483826e-03  -1.397360675036907196e-02  -6.080795824527740479e-02  1.144087195396423340e+01
-5.839353799819946289e-02  3.051215708255767822e-01  -3.197327256202697754e-01  3.652792051434516907e-02  -2.475940994918346405e-02  -5.922604352235794067e-02  1.148145008087158203e+01
-5.416230484843254089e-02  2.804244756698608398e-01  -2.929392158985137939e-01  1.948635093867778778e-02  -2.986468933522701263e-02  -5.352155119180679321e-02  1.151756906509399414e+01
-4.727217555046081543e-02  2.512021362781524658e-01  -2.620806097984313965e-01  2.590989507734775543e-02  1.459678635001182556e-02  -4.867992177605628967e-02  1.155329203605651855e+01
-4.194159060716629028e-02  2.208932340145111084e-01  -2.319379001855850220e-01  1.617870479822158813e-02  3.099120594561100006e-02  -4.470115900039672852e-02  1.159449696540832520e+01
-4.203107580542564392e-02  2.190013229846954346e-01  -2.317589372396469116e-01  1.850364357233047485e-02  2.845055051147937775e-02  -4.544418305158615112e-02  1.163469195365905762e+01
1.022653887048363686e-03  -1.866343314759433270e-03  3.758253064006567001e-03  4.158526286482810974e-02  -1.339836418628692627e-02  5.153216887265443802e-03  1.244640898704528809e+01
7.669904152862727642e-04  -3.067961661145091057e-04  1.470064977183938026e-03  -3.882888937368988991e-03  3.230947256088256836e-02  1.670601032674312592e-02  1.249255490303039551e+01
4.601942491717636585e-04  -1.597896683961153030e-03  6.519418675452470779e-04  -3.314836695790290833e-02  -3.592870756983757019e-02  1.097755040973424911e-02  1.251966404914855957e+01
3.579288604669272900e-04  -3.420777246356010437e-02  3.001489117741584778e-02  1.438107062131166458e-02  3.959587961435317993e-02  -1.023452822118997574e-02  1.254846286773681641e+01
2.684466307982802391e-04  -1.030195951461791992e-01  8.528933674097061157e-02  4.297543317079544067e-02  1.023452822118997574e-02  3.993143886327743530e-02  1.257989406585693359e+01
1.291100517846643925e-03  -2.051443755626678467e-01  1.805495470762252808e-01  1.176850963383913040e-02  3.238137811422348022e-02  -2.008556202054023743e-02  1.261946201324462891e+01
4.857605963479727507e-04  -3.246414661407470703e-01  2.828021347522735596e-01  3.878095373511314392e-02  -2.380067110061645508e-02  4.091414436697959900e-02  1.266469907760620117e+01
1.291100517846643925e-03  -4.064537882804870605e-01  3.478557169437408447e-01  4.932707175612449646e-02  1.459678635001182556e-02  3.906857687979936600e-03  1.270452904701232910e+01
2.096440410241484642e-03  -4.631727337837219238e-01  4.011999070644378662e-01  4.743356257677078247e-02  -3.046390041708946228e-02  2.478337846696376801e-02  1.273648595809936523e+01
9.076053393073379993e-04  -5.171816349029541016e-01  4.478456974029541016e-01  5.941778793931007385e-02  -1.073786616325378418e-02  4.501274973154067993e-02  1.276711297035217285e+01
6.391586503013968468e-04  -5.637507438659667969e-01  4.834979772567749023e-01  5.869873613119125366e-02  3.259709337726235390e-03  6.111954804509878159e-03  1.279924297332763672e+01
1.252750982530415058e-03  -6.036598086357116699e-01  5.201984643936157227e-01  5.814746022224426270e-02  3.238137811422348022e-02  8.077368140220642090e-03  1.283504796028137207e+01
7.286408799700438976e-04  -6.308751702308654785e-01  5.487433075904846191e-01  6.332464516162872314e-02  -3.763046814128756523e-03  1.078580319881439209e-02  1.286840486526489258e+01
1.252750982530415058e-03  -6.555083394050598145e-01  5.647861957550048828e-01  6.588926911354064941e-02  -3.914048150181770325e-02  1.438107062131166458e-02  1.289794802665710449e+01
2.710032742470502853e-03  -6.671282649040222168e-01  5.801387429237365723e-01  6.143113970756530762e-02  -1.850364357233047485e-02  1.771268434822559357e-02  1.293147301673889160e+01
7.286408799700438976e-04  -6.746319532394409180e-01  5.848429799079895020e-01  5.855492502450942993e-02  -3.238137811422348022e-02  7.190535310655832291e-03  1.297110795974731445e+01
3.962783608585596085e-03  -6.694675683975219727e-01  5.835390686988830566e-01  7.137804478406906128e-02  3.810983616858720779e-03  1.749696955084800720e-02  1.300313305854797363e+01
9.076053393073379993e-04  -6.726889610290527344e-01  5.863897204399108887e-01  6.406766921281814575e-02  -6.064018234610557556e-03  2.677275985479354858e-02  1.303428292274475098e+01
3.195793367922306061e-03  -6.708609461784362793e-01  5.918737053871154785e-01  6.512228399515151978e-02  -3.473028540611267090e-02  3.787015331909060478e-03  1.306976294517517090e+01
9.331716573797166348e-04  -6.720625758171081543e-01  5.884861946105957031e-01  6.435529142618179321e-02  -2.159557491540908813e-02  5.920207127928733826e-03  1.309875488281250000e+01
2.058090874925255775e-03  -6.594583392143249512e-01  5.818261504173278809e-01  6.394782662391662598e-02  -3.051183745265007019e-02  4.170510452240705490e-03  1.313943600654602051e+01
7.542072562500834465e-04  -6.395677328109741211e-01  5.649779438972473145e-01  5.829127132892608643e-02  2.583798952400684357e-02  9.443569928407669067e-03  1.317499399185180664e+01
2.083657309412956238e-03  -6.213772892951965332e-01  5.513893961906433105e-01  5.738047137856483459e-02  -2.159557491540908813e-02  1.533980853855609894e-02  1.320338702201843262e+01
7.542072562500834465e-04  -5.819156169891357422e-01  5.197893977165222168e-01  5.668538436293601990e-02  -7.190535310655832291e-03  2.540655666962265968e-03  1.324022388458251953e+01
1.035437104292213917e-03  -5.511209368705749512e-01  4.939162433147430420e-01  5.440838262438774109e-02  -8.700547739863395691e-03  2.157160546630620956e-03  1.328614091873168945e+01
6.391586503013968468e-04  -5.122601389884948730e-01  4.613575041294097900e-01  5.016596615314483643e-02  -3.403519978746771812e-03  8.149273344315588474e-04  1.332956790924072266e+01
1.291100517846643925e-03  -4.839198291301727295e-01  4.348324239253997803e-01  4.508465528488159180e-02  -1.078580273315310478e-03  5.273059359751641750e-04  1.336905908584594727e+01
0.000000000000000000e+00  -4.594911634922027588e-01  4.167570173740386963e-01  4.527640342712402344e-02  -6.950850947760045528e-04  4.314321267884224653e-04  1.340318894386291504e+01
1.035437104292213917e-03  -4.337458610534667969e-01  3.902191519737243652e-01  4.856008291244506836e-02  -5.273059359751641750e-04  3.355583176016807556e-04  1.343750286102294922e+01
6.391586503013968468e-04  -4.032579958438873291e-01  3.690885603427886963e-01  4.760134220123291016e-02  -5.273059359751641750e-04  -7.789746392518281937e-03  1.346641993522644043e+01
4.090615548193454742e-04  -3.763749897480010986e-01  3.471142947673797607e-01  4.637895151972770691e-02  -5.273059359751641750e-04  -8.508799597620964050e-03  1.349509692192077637e+01
3.067961661145091057e-04  -3.603065311908721924e-01  3.306240141391754150e-01  3.659982606768608093e-02  -5.273059359751641750e-04  -8.580705150961875916e-03  1.353334403038024902e+01
2.300971245858818293e-04  -3.108995556831359863e-01  2.892448604106903076e-01  3.674363344907760620e-02  -4.554005572572350502e-04  -5.177185405045747757e-03  1.357187008857727051e+01
2.173139509977772832e-04  -2.750299870967864990e-01  2.550498843193054199e-01  3.427488356828689575e-02  7.190534961409866810e-05  -9.539443068206310272e-03  1.360926198959350586e+01
6.263754912652075291e-04  -2.445293217897415161e-01  2.254951745271682739e-01  3.432282060384750366e-02  7.190534961409866810e-05  -3.523362334817647934e-03  1.364982390403747559e+01
6.263754912652075291e-04  -2.391220480203628540e-01  2.204969525337219238e-01  2.777943387627601624e-02  7.190534961409866810e-05  -1.196025684475898743e-02  1.368081998825073242e+01
-1.278317358810454607e-04  1.972443610429763794e-02  -4.410194698721170425e-03  1.253549940884113312e-02  4.256796836853027344e-02  -5.249090492725372314e-03  1.449331688880920410e+01
-1.278317358810454607e-04  7.529288996011018753e-03  -1.879126532003283501e-03  3.739078296348452568e-03  3.523362427949905396e-02  -4.386226646602153778e-03  1.454380798339843750e+01
-1.278317358810454607e-04  -8.027832955121994019e-03  -0.000000000000000000e+00  -3.947603702545166016e-02  -1.998968794941902161e-02  2.739593945443630219e-02  1.457182908058166504e+01
-1.278317358810454607e-04  4.807751625776290894e-02  -5.077476426959037781e-02  -1.483647059649229050e-02  2.914563566446304321e-02  2.770752832293510437e-02  1.460166692733764648e+01
4.729774082079529762e-04  1.388124823570251465e-01  -1.355655491352081299e-01  -1.327852159738540649e-02  1.850364357233047485e-02  1.299090031534433365e-02  1.463524603843688965e+01
7.363107986748218536e-03  2.578749656677246094e-01  -2.495658993721008301e-01  -4.611529782414436340e-02  3.739078296348452568e-03  2.133192028850317001e-03  1.467600297927856445e+01
9.421198628842830658e-03  3.648062050342559814e-01  -3.565738499164581299e-01  2.066080458462238312e-02  3.547330619767308235e-03  1.078580319881439209e-02  1.471511697769165039e+01
9.945308789610862732e-03  4.445987641811370850e-01  -4.366348683834075928e-01  -3.882888937368988991e-03  7.765777874737977982e-03  3.487409651279449463e-02  1.474943590164184570e+01
1.196505036205053329e-02  5.327771306037902832e-01  -5.209143161773681641e-01  -2.984072081744670868e-02  -2.924151020124554634e-03  1.481250301003456116e-02  1.478403401374816895e+01
1.262977533042430878e-02  5.941619277000427246e-01  -5.812253355979919434e-01  -2.816293016076087952e-02  -3.906857687979936600e-03  1.112136151641607285e-02  1.481837201118469238e+01
1.573608629405498505e-02  6.531562209129333496e-01  -6.380976438522338867e-01  -2.576608397066593170e-02  -2.159557491540908813e-02  1.569933444261550903e-02  1.485313987731933594e+01
1.600453257560729980e-02  7.026526927947998047e-01  -6.907387971878051758e-01  -3.000850044190883636e-02  -1.124120317399501801e-02  3.259709477424621582e-02  1.488457107543945312e+01
1.773026213049888611e-02  7.448627352714538574e-01  -7.296251654624938965e-01  -2.571814693510532379e-02  -2.816293016076087952e-02  2.871420420706272125e-02  1.491574406623840332e+01
1.880404911935329437e-02  7.718863487243652344e-01  -7.590008974075317383e-01  -4.077033326029777527e-02  3.043993143364787102e-03  2.734800241887569427e-02  1.494763708114624023e+01
2.035081200301647186e-02  7.930552959442138672e-01  -7.770763635635375977e-01  -3.506584465503692627e-02  2.590989507734775543e-02  2.842658199369907379e-02  1.498169589042663574e+01
1.762799546122550964e-02  8.058640360832214355e-01  -7.869321703910827637e-01  -2.813896164298057556e-02  -2.694053947925567627e-02  2.380067110061645508e-02  1.501294803619384766e+01
1.840776950120925903e-02  8.082033395767211914e-01  -7.950366735458374023e-01  -2.471147291362285614e-02  4.817658569663763046e-03  3.403519839048385620e-02  1.504150795936584473e+01
1.928980834782123566e-02  8.084206581115722656e-01  -7.937967181205749512e-01  -3.238137811422348022e-02  4.192082211375236511e-02  2.339320816099643707e-02  1.507502698898315430e+01
1.725728437304496765e-02  8.086763620376586914e-01  -7.916235923767089844e-01  -2.351305074989795685e-02  -1.457281783223152161e-02  3.235740959644317627e-02  1.510246491432189941e+01
1.738511584699153900e-02  8.000349402427673340e-01  -7.823302149772644043e-01  -2.284193411469459534e-02  3.238137811422348022e-02  2.703641168773174286e-02  1.513235306739807129e+01
1.738511584699153900e-02  7.846567630767822266e-01  -7.658526897430419922e-01  -2.888198383152484894e-02  3.897270187735557556e-02  2.317749150097370148e-02  1.516723704338073730e+01
1.649029366672039032e-02  7.621839642524719238e-01  -7.483142018318176270e-01  -3.161438554525375366e-02  1.718537881970405579e-02  1.711347326636314392e-02  1.520035099983215332e+01
1.502022892236709595e-02  7.483142018318176270e-01  -7.334089875221252441e-01  -3.667172789573669434e-02  8.125305175781250000e-03  1.766474731266498566e-02  1.523572993278503418e+01
1.657977513968944550e-02  7.378191947937011719e-01  -7.213544845581054688e-01  -2.768355980515480042e-02  -1.617870479822158813e-02  1.888713985681533813e-02  1.526774406433105469e+01
1.432993728667497635e-02  7.241156697273254395e-01  -7.073696851730346680e-01  -2.066080458462238312e-02  -1.186438277363777161e-02  8.317052386701107025e-03  1.529708504676818848e+01
1.297492068260908127e-02  6.961076855659484863e-01  -6.877986788749694824e-01  -1.970206573605537415e-02  -3.331614658236503601e-03  1.061802357435226440e-02  1.533335399627685547e+01
1.242524478584527969e-02  6.652235388755798340e-01  -6.549330949783325195e-01  -2.487925253808498383e-02  4.319114983081817627e-02  3.245328366756439209e-02  1.537072300910949707e+01
1.167103741317987442e-02  6.331761479377746582e-01  -6.235248446464538574e-01  -1.294296327978372574e-02  2.648513764142990112e-02  2.845055051147937775e-02  1.541343498229980469e+01
1.137702446430921555e-02  5.956575274467468262e-01  -5.927045941352844238e-01  -6.327670998871326447e-03  -1.617870479822158813e-02  4.649879410862922668e-03  1.545197606086730957e+01
1.061003375798463821e-02  5.639424920082092285e-01  -5.573591589927673340e-01  -6.807039957493543625e-03  2.159557491540908813e-02  1.294296327978372574e-02  1.548610496520996094e+01
1.115971058607101440e-02  5.314348936080932617e-01  -5.206714272499084473e-01  -1.850364357233047485e-02  -3.978762775659561157e-03  2.193113230168819427e-02  1.551833701133728027e+01
7.529288996011018753e-03  5.038871169090270996e-01  -4.877419769763946533e-01  -1.373392250388860703e-02  -2.159557491540908813e-02  0.000000000000000000e+00  1.554649090766906738e+01
6.902913562953472137e-03  4.617410004138946533e-01  -4.551576673984527588e-01  -1.054611871950328350e-03  -2.574211545288562775e-02  6.471481756307184696e-04  1.559059596061706543e+01
9.574596770107746124e-03  4.116565287113189697e-01  -4.048175513744354248e-01  -6.831008475273847580e-03  -1.838380098342895508e-02  1.222390960901975632e-02  1.563789987564086914e+01
3.860518336296081543e-03  3.719136416912078857e-01  -3.628503680229187012e-01  -5.416869651526212692e-03  -3.000850044190883636e-02  -1.294296327978372574e-02  1.567256999015808105e+01
7.145794108510017395e-03  3.279906511306762695e-01  -3.258175253868103027e-01  -4.314321267884224653e-04  -3.405916690826416016e-02  -1.356614287942647934e-02  1.571432399749755859e+01
9.024920873343944550e-03  2.943453490734100342e-01  -2.862919569015502930e-01  -1.749696908518671989e-03  4.002731293439865112e-03  8.053399622440338135e-03  1.575522589683532715e+01
2.940129954367876053e-03  2.609684765338897705e-01  -2.565327286720275879e-01  -8.388957940042018890e-04  5.177185405045747757e-03  3.238137811422348022e-02  1.579316091537475586e+01
3.336408175528049469e-03  2.289338558912277222e-01  -2.261215597391128540e-01  -5.512743955478072166e-04  -4.362257942557334900e-02  -1.126517169177532196e-02  1.583298897743225098e+01
5.790777504444122314e-03  2.280773818492889404e-01  -2.233603894710540771e-01  -4.074636672157794237e-04  1.876729726791381836e-02  -4.319114983081817627e-02  1.587341904640197754e+01
0.000000000000000000e+00  -1.802427461370825768e-03  1.393365906551480293e-03  4.122573509812355042e-02  -3.329217806458473206e-02  4.793690095539204776e-05  1.667995500564575195e+01
0.000000000000000000e+00  -2.786731813102960587e-03  2.211489016190171242e-03  2.916960418224334717e-02  1.768871583044528961e-02  4.793690095539204776e-05  1.671879005432128906e+01
0.000000000000000000e+00  -9.970875689759850502e-04  1.278317300602793694e-03  -2.159557491540908813e-02  2.643720060586929321e-02  1.078580273315310478e-03  1.675046086311340332e+01
-2.013349905610084534e-02  -3.562670573592185974e-02  4.038204625248908997e-02  4.937500692903995514e-03  2.159557491540908813e-02  -8.077368140220642090e-03  1.678177595138549805e+01
-6.158933043479919434e-02  -1.001178175210952759e-01  1.093344837427139282e-01  -1.989381387829780579e-02  3.331614658236503601e-03  -6.529006361961364746e-02  1.681713604927062988e+01
-1.081200838088989258e-01  -1.681498587131500244e-01  1.753212213516235352e-01  -6.902914028614759445e-03  -3.914048150181770325e-02  -1.016741693019866943e-01  1.685556101799011230e+01
-1.412924230098724365e-01  -2.191675156354904175e-01  2.365526258945465088e-01  -2.998453192412853241e-02  1.246359478682279587e-02  -1.302685290575027466e-01  1.689504504203796387e+01
-1.705147475004196167e-01  -2.712973058223724365e-01  2.903442084789276123e-01  -4.065049067139625549e-02  4.733768850564956665e-02  -1.619787961244583130e-01  1.694097304344177246e+01
-1.980241388082504272e-01  -3.209599256515502930e-01  3.419243395328521729e-01  -5.682919546961784363e-02  -1.217597257345914841e-02  -1.891110837459564209e-01  1.698222708702087402e+01
-2.151919454336166382e-01  -3.582740128040313721e-01  3.829583227634429932e-01  -5.539108812808990479e-02  -2.763562463223934174e-02  -2.102752178907394409e-01  1.701982688903808594e+01
-2.334207445383071899e-01  -3.949233591556549072e-01  4.253728687763214111e-01  -6.382798403501510620e-02  2.159557491540908813e-02  -2.240570783615112305e-01  1.705445790290832520e+01
-2.444270551204681396e-01  -4.186617136001586914e-01  4.500571787357330322e-01  -6.958041340112686157e-02  2.159557491540908813e-02  -2.295218855142593384e-01  1.708889794349670410e+01
-2.534647583961486816e-01  -4.379259645938873291e-01  4.689379334449768066e-01  -6.440322846174240112e-02  1.438107062131166458e-02  -2.412664294242858887e-01  1.712267208099365234e+01
-2.555739879608154297e-01  -4.470659196376800537e-01  4.868599474430084229e-01  -6.461894512176513672e-02  9.443569928407669067e-03  -2.372157573699951172e-01  1.715790796279907227e+01
-2.599841952323913574e-01  -4.655376076698303223e-01  5.048714280128479004e-01  -7.372695207595825195e-02  4.340686276555061340e-02  -2.501347661018371582e-01  1.719199991226196289e+01
-2.632055282592773438e-01  -4.648473262786865234e-01  5.118893980979919434e-01  -7.487744092941284180e-02  1.850364357233047485e-02  -2.443583607673645020e-01  1.722886705398559570e+01
-2.561108767986297607e-01  -4.672505557537078857e-01  5.209143161773681641e-01  -6.977216154336929321e-02  -2.468750439584255219e-02  -2.407630831003189087e-01  1.727510595321655273e+01
-2.547175288200378418e-01  -4.679664075374603271e-01  5.217835903167724609e-01  -7.389473170042037964e-02  -1.850364357233047485e-02  -2.437591403722763062e-01  1.730662608146667480e+01
-2.535798251628875732e-01  -4.636329114437103271e-01  5.171816349029541016e-01  -7.101851701736450195e-02  -9.659285657107830048e-03  -2.385819554328918457e-01  1.734051108360290527e+01
-2.445293217897415161e-01  -4.582384228706359863e-01  5.160822868347167969e-01  -7.348726689815521240e-02  1.006674952805042267e-02  -2.345552593469619751e-01  1.737971186637878418e+01
-2.347501963376998901e-01  -4.474110603332519531e-01  5.120300054550170898e-01  -6.656038761138916016e-02  2.590989507734775543e-02  -2.252794653177261353e-01  1.741116690635681152e+01
-2.286398410797119141e-01  -4.443686902523040771e-01  5.036697983741760254e-01  -7.348726689815521240e-02  -9.443569928407669067e-03  -2.152606546878814697e-01  1.744739603996276855e+01
-2.238589376211166382e-01  -4.357016980648040771e-01  4.984926283359527588e-01  -6.826214492321014404e-02  3.554521128535270691e-02  -2.071832865476608276e-01  1.748055386543273926e+01
-2.141181528568267822e-01  -4.225094616413116455e-01  4.906309843063354492e-01  -6.878945231437683105e-02  1.656219922006130219e-02  -2.070634514093399048e-01  1.751141905784606934e+01
-2.036998718976974487e-01  -4.202212691307067871e-01  4.785380959510803223e-01  -6.325273960828781128e-02  -9.203884750604629517e-03  -2.071832865476608276e-01  1.754094195365905762e+01
-1.924378871917724609e-01  -3.977740108966827393e-01  4.595934450626373291e-01  -6.540989875793457031e-02  -4.266384057700634003e-03  -1.914360225200653076e-01  1.757617187500000000e+01
-1.823136210441589355e-01  -3.732303082942962646e-01  4.351647794246673584e-01  -6.289321184158325195e-02  2.159557491540908813e-02  -1.814891099929809570e-01  1.761701393127441406e+01
-1.711666882038116455e-01  -3.550654351711273193e-01  4.152997434139251709e-01  -5.301821231842041016e-02  -4.601942375302314758e-03  -1.697685420513153076e-01  1.765410900115966797e+01
-1.550854593515396118e-01  -3.359290063381195068e-01  3.938240110874176025e-01  -5.824333429336547852e-02  1.687378995120525360e-02  -1.622664183378219604e-01  1.769265890121459961e+01
-1.452296376228332520e-01  -3.150924444198608398e-01  3.772058784961700439e-01  -4.561196267604827881e-02  3.547330619767308235e-03  -1.527269631624221802e-01  1.772940492630004883e+01
-1.346835196018218994e-01  -2.958921194076538086e-01  3.573664128780364990e-01  -4.743356257677078247e-02  -3.233344107866287231e-02  -1.420610100030899048e-01  1.777064895629882812e+01
-1.278828680515289307e-01  -2.759120166301727295e-01  3.381405174732208252e-01  -4.223240911960601807e-02  -2.849848754703998566e-02  -1.314429789781570435e-01  1.780664801597595215e+01
-1.170427352190017700e-01  -2.589998841285705566e-01  3.181220591068267822e-01  -4.549212008714675903e-02  3.619236173108220100e-03  -1.198901906609535217e-01  1.784265398979187012e+01
-1.038632839918136597e-01  -2.371917814016342163e-01  2.921082973480224609e-01  -4.091414436697959900e-02  -2.159557491540908813e-02  -1.125558465719223022e-01  1.788181304931640625e+01
-9.416085481643676758e-02  -2.182343453168869019e-01  2.719108760356903076e-01  -3.734284639358520508e-02  3.631220385432243347e-02  -1.009311452507972717e-01  1.791893005371093750e+01
-8.057234436273574829e-02  -1.884111911058425903e-01  2.408094257116317749e-01  -2.590989507734775543e-02  -3.789412230253219604e-02  -9.431585669517517090e-02  1.796064591407775879e+01
-7.306861877441406250e-02  -1.686356216669082642e-01  2.189246267080307007e-01  -2.272209152579307556e-02  -4.482100252062082291e-03  -8.494418859481811523e-02  1.800111699104309082e+01
-6.400535255670547485e-02  -1.479396671056747437e-01  1.955825537443161011e-01  -3.012834303081035614e-02  3.952397406101226807e-02  -6.871754676103591919e-02  1.804148793220520020e+01
-6.137201562523841858e-02  -1.447183042764663696e-01  1.902391910552978516e-01  -3.269296512007713318e-02  -3.834952134639024734e-03  -7.200122624635696411e-02  1.807670998573303223e+01
0.000000000000000000e+00  2.684466307982802391e-04  -5.381715949624776840e-03  -1.917476038215681911e-04  1.114533003419637680e-02  6.231797160580754280e-04  1.888395094871520996e+01
1.099352957680821419e-03  8.181231096386909485e-04  -3.272492438554763794e-03  2.396845047769602388e-05  -4.484497010707855225e-02  1.006674952805042267e-03  1.893041992187500000e+01
0.000000000000000000e+00  3.029612125828862190e-03  -8.692558039911091328e-04  2.396845047769602388e-05  -1.579520851373672485e-02  1.006674952805042267e-03  1.896420097351074219e+01
4.410194698721170425e-03  2.854482643306255341e-02  -2.996375784277915955e-02  1.749696908518671989e-03  2.528671547770500183e-02  8.077368140220642090e-03  1.899620699882507324e+01
2.253673411905765533e-02  5.783107876777648926e-02  -6.914418190717697144e-02  1.282312162220478058e-02  1.651426218450069427e-02  1.176850963383913040e-02  1.902992606163024902e+01
4.742557555437088013e-02  1.157899871468544006e-01  -1.397072970867156982e-01  6.807039957493543625e-03  -4.513259232044219971e-02  5.337774008512496948e-02  1.907235407829284668e+01
6.933593004941940308e-02  1.693898290395736694e-01  -1.959532648324966431e-01  7.190535310655832291e-03  3.099120594561100006e-02  7.025153189897537231e-02  1.912042903900146484e+01
8.032946288585662842e-02  1.967969536781311035e-01  -2.339576482772827148e-01  1.833586394786834717e-02  3.238137811422348022e-02  8.547149598598480225e-02  1.915688204765319824e+01
9.251182526350021362e-02  2.292662113904953003e-01  -2.670788466930389404e-01  1.850364357233047485e-02  3.422694653272628784e-02  9.968478977680206299e-02  1.919116401672363281e+01
9.835373610258102417e-02  2.498854696750640869e-01  -2.897945344448089600e-01  2.660498023033142090e-02  1.339836418628692627e-02  1.044065728783607483e-01  1.922483897209167480e+01
1.045535728335380554e-01  2.697761058807373047e-01  -3.092633187770843506e-01  2.806705608963966370e-02  9.155948646366596222e-03  1.166065111756324768e-01  1.925927400588989258e+01
1.144349724054336548e-01  2.880176901817321777e-01  -3.323752880096435547e-01  1.617870479822158813e-02  2.590989507734775543e-02  1.139939501881599426e-01  1.929524588584899902e+01
1.145628020167350769e-01  3.006602525711059570e-01  -3.473827540874481201e-01  3.295661881566047668e-02  2.159557491540908813e-02  1.219275072216987610e-01  1.932834291458129883e+01
1.164419278502464294e-01  3.095701038837432861e-01  -3.521380722522735596e-01  3.307646140456199646e-02  3.238137811422348022e-02  1.315388530492782593e-01  1.936544895172119141e+01
1.165186241269111633e-01  3.150924444198608398e-01  -3.569189906120300293e-01  2.590989507734775543e-02  3.238137811422348022e-02  1.249715015292167664e-01  1.939571690559387207e+01
1.148184612393379211e-01  3.209599256515502930e-01  -3.595267534255981445e-01  1.617870479822158813e-02  2.928944677114486694e-02  1.209208369255065918e-01  1.942998003959655762e+01
1.128115057945251465e-01  3.247821033000946045e-01  -3.616359829902648926e-01  2.931341528892517090e-02  -2.900182502344250679e-03  1.185239925980567932e-01  1.946661090850830078e+01
1.142432242631912231e-01  3.269424438476562500e-01  -3.625819385051727295e-01  3.806189820170402527e-02  -2.756371861323714256e-03  1.165585741400718689e-01  1.950010108947753906e+01
1.137446761131286621e-01  3.277477920055389404e-01  -3.635151088237762451e-01  3.238137811422348022e-02  -3.163835499435663223e-03  1.197224110364913940e-01  1.953229188919067383e+01
1.091555207967758179e-01  3.290388882160186768e-01  -3.603321015834808350e-01  3.775031119585037231e-02  -1.859951764345169067e-02  1.139939501881599426e-01  1.956663894653320312e+01
1.062153875827789307e-01  3.227495551109313965e-01  -3.557940721511840820e-01  1.802427507936954498e-02  2.159557491540908813e-02  1.055330857634544373e-01  1.960176086425781250e+01
9.978545457124710083e-02  3.142232000827789307e-01  -3.466029763221740723e-01  3.238137811422348022e-02  -2.586195804178714752e-02  1.043586358428001404e-01  1.963932299613952637e+01
9.416085481643676758e-02  3.025393784046173096e-01  -3.273131549358367920e-01  3.206978738307952881e-02  -1.438107062131166458e-02  9.623333066701889038e-02  1.967041802406311035e+01
8.879192173480987549e-02  2.910984158515930176e-01  -3.201673626899719238e-01  2.353701926767826080e-02  4.026699811220169067e-03  8.666991442441940308e-02  1.971036100387573242e+01
8.073852211236953735e-02  2.721537649631500244e-01  -2.895261049270629883e-01  3.825364634394645691e-02  -4.386226646602153778e-03  8.470450341701507568e-02  1.975394892692565918e+01
7.574030011892318726e-02  2.645605504512786865e-01  -2.794145941734313965e-01  3.357980027794837952e-02  -4.218447487801313400e-03  7.672300934791564941e-02  1.978876495361328125e+01
7.122784107923507690e-02  2.498854696750640869e-01  -2.651357948780059814e-01  1.176850963383913040e-02  2.483131550252437592e-02  7.300790399312973022e-02  1.982266092300415039e+01
6.629353761672973633e-02  2.399657368659973145e-01  -2.524293363094329834e-01  1.294296327978372574e-02  -3.417900949716567993e-02  6.260559707880020142e-02  1.985670495033264160e+01
6.069450825452804565e-02  2.220820784568786621e-01  -2.313243150711059570e-01  2.869023568928241730e-02  3.091930178925395012e-03  6.155098229646682739e-02  1.989542698860168457e+01
5.472476407885551453e-02  2.077265679836273193e-01  -2.136707454919815063e-01  2.375273406505584717e-02  -2.590989507734775543e-02  5.563077330589294434e-02  1.993927597999572754e+01
5.021230503916740417e-02  1.881427466869354248e-01  -1.931920945644378662e-01  6.998787634074687958e-03  -3.341202065348625183e-02  4.923119768500328064e-02  1.998008799552917480e+01
4.297702759504318237e-02  1.743497103452682495e-01  -1.742090880870819092e-01  2.471147291362285614e-02  -5.464806687086820602e-03  4.187288507819175720e-02  2.001572299003601074e+01
3.571618720889091492e-02  1.499466300010681152e-01  -1.465718746185302734e-01  7.046724669635295868e-03  -1.438107062131166458e-02  3.175819665193557739e-02  2.008148908615112305e+01
3.482136502861976624e-02  1.458432227373123169e-01  -1.433632969856262207e-01  3.223756700754165649e-02  2.897785790264606476e-02  3.516171872615814209e-02  2.011656904220581055e+01
-2.556634717620909214e-04  -4.180097952485084534e-03  1.009870669804513454e-03  3.053580597043037415e-02  1.378185953944921494e-02  0.000000000000000000e+00  2.093792295455932617e+01
-2.556634717620909214e-04  -3.131877398118376732e-03  1.342233270406723022e-03  -1.025849673897027969e-02  -5.033374764025211334e-03  0.000000000000000000e+00  2.099167799949645996e+01
-4.474110610317438841e-04  -3.004045691341161728e-03  7.158577209338545799e-04  -5.872270558029413223e-03  2.590989507734775543e-02  0.000000000000000000e+00  2.102179408073425293e+01
-3.466796502470970154e-02  -4.916408658027648926e-02  4.610890522599220276e-02  -2.861833013594150543e-02  -2.751578204333782196e-02  -4.026699811220169067e-02  2.105164599418640137e+01
-9.848156571388244629e-02  -1.494480818510055542e-01  1.374574601650238037e-01  2.938532084226608276e-02  3.463441133499145508e-02  -9.822271019220352173e-02  2.109284186363220215e+01
-1.671911329030990601e-01  -2.483642846345901489e-01  2.328071594238281250e-01  -7.717841304838657379e-03  4.074636846780776978e-03  -1.759284287691116333e-01  2.113017106056213379e+01
-2.214940488338470459e-01  -3.334490954875946045e-01  3.160256147384643555e-01  4.278368502855300903e-02  -1.335042715072631836e-02  -2.221635729074478149e-01  2.117019701004028320e+01
-2.662734985351562500e-01  -4.106466770172119141e-01  3.798136413097381592e-01  9.587380103766918182e-03  -3.676760196685791016e-02  -2.718741297721862793e-01  2.120637893676757812e+01
-2.990623414516448975e-01  -4.630193412303924561e-01  4.279167354106903076e-01  1.517202891409397125e-02  -1.620267331600189209e-02  -2.994138896465301514e-01  2.123896193504333496e+01
-3.198350071907043457e-01  -5.081950426101684570e-01  4.678513705730438232e-01  3.549727424979209900e-02  3.070358559489250183e-02  -3.208656609058380127e-01  2.127273797988891602e+01
-3.427424430847167969e-01  -5.533580183982849121e-01  5.055489540100097656e-01  3.247725218534469604e-02  1.979793980717658997e-02  -3.424851894378662109e-01  2.130589604377746582e+01
-3.643332421779632568e-01  -5.866581797599792480e-01  5.311920046806335449e-01  3.142263740301132202e-02  -4.319114983081817627e-02  -3.554760813713073730e-01  2.133963799476623535e+01
-3.736393749713897705e-01  -6.102558970451354980e-01  5.477334260940551758e-01  3.825364634394645691e-02  -1.514806132763624191e-02  -3.631460070610046387e-01  2.136938905715942383e+01
-3.851314485073089600e-01  -6.395421624183654785e-01  5.719958543777465820e-01  4.055462032556533813e-02  -1.517202891409397125e-02  -3.761608600616455078e-01  2.140757107734680176e+01
-3.864225447177886963e-01  -6.594583392143249512e-01  5.912089943885803223e-01  3.782221674919128418e-02  2.914563566446304321e-02  -3.780304193496704102e-01  2.144153904914855957e+01
-3.878798484802246094e-01  -6.704646944999694824e-01  6.008091568946838379e-01  4.180097952485084534e-02  1.217597257345914841e-02  -3.726614713668823242e-01  2.147712492942810059e+01
-3.893754780292510986e-01  -6.774954199790954590e-01  6.084790825843811035e-01  4.400607571005821228e-02  3.187804017215967178e-03  -3.770956397056579590e-01  2.151237797737121582e+01
-3.798136413097381592e-01  -6.754756569862365723e-01  6.058713197708129883e-01  4.338289424777030945e-02  -3.475425299257040024e-03  -3.724697232246398926e-01  2.154461789131164551e+01
-3.747770786285400391e-01  -6.643670797348022461e-01  6.018190383911132812e-01  3.719903528690338135e-02  3.659982606768608093e-02  -3.662618994712829590e-01  2.157206296920776367e+01
-3.618277311325073242e-01  -6.499348878860473633e-01  5.873484611511230469e-01  4.144145175814628601e-02  1.438107062131166458e-02  -3.499633371829986572e-01  2.160602807998657227e+01
-3.455163836479187012e-01  -6.264905333518981934e-01  5.628047585487365723e-01  4.386226460337638855e-02  2.938532084226608276e-02  -3.350310027599334717e-01  2.164077687263488770e+01
-3.245519995689392090e-01  -5.861340761184692383e-01  5.323552489280700684e-01  4.050668329000473022e-02  2.502306178212165833e-02  -3.175579905509948730e-01  2.167935895919799805e+01
-2.969786822795867920e-01  -5.419937968254089355e-01  4.981474876403808594e-01  3.770237416028976440e-02  -1.294296327978372574e-02  -2.990303933620452881e-01  2.171954393386840820e+01
-2.860234975814819336e-01  -5.175778865814208984e-01  4.773748219013214111e-01  4.031493514776229858e-02  -2.732403343543410301e-03  -2.801911830902099609e-01  2.175333404541015625e+01
-2.681270539760589600e-01  -4.875246584415435791e-01  4.493668973445892334e-01  3.252518922090530396e-02  -1.850364357233047485e-02  -2.623107135295867920e-01  2.178950500488281250e+01
-2.462934106588363647e-01  -4.526649713516235352e-01  4.248999059200286865e-01  3.707919269800186157e-02  1.615473628044128418e-02  -2.478577494621276855e-01  2.182578206062316895e+01
-2.302888780832290649e-01  -4.207198023796081543e-01  3.953707814216613770e-01  2.753975056111812592e-02  -3.439472615718841553e-02  -2.287788689136505127e-01  2.186114597320556641e+01
-2.054383754730224609e-01  -3.713767528533935547e-01  3.561264276504516602e-01  3.101517446339130402e-02  -1.078580319881439209e-02  -2.007837146520614624e-01  2.190856790542602539e+01
-1.791306138038635254e-01  -3.252422809600830078e-01  3.139803111553192139e-01  1.893507689237594604e-02  1.850364357233047485e-02  -1.842694431543350220e-01  2.194823908805847168e+01
-1.562615185976028442e-01  -2.848346829414367676e-01  2.743908166885375977e-01  1.998968794941902161e-02  -2.943325787782669067e-02  -1.607324331998825073e-01  2.199576497077941895e+01
-1.369077861309051514e-01  -2.470859587192535400e-01  2.415636330842971802e-01  1.176850963383913040e-02  2.586195804178714752e-02  -1.371954083442687988e-01  2.204273796081542969e+01
-1.331878900527954102e-01  -2.330756038427352905e-01  2.307235002517700195e-01  2.655704319477081299e-02  -2.590989507734775543e-02  -1.351580917835235596e-01  2.208382892608642578e+01
1.674595754593610764e-03  3.425890579819679260e-03  -1.738511607982218266e-03  -1.617870479822158813e-02  -4.477306455373764038e-02  2.348908223211765289e-03  2.289510297775268555e+01
2.888997318223118782e-03  7.925567333586513996e-04  -1.342233270406723022e-03  -2.684466540813446045e-02  1.634648256003856659e-02  9.587380336597561836e-04  2.294046497344970703e+01
8.309062686748802662e-04  1.393365906551480293e-03  -8.053399506025016308e-04  -2.159557491540908813e-02  -3.719903528690338135e-02  5.392901599407196045e-03  2.297189998626708984e+01
3.895033150911331177e-02  6.744402647018432617e-02  -6.959159672260284424e-02  1.160073000937700272e-02  -3.667172975838184357e-03  4.426972940564155579e-02  2.301283788681030273e+01
1.031857728958129883e-01  1.822369247674942017e-01  -1.789005100727081299e-01  2.590989507734775543e-02  3.492203354835510254e-02  1.053892746567726135e-01  2.305015993118286133e+01
1.698116809129714966e-01  2.929392158985137939e-01  -2.957003712654113770e-01  -1.850364357233047485e-02  3.933222591876983643e-02  1.802427470684051514e-01  2.308975100517272949e+01
2.278728485107421875e-01  3.943736851215362549e-01  -4.041783809661865234e-01  -4.029096662998199463e-02  -1.850364357233047485e-02  2.399481534957885742e-01  2.313175392150878906e+01
2.835180163383483887e-01  5.006273984909057617e-01  -5.100997686386108398e-01  -1.140898279845714569e-02  -5.033374764025211334e-03  2.949317991733551025e-01  2.317765402793884277e+01
3.125358223915100098e-01  5.694264769554138184e-01  -5.735682249069213867e-01  3.149454295635223389e-02  -3.787015378475189209e-02  3.226632773876190186e-01  2.321081709861755371e+01
3.404798209667205811e-01  6.318850517272949219e-01  -6.452690362930297852e-01  4.290352575480937958e-03  2.502306178212165833e-02  3.490525484085083008e-01  2.324831199645996094e+01
3.635151088237762451e-01  6.852675676345825195e-01  -7.049664258956909180e-01  -1.033040229231119156e-02  3.259709337726235390e-03  3.770237267017364502e-01  2.328756904602050781e+01
3.754162490367889404e-01  7.156404256820678711e-01  -7.414496541023254395e-01  2.590989507734775543e-02  4.319114983081817627e-02  3.836390376091003418e-01  2.332357788085937500e+01
3.874835669994354248e-01  7.421782612800598145e-01  -7.709148526191711426e-01  -4.506068769842386246e-03  1.267931051552295685e-02  4.001293182373046875e-01  2.335734105110168457e+01
3.921877741813659668e-01  7.651624083518981934e-01  -7.896166443824768066e-01  1.617870479822158813e-02  5.944175645709037781e-03  3.979002535343170166e-01  2.339211106300354004e+01
3.933893740177154541e-01  7.749798893928527832e-01  -8.013004660606384277e-01  9.851032868027687073e-03  2.679672837257385254e-02  3.968456387519836426e-01  2.342867207527160645e+01
3.932231962680816650e-01  7.754145264625549316e-01  -8.058640360832214355e-01  1.294296327978372574e-02  1.581917703151702881e-02  4.105316102504730225e-01  2.345988893508911133e+01
3.874579966068267822e-01  7.700200080871582031e-01  -7.992807030677795410e-01  2.432797662913799286e-02  8.412926457822322845e-03  3.975886702537536621e-01  2.349301290512084961e+01
3.838659226894378662e-01  7.644976973533630371e-01  -7.908437848091125488e-01  3.238137811422348022e-02  3.238137811422348022e-02  3.841902911663055420e-01  2.353180193901062012e+01
3.749560415744781494e-01  7.599085569381713867e-01  -7.849891185760498047e-01  9.946906939148902893e-03  3.571299137547612190e-03  3.760170638561248779e-01  2.356761503219604492e+01
3.669921159744262695e-01  7.551659941673278809e-01  -7.735353708267211914e-01  1.294296327978372574e-02  3.046390041708946228e-02  3.711514472961425781e-01  2.360157608985900879e+01
3.548992574214935303e-01  7.378191947937011719e-01  -7.532996535301208496e-01  1.176850963383913040e-02  4.846420884132385254e-02  3.633856773376464844e-01  2.363770008087158203e+01
3.375780582427978516e-01  7.056056261062622070e-01  -7.204340696334838867e-01  3.705522418022155762e-02  3.643204458057880402e-03  3.392015099525451660e-01  2.367512798309326172e+01
3.154120147228240967e-01  6.674989461898803711e-01  -6.810235977172851562e-01  2.475940994918346405e-02  -3.238137811422348022e-02  3.107749223709106445e-01  2.371057605743408203e+01
3.064893782138824463e-01  6.467518806457519531e-01  -6.597906947135925293e-01  3.679157048463821411e-02  3.810983616858720779e-03  3.030091524124145508e-01  2.374719905853271484e+01
2.765384018421173096e-01  5.898028612136840820e-01  -5.983675718307495117e-01  1.294296327978372574e-02  -2.948119491338729858e-02  2.725212872028350830e-01  2.379012989997863770e+01
2.579133212566375732e-01  5.499065518379211426e-01  -5.546235442161560059e-01  7.621967233717441559e-03  1.028246525675058365e-02  2.521960437297821045e-01  2.382976794242858887e+01
2.361052185297012329e-01  5.124135017395019531e-01  -5.109434723854064941e-01  9.251821786165237427e-03  -2.425607293844223022e-02  2.331411242485046387e-01  2.387159991264343262e+01
2.188990563154220581e-01  4.711494147777557373e-01  -4.803277552127838135e-01  4.072239622473716736e-02  1.680188439786434174e-02  2.053856551647186279e-01  2.391048502922058105e+01
2.009642720222473145e-01  4.340910017490386963e-01  -4.338864684104919434e-01  9.946906939148902893e-03  2.646116912364959717e-02  1.898301243782043457e-01  2.395190405845642090e+01
1.847679913043975830e-01  4.007524847984313965e-01  -4.068628549575805664e-01  1.294296327978372574e-02  -4.386226646602153778e-03  1.824718117713928223e-01  2.398928403854370117e+01
1.626914441585540771e-01  3.514222204685211182e-01  -3.562926054000854492e-01  3.758253157138824463e-02  -1.116929762065410614e-02  1.543328613042831421e-01  2.403078889846801758e+01
1.477351337671279907e-01  3.234909772872924805e-01  -3.232481181621551514e-01  2.408829331398010254e-02  2.159557491540908813e-02  1.365722268819808960e-01  2.406938409805297852e+01
1.273331940174102783e-01  2.762443721294403076e-01  -2.760526239871978760e-01  7.190535310655832291e-03  -3.528156131505966187e-02  1.256905496120452881e-01  2.411548995971679688e+01
1.216191127896308899e-01  2.620806097984313965e-01  -2.632055282592773438e-01  5.344964563846588135e-03  -3.981159627437591553e-02  1.108301132917404175e-01  2.415420603752136230e+01
