  v1     v2   v3   v4  v5   v6   t1
0.000000000000000000e+00  0.000000000000000000e+00  -0.000000000000000000e+00  0.000000000000000000e+00  0.000000000000000000e+00  0.000000000000000000e+00  0.000000000000000000e+00
0.000000000000000000e+00  0.000000000000000000e+00  -0.000000000000000000e+00  0.000000000000000000e+00  0.000000000000000000e+00  0.000000000000000000e+00  9.168386459350585938e-02
-1.188451647758483887e-01  -7.038415223360061646e-02  -6.597395986318588257e-02  -8.285893499851226807e-02  -2.350106537342071533e-01  2.018143609166145325e-02  1.770660877227783203e-01
-2.674367725849151611e-01  -1.953908056020736694e-01  -1.420721858739852905e-01  -2.190716415643692017e-01  -5.336815118789672852e-01  2.904976159334182739e-02  2.385680675506591797e-01
-1.299537420272827148e-01  -3.459382355213165283e-01  1.189090833067893982e-01  -1.545485705137252808e-01  -2.333088964223861694e-01  4.995025321841239929e-02  3.189399242401123047e-01
-2.722815843299031258e-03  -3.887874484062194824e-01  2.787882387638092041e-01  -1.403592526912689209e-01  -9.108011424541473389e-02  1.195546314120292664e-01  3.694500923156738281e-01
8.789709955453872681e-02  -4.003050923347473145e-01  3.303811252117156982e-01  -3.221359848976135254e-02  -2.231462746858596802e-01  1.620506942272186279e-01  4.113819599151611328e-01
2.173906415700912476e-01  -4.186617136001586914e-01  3.622367978096008301e-01  1.103028133511543274e-01  -4.571502506732940674e-01  1.930898427963256836e-01  4.774050712585449219e-01
3.206019997596740723e-01  -4.617410004138946533e-01  4.252834022045135498e-01  2.328295260667800903e-01  -6.052273511886596680e-01  2.100115716457366943e-01  5.459609031677246094e-01
4.056228697299957275e-01  -4.727728962898254395e-01  4.747798442840576172e-01  3.132197260856628418e-01  -6.031660437583923340e-01  2.177294045686721802e-01  5.993080139160156250e-01
3.450434207916259766e-01  -4.725939333438873291e-01  4.809029996395111084e-01  3.333771824836730957e-01  -5.978929996490478516e-01  2.155962139368057251e-01  6.402668952941894531e-01
3.316850066184997559e-01  -4.570367932319641113e-01  4.735143184661865234e-01  3.642725050449371338e-01  -5.883775353431701660e-01  2.079742401838302612e-01  6.960399150848388672e-01
3.682448863983154297e-01  -4.379259645938873291e-01  4.852748215198516846e-01  3.979002535343170166e-01  -5.553489923477172852e-01  2.102752178907394409e-01  7.443900108337402344e-01
4.146094620227813721e-01  -4.338864684104919434e-01  4.803277552127838135e-01  4.121375083923339844e-01  -5.120379924774169922e-01  2.052178829908370972e-01  7.838940620422363281e-01
4.535853564739227295e-01  -4.141236841678619385e-01  4.730157554149627686e-01  4.253441393375396729e-01  -4.626390337944030762e-01  1.969727277755737305e-01  8.295710086822509766e-01
4.892120361328125000e-01  -3.874579966068267822e-01  4.565894007682800293e-01  4.340686500072479248e-01  -3.977324664592742920e-01  1.987463980913162231e-01  8.758120536804199219e-01
5.053060650825500488e-01  -3.641542494297027588e-01  4.373762905597686768e-01  4.286038279533386230e-01  -3.298777937889099121e-01  1.843173801898956299e-01  9.255869388580322266e-01
5.075814723968505859e-01  -3.326693177223205566e-01  4.067477881908416748e-01  4.094051122665405273e-01  -2.612321376800537109e-01  1.745861917734146118e-01  9.664149284362792969e-01
5.132699608802795410e-01  -2.932843565940856934e-01  3.845562040805816650e-01  3.975886702537536621e-01  -2.010473608970642090e-01  1.678270995616912842e-01  1.007659912109375000e+00
5.093072056770324707e-01  -2.693031132221221924e-01  3.530712425708770752e-01  3.720622658729553223e-01  -1.502102762460708618e-01  1.595819443464279175e-01  1.045984983444213867e+00
5.068400502204895020e-01  -2.467791587114334106e-01  3.370283842086791992e-01  3.594069182872772217e-01  -1.023213192820549011e-01  1.539973020553588867e-01  1.083371877670288086e+00
5.129120349884033203e-01  -2.071001976728439331e-01  2.910984158515930176e-01  3.192837238311767578e-01  -3.681553900241851807e-02  1.414378285408020020e-01  1.126435995101928711e+00
5.070189833641052246e-01  -1.646472811698913574e-01  2.545129954814910889e-01  2.946681380271911621e-01  -2.564624184742569923e-03  1.261459589004516602e-01  1.173667907714843750e+00
5.053060650825500488e-01  -1.390425711870193481e-01  2.120089381933212280e-01  2.543771564960479736e-01  5.750031396746635437e-02  1.180925592780113220e-01  1.211005926132202148e+00
5.307701230049133301e-01  -8.636312186717987061e-02  1.712306141853332520e-01  2.126720696687698364e-01  1.176611259579658508e-01  1.067794486880302429e-01  1.247828960418701172e+00
5.618844032287597656e-01  -4.468997567892074585e-02  1.248660385608673096e-01  1.700082272291183472e-01  1.746341288089752197e-01  9.877398610115051270e-02  1.288775920867919922e+00
6.136690378189086914e-01  -3.834952134639024734e-03  7.819467037916183472e-02  1.201059073209762573e-01  2.314873039722442627e-01  8.968994021415710449e-02  1.327672004699707031e+00
6.553165912628173828e-01  5.583690106868743896e-02  2.086213976144790649e-02  6.634467095136642456e-02  2.794002294540405273e-01  7.418235391378402710e-02  1.366957902908325195e+00
6.749771237373352051e-01  9.872444719076156616e-02  -2.969531156122684479e-02  1.888713985681533813e-02  3.126684427261352539e-01  6.428338587284088135e-02  1.410113096237182617e+00
6.999170780181884766e-01  1.396561712026596069e-01  -7.416797429323196411e-02  -3.293265029788017273e-02  3.636253774166107178e-01  5.793174728751182556e-02  1.453684091567993164e+00
7.329744100570678711e-01  1.873885393142700195e-01  -1.256969422101974487e-01  -7.470966130495071411e-02  4.107713103294372559e-01  4.817658662796020508e-02  1.502115964889526367e+00
7.299575805664062500e-01  2.282563447952270508e-01  -1.655804514884948730e-01  -1.188355758786201477e-01  4.590437710285186768e-01  3.837348893284797668e-02  1.542519092559814453e+00
7.029083371162414551e-01  2.358367741107940674e-01  -1.855988949537277222e-01  -1.429238766431808472e-01  4.806632995605468750e-01  3.875698521733283997e-02  1.578845977783203125e+00
6.824041604995727539e-01  2.571718990802764893e-01  -2.018079608678817749e-01  -1.606605201959609985e-01  5.032895207405090332e-01  3.039199486374855042e-02  1.619332075119018555e+00
6.322941184043884277e-01  2.755540907382965088e-01  -2.246387153863906860e-01  -1.819205433130264282e-01  5.130206942558288574e-01  2.703641168773174286e-02  1.663716077804565430e+00
5.898156166076660156e-01  2.888357937335968018e-01  -2.445293217897415161e-01  -1.970206648111343384e-01  5.175028443336486816e-01  1.713744178414344788e-02  1.704444885253906250e+00
5.550837516784667969e-01  3.019769191741943359e-01  -2.514066696166992188e-01  -2.071832865476608276e-01  5.073641538619995117e-01  1.838380098342895508e-02  1.741472005844116211e+00
4.967413246631622314e-01  2.949717342853546143e-01  -2.566349804401397705e-01  -2.185922712087631226e-01  4.791772663593292236e-01  2.159557491540908813e-02  1.776890993118286133e+00
4.517829120159149170e-01  2.884267568588256836e-01  -2.600992321968078613e-01  -2.178971916437149048e-01  4.543219804763793945e-01  0.000000000000000000e+00  1.814491987228393555e+00
4.098796844482421875e-01  2.810764312744140625e-01  -2.437623292207717896e-01  -2.040673941373825073e-01  4.255118966102600098e-01  8.293083868920803070e-03  1.852500915527343750e+00
3.690885603427886963e-01  2.602142691612243652e-01  -2.277450263500213623e-01  -1.999687850475311279e-01  3.858681023120880127e-01  -2.248240634799003601e-02  1.885251045227050781e+00
3.015422821044921875e-01  2.333312630653381348e-01  -2.096951752901077271e-01  -1.838619858026504517e-01  3.263544142246246338e-01  3.377154842019081116e-02  1.937524080276489258e+00
2.645605504512786865e-01  2.250861227512359619e-01  -2.000438868999481201e-01  -1.730042845010757446e-01  2.951714694499969482e-01  5.800364911556243896e-02  1.974030017852783203e+00
2.580283582210540771e-01  2.150129824876785278e-01  -1.939207464456558228e-01  -1.682345569133758545e-01  2.785373628139495850e-01  -2.543052658438682556e-02  2.014971017837524414e+00
-3.425890579819679260e-03  -2.363608777523040771e-02  2.237055450677871704e-03  -2.159557491540908813e-02  1.584314554929733276e-02  2.159557491540908813e-02  2.831541061401367188e+00
-1.239967881701886654e-03  -1.884239725768566132e-02  7.030745618976652622e-04  -1.605886220932006836e-02  -2.590989507734775543e-02  8.772453293204307556e-03  2.884975910186767578e+00
-3.451456723269075155e-04  -2.029967866837978363e-02  4.729774082079529762e-04  4.362258128821849823e-03  3.940413147211074829e-02  -3.238137811422348022e-02  2.913655996322631836e+00
1.971165277063846588e-02  -3.760809823870658875e-02  3.649596124887466431e-02  -1.347026973962783813e-02  1.138501428067684174e-02  4.467719048261642456e-02  2.944041013717651367e+00
6.626797467470169067e-02  -8.558334410190582275e-02  9.208998084068298340e-02  3.187804017215967178e-03  -3.897270187735557556e-02  7.329551875591278076e-02  2.977056026458740234e+00
1.150102093815803528e-01  -1.392854601144790649e-01  1.562615185976028442e-01  -9.970875456929206848e-03  3.739078296348452568e-03  1.171577870845794678e-01  3.009651899337768555e+00
1.689168512821197510e-01  -2.210466414690017700e-01  2.422283589839935303e-01  -4.168113693594932556e-02  -3.379551460966467857e-03  1.825676858425140381e-01  3.058148860931396484e+00
2.088898420333862305e-01  -2.700061798095703125e-01  3.150924444198608398e-01  -3.938016295433044434e-02  3.238137811422348022e-02  2.178971916437149048e-01  3.097110033035278320e+00
2.244341820478439331e-01  -2.947799861431121826e-01  3.457848429679870605e-01  -5.141232535243034363e-02  4.170510452240705490e-03  2.348668426275253296e-01  3.121845960617065430e+00
2.506908178329467773e-01  -3.148367702960968018e-01  3.775254487991333008e-01  -4.319114983081817627e-02  -3.305249288678169250e-02  2.511174678802490234e-01  3.147367954254150391e+00
2.645605504512786865e-01  -3.465262651443481445e-01  4.053416550159454346e-01  -5.301821231842041016e-02  3.259709337726235390e-03  2.760446369647979736e-01  3.174797058105468750e+00
2.673089504241943359e-01  -3.598718941211700439e-01  4.346406757831573486e-01  -5.395298451185226440e-02  2.590989507734775543e-02  2.779381573200225830e-01  3.208910942077636719e+00
2.770369350910186768e-01  -3.667109012603759766e-01  4.508369565010070801e-01  -5.675728991627693176e-02  -3.022421710193157196e-02  2.817012071609497070e-01  3.243891954421997070e+00
2.874808013439178467e-01  -3.732303082942962646e-01  4.600791931152343750e-01  -6.023271754384040833e-02  4.458131734281778336e-03  2.826839089393615723e-01  3.273408889770507812e+00
2.809357941150665283e-01  -3.702390491962432861e-01  4.565894007682800293e-01  -6.059224531054496765e-02  -1.040230784565210342e-02  2.882925271987915039e-01  3.304821014404296875e+00
2.717830538749694824e-01  -3.665702939033508301e-01  4.583534598350524902e-01  -6.241384521126747131e-02  4.319114983081817627e-02  2.817491292953491211e-01  3.334860086441040039e+00
2.771519720554351807e-01  -3.632210791110992432e-01  4.568194746971130371e-01  -6.327670812606811523e-02  -5.081311333924531937e-03  2.733601927757263184e-01  3.368808031082153320e+00
2.654681503772735596e-01  -3.538510203361511230e-01  4.396261274814605713e-01  -5.740443989634513855e-02  -1.653823070228099823e-02  2.672722041606903076e-01  3.404721021652221680e+00
2.526338696479797363e-01  -3.469481170177459717e-01  4.216018319129943848e-01  -5.563077330589294434e-02  4.319114983081817627e-02  2.553838491439819336e-01  3.436142921447753906e+00
2.436600774526596069e-01  -3.303811252117156982e-01  3.960866332054138184e-01  -5.560680478811264038e-02  4.745753481984138489e-03  2.430161237716674805e-01  3.471570014953613281e+00
2.344050556421279907e-01  -3.147728741168975830e-01  3.772186636924743652e-01  -5.232312902808189392e-02  1.785649545490741730e-02  2.271010726690292358e-01  3.503336906433105469e+00
2.222099006175994873e-01  -3.052749633789062500e-01  3.622367978096008301e-01  -5.059739947319030762e-02  3.499393817037343979e-03  2.164590805768966675e-01  3.533355951309204102e+00
2.083529382944107056e-01  -2.863430976867675781e-01  3.402241766452789307e-01  -4.923119768500328064e-02  5.368933081626892090e-03  2.041872292757034302e-01  3.567916870117187500e+00
1.845506727695465088e-01  -2.532602250576019287e-01  3.027822375297546387e-01  -4.323908686637878418e-02  2.159557491540908813e-02  1.766474843025207520e-01  3.606150865554809570e+00
1.706553697586059570e-01  -2.329861223697662354e-01  2.720259428024291992e-01  -3.820570930838584900e-02  1.495631318539381027e-02  1.647351682186126709e-01  3.636439085006713867e+00
1.600964665412902832e-01  -2.105644345283508301e-01  2.485688030719757080e-01  -3.477822244167327881e-02  -4.297543317079544067e-02  1.512409299612045288e-01  3.664998054504394531e+00
1.428647488355636597e-01  -1.977301239967346191e-01  2.264794856309890747e-01  -3.511378169059753418e-02  4.824849218130111694e-02  1.386095434427261353e-01  3.700615882873535156e+00
-8.181231096386909485e-04  1.827993779443204403e-03  -0.000000000000000000e+00  -3.175819665193557739e-02  4.431766644120216370e-02  -1.426122803241014481e-02  4.518148899078369141e+00
-1.482848078012466431e-03  1.061003422364592552e-03  -1.712945289909839630e-03  1.438107062131166458e-02  2.962500602006912231e-02  -2.159557491540908813e-02  4.560229063034057617e+00
-7.925567333586513996e-04  3.285275539383292198e-03  -8.181231096386909485e-04  5.225122440606355667e-03  -2.590989507734775543e-02  -3.307646140456199646e-02  4.589075088500976562e+00
-2.302249521017074585e-02  2.566861175000667572e-02  -3.520486131310462952e-02  4.554005712270736694e-02  2.842658199369907379e-02  -1.294296327978372574e-02  4.620110988616943359e+00
-4.385906830430030823e-02  8.000988513231277466e-02  -1.060619875788688660e-01  4.319114983081817627e-02  -3.235740819945931435e-03  -3.885285928845405579e-02  4.650276899337768555e+00
-8.542995154857635498e-02  1.557885408401489258e-01  -2.133256047964096069e-01  4.101001843810081482e-02  2.159557491540908813e-02  -8.765262365341186523e-02  4.690823078155517578e+00
-1.185255870223045349e-01  2.449256032705307007e-01  -3.209599256515502930e-01  6.682404130697250366e-02  4.184891656041145325e-02  -1.265054792165756226e-01  4.729690074920654297e+00
-1.571052074432373047e-01  2.950612008571624756e-01  -3.981958627700805664e-01  8.789230883121490479e-02  -4.434163216501474380e-03  -1.504020243883132935e-01  4.762809038162231445e+00
-1.820707470178604126e-01  3.567528128623962402e-01  -4.789471626281738281e-01  1.037594228982925415e-01  2.590989507734775543e-02  -1.801468729972839355e-01  4.799424886703491211e+00
-1.931920945644378662e-01  3.857066929340362549e-01  -5.314348936080932617e-01  1.106863021850585938e-01  3.403519978746771812e-03  -1.937849223613739014e-01  4.828665971755981445e+00
-2.176207453012466431e-01  4.257947206497192383e-01  -5.932159423828125000e-01  1.188835129141807556e-01  -1.512409280985593796e-02  -2.087891697883605957e-01  4.859960079193115234e+00
-2.337914556264877319e-01  4.740512073040008545e-01  -6.546646356582641602e-01  1.283031105995178223e-01  1.795236952602863312e-02  -2.230024635791778564e-01  4.895977020263671875e+00
-2.378309369087219238e-01  4.941719174385070801e-01  -6.934232711791992188e-01  1.355415880680084229e-01  -2.569417841732501984e-02  -2.289945781230926514e-01  4.927016973495483398e+00
-2.472777068614959717e-01  5.132699608802795410e-01  -7.227350473403930664e-01  1.391368508338928223e-01  1.438107062131166458e-02  -2.353222519159317017e-01  4.956001043319702148e+00
-2.517134547233581543e-01  5.241357088088989258e-01  -7.532996535301208496e-01  1.506656855344772339e-01  -4.649879410862922668e-03  -2.428723126649856567e-01  4.987334966659545898e+00
-2.565327286720275879e-01  5.376730561256408691e-01  -7.676934599876403809e-01  1.483886837959289551e-01  -1.315867993980646133e-02  -2.406911849975585938e-01  5.014609098434448242e+00
-2.597796618938446045e-01  5.494207739830017090e-01  -7.699688673019409180e-01  1.505937725305557251e-01  3.453853726387023926e-02  -2.437112033367156982e-01  5.050472974777221680e+00
-2.534647583961486816e-01  5.596601366996765137e-01  -7.765777707099914551e-01  1.543328613042831421e-01  3.432282060384750366e-02  -2.422491312026977539e-01  5.088881969451904297e+00
-2.491696178913116455e-01  5.553522109985351562e-01  -7.796968817710876465e-01  1.528707742691040039e-01  1.289502624422311783e-02  -2.430880218744277954e-01  5.119616031646728516e+00
-2.552544176578521729e-01  5.556334257125854492e-01  -7.789810299873352051e-01  1.518161743879318237e-01  2.514290437102317810e-02  -2.397084832191467285e-01  5.149456024169921875e+00
-2.436600774526596069e-01  5.652591586112976074e-01  -7.702501416206359863e-01  1.538055539131164551e-01  -2.694053947925567627e-02  -2.349387556314468384e-01  5.181427955627441406e+00
-2.391220480203628540e-01  5.484492778778076172e-01  -7.644976973533630371e-01  1.568016111850738525e-01  -3.238137811422348022e-02  -2.293780744075775146e-01  5.209970951080322266e+00
-2.314137965440750122e-01  5.386062264442443848e-01  -7.361446022987365723e-01  1.550998389720916748e-01  -2.502306178212165833e-02  -2.247761338949203491e-01  5.248416900634765625e+00
-2.169304490089416504e-01  5.251072049140930176e-01  -7.019112706184387207e-01  1.564660519361495972e-01  4.371845349669456482e-02  -2.093883901834487915e-01  5.283235073089599609e+00
-2.022042423486709595e-01  4.979813098907470703e-01  -6.655303835868835449e-01  1.395922601222991943e-01  -1.059405505657196045e-02  -2.009514868259429932e-01  5.319998979568481445e+00
-1.940102279186248779e-01  4.776432812213897705e-01  -6.339048147201538086e-01  1.376268416643142700e-01  2.590989507734775543e-02  -1.920831650495529175e-01  5.353950023651123047e+00
-1.803194433450698853e-01  4.562059044837951660e-01  -5.898156166076660156e-01  1.345828473567962646e-01  4.280765354633331299e-02  -1.816808581352233887e-01  5.391609907150268555e+00
-1.723810881376266479e-01  4.380537867546081543e-01  -5.581005811691284180e-01  1.327133178710937500e-01  -1.617870479822158813e-02  -1.728364974260330200e-01  5.419697046279907227e+00
-1.634073108434677124e-01  4.131649434566497803e-01  -5.255162715911865234e-01  1.264575421810150146e-01  4.700213298201560974e-02  -1.634168922901153564e-01  5.453665971755981445e+00
-1.467891782522201538e-01  3.876113891601562500e-01  -4.852364957332611084e-01  1.207051202654838562e-01  2.837864495813846588e-02  -1.487482041120529175e-01  5.489646911621093750e+00
-1.397967785596847534e-01  3.603321015834808350e-01  -4.562186896800994873e-01  1.103507503867149353e-01  1.625061035156250000e-02  -1.333364844322204590e-01  5.517988920211791992e+00
-1.212484017014503479e-01  3.290516734123229980e-01  -4.088442325592041016e-01  9.776730835437774658e-02  2.159557491540908813e-02  -1.283270865678787231e-01  5.558352947235107422e+00
-1.163907945156097412e-01  3.049809634685516357e-01  -3.734092712402343750e-01  9.944510459899902344e-02  2.068477310240268707e-02  -1.189554184675216675e-01  5.602483034133911133e+00
-1.084140911698341370e-01  2.892448604106903076e-01  -3.426401913166046143e-01  8.949819207191467285e-02  -3.283677855506539345e-03  -1.113574206829071045e-01  5.631342887878417969e+00
-9.403302520513534546e-02  2.643304765224456787e-01  -3.081128299236297607e-01  8.535165339708328247e-02  -2.159557491540908813e-02  -9.937319904565811157e-02  5.668870925903320312e+00
-8.061069250106811523e-02  2.327815890312194824e-01  -2.755540907382965088e-01  7.662713527679443359e-02  -3.492203354835510254e-02  -9.093630313873291016e-02  5.704247951507568359e+00
-7.616214454174041748e-02  2.049398422241210938e-01  -2.343155741691589355e-01  6.759103387594223022e-02  2.346511371433734894e-02  -7.693872600793838501e-02  5.751681089401245117e+00
1.086569740436971188e-03  2.339320722967386246e-03  -0.000000000000000000e+00  -3.283677855506539345e-03  -2.157160633942112327e-04  3.595267655327916145e-03  6.579391002655029297e+00
4.474110610317438841e-04  -5.138835869729518890e-03  -0.000000000000000000e+00  0.000000000000000000e+00  2.396845047769602388e-05  9.587380336597561836e-04  6.629611968994140625e+00
4.474110610317438841e-04  -4.716990981251001358e-03  3.758253064006567001e-03  0.000000000000000000e+00  2.396845047769602388e-05  6.471481756307184696e-04  6.659529924392700195e+00
1.853560097515583038e-02  -4.421699792146682739e-02  5.239822715520858765e-02  -6.639260798692703247e-03  1.533980830572545528e-03  7.861651480197906494e-03  6.688720941543579102e+00
5.554288998246192932e-02  -1.460477560758590698e-01  1.614131331443786621e-01  -3.770237416028976440e-02  9.827064350247383118e-04  5.814746022224426270e-02  6.726145982742309570e+00
8.626085519790649414e-02  -2.115743011236190796e-01  2.555739879608154297e-01  -3.791809082031250000e-02  6.471481639891862869e-03  9.117598831653594971e-02  6.762842893600463867e+00
1.169149056077003479e-01  -3.131749629974365234e-01  3.651513457298278809e-01  -6.344448775053024292e-02  0.000000000000000000e+00  1.319223493337631226e-01  6.803729057312011719e+00
1.565043926239013672e-01  -3.993207812309265137e-01  4.766461849212646484e-01  -8.094146102666854858e-02  1.869539148174226284e-03  1.630333960056304932e-01  6.843771934509277344e+00
1.800254285335540771e-01  -4.857861697673797607e-01  5.723154544830322266e-01  -9.632920473814010620e-02  5.992112564854323864e-04  1.926823705434799194e-01  6.883781909942626953e+00
1.946621686220169067e-01  -5.376730561256408691e-01  6.625518798828125000e-01  -1.059165820479393005e-01  2.933738380670547485e-02  2.154044657945632935e-01  6.919931888580322266e+00
2.036103904247283936e-01  -5.958237051963806152e-01  7.264421582221984863e-01  -1.108061447739601135e-01  -2.782737091183662415e-02  2.242727875709533691e-01  6.953011035919189453e+00
2.185411304235458374e-01  -6.213772892951965332e-01  7.633216381072998047e-01  -1.189314499497413635e-01  2.159557491540908813e-02  2.339320778846740723e-01  6.981251955032348633e+00
2.267351448535919189e-01  -6.555339097976684570e-01  8.243996500968933105e-01  -1.248756274580955505e-01  4.446147754788398743e-02  2.489123642444610596e-01  7.014929056167602539e+00
2.333312630653381348e-01  -6.846667528152465820e-01  8.649989962577819824e-01  -1.347506344318389893e-01  -3.787015331909060478e-03  2.522919178009033203e-01  7.046426057815551758e+00
2.381633073091506958e-01  -6.990606188774108887e-01  8.920226097106933594e-01  -1.354696899652481079e-01  6.926882080733776093e-03  2.556714713573455811e-01  7.079782962799072266e+00
2.374730110168457031e-01  -7.080343961715698242e-01  9.071834683418273926e-01  -1.387054175138473511e-01  4.319114983081817627e-02  2.541854083538055420e-01  7.110179901123046875e+00
2.445293217897415161e-01  -7.275415658950805664e-01  9.162978529930114746e-01  -1.403352767229080200e-01  -1.452488079667091370e-02  2.588352859020233154e-01  7.141674041748046875e+00
2.378309369087219238e-01  -7.255089879035949707e-01  9.207975268363952637e-01  -1.430437117815017700e-01  3.580886498093605042e-02  2.575649619102478027e-01  7.176261901855468750e+00
2.308001965284347534e-01  -7.316193580627441406e-01  9.121561050415039062e-01  -1.406948119401931763e-01  1.339836418628692627e-02  2.483850568532943726e-01  7.206448078155517578e+00
2.342260926961898804e-01  -7.221726179122924805e-01  9.068894386291503906e-01  -1.388252675533294678e-01  1.016262266784906387e-02  2.428483366966247559e-01  7.241492033004760742e+00
2.264027893543243408e-01  -7.032151818275451660e-01  8.956146836280822754e-01  -1.380582749843597412e-01  -2.159557491540908813e-02  2.450294792652130127e-01  7.277720928192138672e+00
2.217624932527542114e-01  -7.140680551528930664e-01  8.741006255149841309e-01  -1.413179785013198853e-01  1.140898279845714569e-02  2.302649021148681641e-01  7.313405036926269531e+00
2.117916196584701538e-01  -6.968491077423095703e-01  8.537753820419311523e-01  -1.443140357732772827e-01  -3.125486150383949280e-02  2.208932489156723022e-01  7.346900939941406250e+00
2.053233385086059570e-01  -6.702729463577270508e-01  8.368760347366333008e-01  -1.365722268819808960e-01  4.228034615516662598e-02  2.119050770998001099e-01  7.377822875976562500e+00
2.010921090841293335e-01  -6.499348878860473633e-01  8.013004660606384277e-01  -1.295974105596542358e-01  -2.773149684071540833e-02  2.031805515289306641e-01  7.409929037094116211e+00
1.842694431543350220e-01  -6.178746819496154785e-01  7.502700090408325195e-01  -1.225986257195472717e-01  -3.763046814128756523e-03  1.893267929553985596e-01  7.447423934936523438e+00
1.728924214839935303e-01  -5.958237051963806152e-01  7.138379812240600586e-01  -1.236532405018806458e-01  -2.116414159536361694e-02  1.714942604303359985e-01  7.483687877655029297e+00
1.607867628335952759e-01  -5.528210997581481934e-01  6.653386354446411133e-01  -1.158395260572433472e-01  -4.417385533452033997e-02  1.574008166790008545e-01  7.523535013198852539e+00
1.556734889745712280e-01  -5.201984643936157227e-01  6.232308149337768555e-01  -1.075224727392196655e-01  -5.896239075809717178e-03  1.499466300010681152e-01  7.563046932220458984e+00
1.377514749765396118e-01  -4.974827766418457031e-01  5.797808170318603516e-01  -1.033759266138076782e-01  2.159557491540908813e-02  1.396881341934204102e-01  7.598160028457641602e+00
1.338781714439392090e-01  -4.623418152332305908e-01  5.501366257667541504e-01  -9.503490477800369263e-02  -4.168113693594932556e-02  1.258583366870880127e-01  7.632430076599121094e+00
1.280490458011627197e-01  -4.336947202682495117e-01  5.097545981407165527e-01  -8.985771983861923218e-02  -9.994843974709510803e-03  1.144253835082054138e-01  7.669075012207031250e+00
1.073914393782615662e-01  -4.050348401069641113e-01  4.574458599090576172e-01  -8.336227387189865112e-02  1.850364357233047485e-02  1.008113026618957520e-01  7.703155994415283203e+00
1.051288172602653503e-01  -3.736010193824768066e-01  4.353565275669097900e-01  -7.756190747022628784e-02  3.691141493618488312e-03  9.769540280103683472e-02  7.733422994613647461e+00
1.017029285430908203e-01  -3.545668721199035645e-01  4.013021588325500488e-01  -7.770571857690811157e-02  4.673847928643226624e-03  8.755674958229064941e-02  7.771384954452514648e+00
8.124984800815582275e-02  -3.015422821044921875e-01  3.442125022411346436e-01  -6.291718035936355591e-02  1.320661604404449463e-02  7.262440770864486694e-02  7.808896064758300781e+00
7.276182621717453003e-02  -2.681142687797546387e-01  3.036131560802459717e-01  -5.860286206007003784e-02  -1.385376416146755219e-02  6.430735439062118530e-02  7.847697019577026367e+00
6.735453754663467407e-02  -2.453090995550155640e-01  2.694053947925567627e-01  -5.225122347474098206e-02  3.144660592079162598e-02  5.836317688226699829e-02  7.879915952682495117e+00
6.578221172094345093e-02  -2.334207445383071899e-01  2.545129954814910889e-01  -4.889563843607902527e-02  -4.194478970021009445e-03  5.651760846376419067e-02  7.912575960159301758e+00
0.000000000000000000e+00  -1.256585959345102310e-02  -1.482848078012466431e-03  -1.375789102166891098e-02  3.743872046470642090e-02  1.291899476200342178e-02  8.727315902709960938e+00
0.000000000000000000e+00  -1.645194366574287415e-02  -1.943042385391891003e-03  -8.868326433002948761e-03  -2.159557491540908813e-02  -3.113501705229282379e-02  8.777107954025268555e+00
-6.775081856176257133e-04  -1.884239725768566132e-02  -8.436894277110695839e-04  3.715109825134277344e-02  2.914563566446304321e-02  2.590989507734775543e-02  8.809482097625732422e+00
-1.048220205120742321e-03  2.943964861333370209e-02  -4.898511990904808044e-02  2.159557491540908813e-02  1.850364357233047485e-02  -3.736681491136550903e-02  8.839876890182495117e+00
-7.107444573193788528e-03  1.133611798286437988e-01  -1.262466162443161011e-01  4.093811288475990295e-02  4.115382954478263855e-02  -2.806705608963966370e-02  8.877840042114257812e+00
-1.606844924390316010e-02  1.736210584640502930e-01  -1.998521387577056885e-01  1.562743075191974640e-02  -3.091930178925395012e-03  -1.136104576289653778e-02  8.916109085083007812e+00
-1.770469546318054199e-02  2.526338696479797363e-01  -2.799131572246551514e-01  2.732403343543410301e-03  2.590989507734775543e-02  -9.946906939148902893e-03  8.951175928115844727e+00
-2.184644341468811035e-02  3.056968152523040771e-01  -3.433176875114440918e-01  1.100151892751455307e-02  1.083373930305242538e-02  -1.078580319881439209e-02  8.989728927612304688e+00
-2.251116931438446045e-02  3.601659238338470459e-01  -4.002923071384429932e-01  2.811499312520027161e-02  -1.083373930305242538e-02  -3.082342818379402161e-02  9.022739887237548828e+00
-2.487605623900890350e-02  4.005735218524932861e-01  -4.406743347644805908e-01  3.175819665193557739e-02  5.153216887265443802e-03  -2.768355980515480042e-02  9.054738998413085938e+00
-2.658900059759616852e-02  4.252834022045135498e-01  -4.661639928817749023e-01  3.453853726387023926e-02  2.444781921803951263e-02  -3.520965576171875000e-02  9.082473039627075195e+00
-2.943964861333370209e-02  4.556306600570678711e-01  -5.022509098052978516e-01  2.813896164298057556e-02  -2.399241924285888672e-02  -8.628642186522483826e-03  9.118493080139160156e+00
-3.106311149895191193e-02  4.754062294960021973e-01  -5.224610567092895508e-01  2.245843783020973206e-02  3.331614658236503601e-03  -1.301486883312463760e-02  9.151558876037597656e+00
-3.207298368215560913e-02  4.895060658454895020e-01  -5.398078560829162598e-01  2.972087822854518890e-02  -2.579005248844623566e-02  -2.152366936206817627e-02  9.181442022323608398e+00
-3.198349848389625549e-02  4.967668950557708740e-01  -5.501366257667541504e-01  2.967294119298458099e-02  -1.255946792662143707e-02  -2.454369328916072845e-02  9.210248947143554688e+00
-3.037282079458236694e-02  5.172839164733886719e-01  -5.575764775276184082e-01  3.175819665193557739e-02  3.065564855933189392e-02  -1.998968794941902161e-02  9.240813016891479492e+00
-3.034725412726402283e-02  5.244808197021484375e-01  -5.704874396324157715e-01  3.015231154859066010e-02  -4.247209429740905762e-02  -1.850364357233047485e-02  9.272150993347167969e+00
-3.061570040881633759e-02  5.297730565071105957e-01  -5.765850543975830078e-01  3.331614658236503601e-02  3.427488496527075768e-03  -1.438107062131166458e-02  9.307080030441284180e+00
-2.901780419051647186e-02  5.331222414970397949e-01  -5.772497653961181641e-01  3.211772441864013672e-02  2.159557491540908813e-02  -9.946906939148902893e-03  9.338254928588867188e+00
-2.928625047206878662e-02  5.296068787574768066e-01  -5.725966691970825195e-01  3.556917980313301086e-02  -4.065049067139625549e-02  -9.251821786165237427e-03  9.367634057998657227e+00
-2.671683207154273987e-02  5.178080201148986816e-01  -5.604015588760375977e-01  2.904976159334182739e-02  -1.433313358575105667e-02  -8.628642186522483826e-03  9.402482032775878906e+00
-2.587314322590827942e-02  5.146889090538024902e-01  -5.448316335678100586e-01  3.156644850969314575e-02  -1.773665286600589752e-02  -9.084043093025684357e-03  9.437432050704956055e+00
-2.473544143140316010e-02  4.965879321098327637e-01  -5.355510711669921875e-01  3.317233547568321228e-02  3.238137811422348022e-02  -8.652610704302787781e-03  9.467195034027099609e+00
-2.225550450384616852e-02  4.605394005775451660e-01  -4.929830729961395264e-01  3.079945966601371765e-02  3.691141493618488312e-03  -2.590989507734775543e-02  9.502449989318847656e+00
-2.161634713411331177e-02  4.488427937030792236e-01  -4.742429554462432861e-01  3.391535952687263489e-02  3.238137811422348022e-02  -4.240018874406814575e-02  9.541725873947143555e+00
-1.925146020948886871e-02  3.869594335556030273e-01  -4.085630178451538086e-01  2.662894874811172485e-02  3.607251867651939392e-02  -4.232828319072723389e-02  9.638256072998046875e+00
-1.911084353923797607e-02  3.722460269927978516e-01  -3.911523222923278809e-01  2.658101171255111694e-02  1.560346130281686783e-02  -4.405401274561882019e-02  9.667006015777587891e+00
-1.798592507839202881e-02  3.509364724159240723e-01  -3.642437458038330078e-01  2.516687288880348206e-02  -3.274090215563774109e-02  -2.590989507734775543e-02  9.701709032058715820e+00
-1.539094094187021255e-02  3.074097633361816406e-01  -3.252934217453002930e-01  2.718022279441356659e-02  -2.269812300801277161e-02  -3.429885208606719971e-02  9.737096071243286133e+00
-1.307718642055988312e-02  2.857678532600402832e-01  -2.935911417007446289e-01  3.178216516971588135e-02  -1.291899476200342178e-02  -3.230947256088256836e-02  9.772268056869506836e+00
-1.425323821604251862e-02  2.491312623023986816e-01  -2.604315876960754395e-01  8.077368140220642090e-03  -2.430400997400283813e-02  -2.380067110061645508e-02  9.810271978378295898e+00
-8.168447762727737427e-03  2.186689674854278564e-01  -2.295218855142593384e-01  3.000850044190883636e-02  -4.242415726184844971e-02  -1.493234466761350632e-02  9.848520994186401367e+00
-1.035437081009149551e-02  2.170838564634323120e-01  -2.274893522262573242e-01  5.728459917008876801e-03  -1.617870479822158813e-02  -1.850364357233047485e-02  9.884922027587890625e+00
-2.556634717620909214e-04  -1.303883735090494156e-03  2.313754521310329437e-03  4.218447487801313400e-03  4.793690095539204776e-05  -2.063683606684207916e-02  1.069599795341491699e+01
0.000000000000000000e+00  -1.636246219277381897e-03  1.495631295256316662e-03  -3.329217806458473206e-02  4.793690095539204776e-05  -3.008040599524974823e-02  1.075148797035217285e+01
0.000000000000000000e+00  -1.073786523193120956e-03  1.265534199774265289e-03  2.590989507734775543e-02  8.628642535768449306e-04  2.159557491540908813e-02  1.078155589103698730e+01
1.958382129669189453e-02  -3.042395226657390594e-02  3.337686508893966675e-02  -4.666657373309135437e-02  8.628642535768449306e-04  7.621967233717441559e-03  1.080907487869262695e+01
5.601586773991584778e-02  -6.933593004941940308e-02  8.305227756500244141e-02  -6.313289701938629150e-02  8.628642535768449306e-04  5.797968059778213501e-02  1.084257388114929199e+01
1.113414391875267029e-01  -1.197783350944519043e-01  1.482208967208862305e-01  -8.077368140220642090e-03  5.752427969127893448e-04  1.092481985688209534e-01  1.087987089157104492e+01
1.470959782600402832e-01  -1.759092509746551514e-01  2.063715457916259766e-01  -4.393417015671730042e-02  4.314321267884224653e-04  1.476456522941589355e-01  1.092316102981567383e+01
1.782869249582290649e-01  -2.032013237476348877e-01  2.557785212993621826e-01  -5.172391608357429504e-02  4.362258128821849823e-03  1.818006932735443115e-01  1.095880699157714844e+01
1.925529390573501587e-01  -2.315032780170440674e-01  2.775354683399200439e-01  -5.575061589479446411e-02  2.636529505252838135e-03  1.964693963527679443e-01  1.098781800270080566e+01
2.056429088115692139e-01  -2.545129954814910889e-01  3.138013482093811035e-01  -5.735650286078453064e-02  1.126517192460596561e-03  2.100834697484970093e-01  1.101899600028991699e+01
2.259809374809265137e-01  -2.792995572090148926e-01  3.437139689922332764e-01  -6.032859161496162415e-02  7.190534961409866810e-04  2.229305654764175415e-01  1.105117607116699219e+01
2.371917814016342163e-01  -2.887591123580932617e-01  3.626969754695892334e-01  -5.809952318668365479e-02  5.273059359751641750e-04  2.370719462633132935e-01  1.108397293090820312e+01
2.397867739200592041e-01  -3.063232004642486572e-01  3.752756118774414062e-01  -6.354036182165145874e-02  3.810983616858720779e-03  2.404514998197555542e-01  1.111991500854492188e+01
2.430848330259323120e-01  -3.122162222862243652e-01  3.831500709056854248e-01  -6.119145452976226807e-02  1.845570746809244156e-03  2.455328106880187988e-01  1.115207195281982422e+01
2.461016625165939331e-01  -3.075248003005981445e-01  3.831500709056854248e-01  -6.593720614910125732e-02  0.000000000000000000e+00  2.430880218744277954e-01  1.118364095687866211e+01
2.418448626995086670e-01  -3.063232004642486572e-01  3.835463523864746094e-01  -6.246178224682807922e-02  4.410195164382457733e-03  2.412664294242858887e-01  1.120940804481506348e+01
2.381633073091506958e-01  -3.087008595466613770e-01  3.765155971050262451e-01  -5.738047137856483459e-02  1.462075510062277317e-03  2.393010109663009644e-01  1.123960709571838379e+01
2.208037525415420532e-01  -3.022837042808532715e-01  3.705330789089202881e-01  -6.624879688024520874e-02  0.000000000000000000e+00  2.259985208511352539e-01  1.127404808998107910e+01
2.247537523508071899e-01  -2.882861196994781494e-01  3.656243383884429932e-01  -6.047240272164344788e-02  1.989381387829780579e-03  2.164590805768966675e-01  1.130582904815673828e+01
2.117149233818054199e-01  -2.820223867893218994e-01  3.505018353462219238e-01  -5.608617514371871948e-02  1.126517192460596561e-03  2.112818956375122070e-01  1.134147906303405762e+01
1.973594129085540771e-01  -2.687022984027862549e-01  3.341393768787384033e-01  -5.064533650875091553e-02  6.471481756307184696e-04  1.983389258384704590e-01  1.137694787979125977e+01
1.855221986770629883e-01  -2.591149210929870605e-01  3.146194517612457275e-01  -4.927913472056388855e-02  6.231797160580754280e-04  1.833107173442840576e-01  1.140987300872802734e+01
1.784403175115585327e-01  -2.445293217897415161e-01  2.980397045612335205e-01  -5.114867538213729858e-02  1.318264752626419067e-03  1.761201769113540649e-01  1.144087195396423340e+01
1.558524519205093384e-01  -2.218391895294189453e-01  2.652380764484405518e-01  -4.225637763738632202e-02  1.294296351261436939e-03  1.518161743879318237e-01  1.148145008087158203e+01
1.503301262855529785e-01  -2.075092494487762451e-01  2.522248029708862305e-01  -3.592870756983757019e-02  7.909588748589158058e-04  1.418932229280471802e-01  1.151756906509399414e+01
1.295830309391021729e-01  -1.825564950704574585e-01  2.262366116046905518e-01  -4.077033326029777527e-02  5.273059359751641750e-04  1.310594826936721802e-01  1.155329203605651855e+01
1.150485649704933167e-01  -1.711666882038116455e-01  1.984076350927352905e-01  -3.434678912162780762e-02  3.834952076431363821e-04  1.138980761170387268e-01  1.159449696540832520e+01
1.080689504742622375e-01  -1.525543928146362305e-01  1.940102279186248779e-01  -3.123089112341403961e-02  3.115898580290377140e-04  1.038073599338531494e-01  1.163469195365905762e+01
-1.150485593825578690e-03  2.065760828554630280e-02  -2.837864449247717857e-03  1.438107062131166458e-02  -1.917476038215681911e-04  0.000000000000000000e+00  1.244640898704528809e+01
-8.820389630272984505e-04  -1.480291504412889481e-02  -8.820389630272984505e-04  -1.222390960901975632e-02  -1.917476038215681911e-04  -2.229065867140889168e-03  1.249255490303039551e+01
-6.263754912652075291e-04  -1.692492142319679260e-02  -7.669904152862727642e-04  5.464806687086820602e-03  -1.917476038215681911e-04  -1.078580273315310478e-03  1.251966404914855957e+01
-8.948221802711486816e-03  3.439952060580253601e-02  -3.214967995882034302e-02  -1.807221211493015289e-02  -1.917476038215681911e-04  -1.255946792662143707e-02  1.254846286773681641e+01
-2.109223604202270508e-02  8.352525532245635986e-02  -1.025082692503929138e-01  8.077368140220642090e-03  -1.917476038215681911e-04  0.000000000000000000e+00  1.257989406585693359e+01
-3.384984284639358521e-02  1.570412814617156982e-01  -2.099636197090148926e-01  4.949485138058662415e-02  7.190534961409866810e-05  -3.259709477424621582e-02  1.261946201324462891e+01
-5.301181972026824951e-02  2.491696178913116455e-01  -3.367215692996978760e-01  8.031827956438064575e-02  7.190534961409866810e-05  -5.390504747629165649e-02  1.266469907760620117e+01
-6.970664858818054199e-02  3.127914667129516602e-01  -4.211032986640930176e-01  9.798302501440048218e-02  5.752427969127893448e-04  -6.560164690017700195e-02  1.270452904701232910e+01
-7.565081864595413208e-02  3.550654351711273193e-01  -4.850191771984100342e-01  1.051735654473304749e-01  -2.159557491540908813e-02  -7.137804478406906128e-02  1.273648595809936523e+01
-8.121149986982345581e-02  3.906665742397308350e-01  -5.469408631324768066e-01  1.175892204046249390e-01  2.708434825763106346e-03  -7.370298355817794800e-02  1.276711297035217285e+01
-8.610745519399642944e-02  4.351647794246673584e-01  -6.003617644309997559e-01  1.254269033670425415e-01  2.159557491540908813e-02  -8.005462586879730225e-02  1.279924297332763672e+01
-9.450600296258926392e-02  4.590437710285186768e-01  -6.566460728645324707e-01  1.359969824552536011e-01  -3.238137811422348022e-02  -8.957009762525558472e-02  1.283504796028137207e+01
-9.820033609867095947e-02  4.821940958499908447e-01  -6.994952559471130371e-01  1.393525749444961548e-01  2.617354877293109894e-02  -8.722119033336639404e-02  1.286840486526489258e+01
-9.949143975973129272e-02  4.914107620716094971e-01  -7.161005735397338867e-01  1.480051875114440918e-01  1.960619352757930756e-02  -9.215869009494781494e-02  1.289794802665710449e+01
-9.776571393013000488e-02  5.035931468009948730e-01  -7.344700098037719727e-01  1.580719351768493652e-01  -2.782737091183662415e-02  -9.105614572763442993e-02  1.293147301673889160e+01
-1.061642542481422424e-01  5.088853836059570312e-01  -7.531590461730957031e-01  1.616192609071731567e-01  1.759284362196922302e-02  -9.285377711057662964e-02  1.297110795974731445e+01
-1.022653877735137939e-01  5.139730572700500488e-01  -7.478156685829162598e-01  1.593901962041854858e-01  -2.159557491540908813e-02  -9.004946798086166382e-02  1.300313305854797363e+01
-9.641069173812866211e-02  5.224355459213256836e-01  -7.478412389755249023e-01  1.587190777063369751e-01  -9.060074575245380402e-03  -8.940231800079345703e-02  1.303428292274475098e+01
-9.403302520513534546e-02  5.206714272499084473e-01  -7.536064386367797852e-01  1.601571887731552124e-01  3.238137811422348022e-02  -8.894692361354827881e-02  1.306976294517517090e+01
-9.963205456733703613e-02  5.171816349029541016e-01  -7.485570907592773438e-01  1.684023290872573853e-01  -2.624545432627201080e-02  -8.978581428527832031e-02  1.309875488281250000e+01
-9.441652148962020874e-02  5.148295164108276367e-01  -7.366175651550292969e-01  1.696966290473937988e-01  -4.506068769842386246e-03  -8.913867175579071045e-02  1.313943600654602051e+01
-8.338464051485061646e-02  5.090387463569641113e-01  -7.062575817108154297e-01  1.631772071123123169e-01  1.337439566850662231e-02  -8.364989608526229858e-02  1.317499399185180664e+01
-8.383205533027648926e-02  4.985565543174743652e-01  -6.815732717514038086e-01  1.601571887731552124e-01  2.991262637078762054e-02  -8.343417942523956299e-02  1.320338702201843262e+01
-8.458626270294189453e-02  4.735143184661865234e-01  -6.608645319938659668e-01  1.573528796434402466e-01  4.153732582926750183e-02  -7.749000191688537598e-02  1.324022388458251953e+01
-7.893610000610351562e-02  4.427452087402343750e-01  -5.980863571166992188e-01  1.493234485387802124e-01  -1.375789102166891098e-02  -7.245662808418273926e-02  1.328614091873168945e+01
-6.557767838239669800e-02  4.144688248634338379e-01  -5.547641515731811523e-01  1.475018411874771118e-01  4.319114983081817627e-02  -7.027550041675567627e-02  1.332956790924072266e+01
-6.216457113623619080e-02  3.953452110290527344e-01  -5.242123603820800781e-01  1.342472881078720093e-01  -9.131980128586292267e-03  -6.682404130697250366e-02  1.336905908584594727e+01
-6.275259703397750854e-02  3.858728706836700439e-01  -4.967413246631622314e-01  1.299329698085784912e-01  2.590989507734775543e-02  -6.116748601198196411e-02  1.340318894386291504e+01
-5.843188613653182983e-02  3.592455387115478516e-01  -4.625719189643859863e-01  1.225986257195472717e-01  -3.882888937368988991e-03  -5.678125843405723572e-02  1.343750286102294922e+01
-5.299903824925422668e-02  3.412340283393859863e-01  -4.283002316951751709e-01  1.201059073209762573e-01  4.266384057700634003e-03  -5.443235114216804504e-02  1.346641993522644043e+01
-4.934304952621459961e-02  3.115898668766021729e-01  -3.953452110290527344e-01  1.121004447340965271e-01  3.238137811422348022e-02  -5.177185311913490295e-02  1.349509692192077637e+01
-4.414029791951179504e-02  3.003662228584289551e-01  -3.762727081775665283e-01  1.079538986086845398e-01  -2.881007827818393707e-02  -5.004612356424331665e-02  1.353334403038024902e+01
-3.896311298012733459e-02  2.593322396278381348e-01  -3.241301476955413818e-01  9.541840106248855591e-02  1.078580319881439209e-02  -4.105795547366142273e-02  1.357187008857727051e+01
-3.551165759563446045e-02  2.410906553268432617e-01  -2.886440455913543701e-01  8.937834948301315308e-02  2.590989507734775543e-02  -3.894873335957527161e-02  1.360926198959350586e+01
-3.229029476642608643e-02  2.084679901599884033e-01  -2.576065063476562500e-01  7.701063156127929688e-02  3.329217806458473206e-02  -3.405916690826416016e-02  1.364982390403747559e+01
-3.190680220723152161e-02  2.033163756132125854e-01  -2.489650845527648926e-01  7.252853363752365112e-02  -2.567020989954471588e-02  -3.422694653272628784e-02  1.368081998825073242e+01
-1.917476038215681911e-04  0.000000000000000000e+00  -0.000000000000000000e+00  9.611348621547222137e-03  3.715109778568148613e-03  3.782221674919128418e-02  1.449331688880920410e+01
-1.406149094691500068e-04  -1.061003422364592552e-03  2.722815843299031258e-03  1.617870479822158813e-02  2.507099881768226624e-02  3.238137811422348022e-02  1.454380798339843750e+01
-1.278317358810454607e-04  -1.176051911897957325e-03  1.035437104292213917e-03  3.681553900241851807e-02  -4.158526286482810974e-02  -1.004278101027011871e-02  1.457182908058166504e+01
8.155664429068565369e-03  -4.209499061107635498e-02  4.898511990904808044e-02  1.495631318539381027e-02  2.447178773581981659e-02  2.159557491540908813e-02  1.460166692733764648e+01
2.288188040256500244e-02  -1.138980761170387268e-01  1.353865861892700195e-01  -6.639260798692703247e-03  -4.745753481984138489e-03  2.061286754906177521e-02  1.463524603843688965e+01
4.338609054684638977e-02  -2.147445380687713623e-01  2.593322396278381348e-01  -4.077033326029777527e-02  1.850364357233047485e-02  5.306614935398101807e-02  1.467600297927856445e+01
6.141036376357078552e-02  -3.037665486335754395e-01  3.685516715049743652e-01  -6.476275622844696045e-02  2.590989507734775543e-02  7.319965213537216187e-02  1.471511697769165039e+01
7.618771493434906006e-02  -3.651385605335235596e-01  4.580722451210021973e-01  -7.775365561246871948e-02  -4.889564123004674911e-03  8.079764991998672485e-02  1.474943590164184570e+01
9.155309200286865234e-02  -4.506196379661560059e-01  5.477334260940551758e-01  -9.206281602382659912e-02  1.157676149159669876e-02  9.299758821725845337e-02  1.478403401374816895e+01
9.788075834512710571e-02  -5.108667612075805664e-01  6.229496002197265625e-01  -1.047900691628456116e-01  -1.421329099684953690e-02  1.033998951315879822e-01  1.481837201118469238e+01
9.968318790197372437e-02  -5.374174118041992188e-01  6.900995969772338867e-01  -1.152403131127357483e-01  4.429369792342185974e-02  1.089126393198966980e-01  1.485313987731933594e+01
1.047069728374481201e-01  -5.802921652793884277e-01  7.431498169898986816e-01  -1.285188347101211548e-01  2.590989507734775543e-02  1.165585741400718689e-01  1.488457107543945312e+01
1.153937056660652161e-01  -6.041200160980224609e-01  7.968135476112365723e-01  -1.295974105596542358e-01  -2.852245606482028961e-02  1.244921311736106873e-01  1.491574406623840332e+01
1.194204092025756836e-01  -6.435944437980651855e-01  8.286947607994079590e-01  -1.446735709905624390e-01  2.950516343116760254e-02  1.295974105596542358e-01  1.494763708114624023e+01
1.152147427201271057e-01  -6.478129029273986816e-01  8.581727743148803711e-01  -1.451529413461685181e-01  3.238137811422348022e-02  1.289023309946060181e-01  1.498169589042663574e+01
1.245592460036277771e-01  -6.591387987136840820e-01  8.811824917793273926e-01  -1.477655023336410522e-01  9.131980128586292267e-03  1.325215697288513184e-01  1.501294803619384766e+01
1.268730014562606812e-01  -6.770863533020019531e-01  8.858739137649536133e-01  -1.561784297227859497e-01  -3.254915773868560791e-02  1.334802955389022827e-01  1.504150795936584473e+01
1.191775277256965637e-01  -6.702729463577270508e-01  8.878169655799865723e-01  -1.651905626058578491e-01  4.649879410862922668e-03  1.361168324947357178e-01  1.507502698898315430e+01
1.204047128558158875e-01  -6.553165912628173828e-01  8.879703879356384277e-01  -1.555312722921371460e-01  4.719388112425804138e-02  1.285667717456817627e-01  1.510246491432189941e+01
1.190113425254821777e-01  -6.669109463691711426e-01  8.778972029685974121e-01  -1.577123999595642090e-01  -2.159557491540908813e-02  1.291420161724090576e-01  1.513235306739807129e+01
1.098458096385002136e-01  -6.577709913253784180e-01  8.581727743148803711e-01  -1.571611315011978149e-01  -4.206462949514389038e-02  1.203695610165596008e-01  1.516723704338073730e+01
1.081839948892593384e-01  -6.292517185211181641e-01  8.413245677947998047e-01  -1.500185281038284302e-01  3.259709337726235390e-03  1.191231980919837952e-01  1.520035099983215332e+01
1.101526096463203430e-01  -6.340070366859436035e-01  8.169854283332824707e-01  -1.557709574699401855e-01  3.345995768904685974e-02  1.136104539036750793e-01  1.523572993278503418e+01
1.057807579636573792e-01  -6.209554076194763184e-01  7.996897697448730469e-01  -1.558428704738616943e-01  -3.858920652419328690e-03  1.103747189044952393e-01  1.526774406433105469e+01
1.008081063628196716e-01  -6.115853786468505859e-01  7.811285853385925293e-01  -1.522236317396163940e-01  -2.590989507734775543e-02  1.050297543406486511e-01  1.529708504676818848e+01
1.004118248820304871e-01  -5.971020460128784180e-01  7.524942755699157715e-01  -1.486283689737319946e-01  4.170510452240705490e-03  9.922938793897628784e-02  1.533335399627685547e+01
9.520907700061798096e-02  -5.676240324974060059e-01  7.220447659492492676e-01  -1.435470581054687500e-01  -6.016081199049949646e-03  9.074455499649047852e-02  1.537072300910949707e+01
8.248981833457946777e-02  -5.316905379295349121e-01  6.813687086105346680e-01  -1.370515972375869751e-01  -6.159891840070486069e-03  8.326639980077743530e-02  1.541343498229980469e+01
7.783674448728561401e-02  -5.132699608802795410e-01  6.336107850074768066e-01  -1.328810900449752808e-01  -2.698847465217113495e-02  7.703460007905960083e-02  1.545197606086730957e+01
7.749159634113311768e-02  -4.822963476181030273e-01  5.881793498992919922e-01  -1.294296383857727051e-01  -3.547330619767308235e-03  7.183344662189483643e-02  1.548610496520996094e+01
7.203318178653717041e-02  -4.520002305507659912e-01  5.522075295448303223e-01  -1.222630664706230164e-01  -3.238137811422348022e-02  6.653641909360885620e-02  1.551833701133728027e+01
6.587169319391250610e-02  -4.351647794246673584e-01  5.253500938415527344e-01  -1.186438277363777161e-01  1.085770782083272934e-02  6.248575076460838318e-02  1.554649090766906738e+01
5.885373055934906006e-02  -3.954730331897735596e-01  4.730157554149627686e-01  -1.061322987079620361e-01  -1.850364357233047485e-02  5.488775297999382019e-02  1.559059596061706543e+01
5.633544549345970154e-02  -3.570340275764465332e-01  4.202212691307067871e-01  -9.858223795890808105e-02  -1.224787812680006027e-02  4.716991260647773743e-02  1.563789987564086914e+01
5.363819748163223267e-02  -3.276582956314086914e-01  3.796218931674957275e-01  -8.877914398908615112e-02  3.139866888523101807e-02  4.441354051232337952e-02  1.567256999015808105e+01
4.889563843607902527e-02  -2.930926084518432617e-01  3.365809619426727295e-01  -8.192416280508041382e-02  3.067961661145091057e-03  3.971572220325469971e-02  1.571432399749755859e+01
4.114903509616851807e-02  -2.611985802650451660e-01  2.984870970249176025e-01  -7.605189085006713867e-02  -9.970875456929206848e-03  3.305249288678169250e-02  1.575522589683532715e+01
3.432282060384750366e-02  -2.286654114723205566e-01  2.665036022663116455e-01  -6.713563203811645508e-02  -3.506584465503692627e-02  3.022421710193157196e-02  1.579316091537475586e+01
2.825081348419189453e-02  -2.099636197090148926e-01  2.301993817090988159e-01  -5.905826389789581299e-02  -3.624029830098152161e-02  2.866626717150211334e-02  1.583298897743225098e+01
2.697249688208103180e-02  -1.931920945644378662e-01  2.267351448535919189e-01  -5.018993467092514038e-02  1.879126578569412231e-02  1.998968794941902161e-02  1.587341904640197754e+01
0.000000000000000000e+00  2.665291726589202881e-02  -1.035437104292213917e-03  1.061802357435226440e-02  2.149970084428787231e-02  3.310042992234230042e-02  1.667995500564575195e+01
0.000000000000000000e+00  2.081100642681121826e-02  -1.444498659111559391e-03  1.531584002077579498e-02  -3.537743166089057922e-02  -4.146541934460401535e-03  1.671879005432128906e+01
0.000000000000000000e+00  -1.544207334518432617e-02  -4.576376173645257950e-03  2.876214124262332916e-02  -1.392566971480846405e-02  -2.430400997400283813e-02  1.675046086311340332e+01
1.466230023652315140e-02  5.063414946198463440e-02  -5.533835664391517639e-02  8.604673668742179871e-03  -3.238137811422348022e-02  3.238137811422348022e-02  1.678177595138549805e+01
3.667492419481277466e-02  1.452296376228332520e-01  -1.724577993154525757e-01  4.453338310122489929e-02  -3.132676333189010620e-02  4.443750903010368347e-02  1.681713604927062988e+01
5.908382683992385864e-02  2.438518106937408447e-01  -2.885417938232421875e-01  6.720753759145736694e-02  1.617870479822158813e-02  6.699182093143463135e-02  1.685556101799011230e+01
8.211910724639892578e-02  3.130215704441070557e-01  -3.801332414150238037e-01  8.628642559051513672e-02  3.238137811422348022e-02  8.741293847560882568e-02  1.689504504203796387e+01
1.054611802101135254e-01  3.953707814216613770e-01  -4.856455326080322266e-01  1.003559008240699768e-01  -1.438107062131166458e-02  1.079299375414848328e-01  1.694097304344177246e+01
1.182571351528167725e-01  4.712772667407989502e-01  -6.138863563537597656e-01  1.162949204444885254e-01  -3.295661881566047668e-02  1.306520253419876099e-01  1.698222708702087402e+01
1.317050307989120483e-01  5.291211009025573730e-01  -6.865459084510803223e-01  1.275121569633483887e-01  -3.842142596840858459e-02  1.399997174739837646e-01  1.701982688903808594e+01
1.421744525432586670e-01  5.791416764259338379e-01  -7.777922153472900391e-01  1.387773305177688599e-01  -3.310042992234230042e-02  1.492515504360198975e-01  1.705445790290832520e+01
1.418165266513824463e-01  6.132088303565979004e-01  -8.260869979858398438e-01  1.498986929655075073e-01  3.930825740098953247e-03  1.546923816204071045e-01  1.708889794349670410e+01
1.532958149909973145e-01  6.485543251037597656e-01  -8.799042105674743652e-01  1.592943221330642700e-01  3.571299090981483459e-02  1.591984480619430542e-01  1.712267208099365234e+01
1.518768817186355591e-01  6.555083394050598145e-01  -9.228811860084533691e-01  1.613795757293701172e-01  9.922938421368598938e-03  1.632491201162338257e-01  1.715790796279907227e+01
1.583068221807479858e-01  6.818672418594360352e-01  -9.381826519966125488e-01  1.631053090095520020e-01  -1.064199209213256836e-02  1.672278791666030884e-01  1.719199991226196289e+01
1.594828665256500244e-01  6.841937899589538574e-01  -9.540082216262817383e-01  1.618349850177764893e-01  1.850364357233047485e-02  1.671080440282821655e-01  1.722886705398559570e+01
1.575270444154739380e-01  6.972070932388305664e-01  -9.514515995979309082e-01  1.664848625659942627e-01  -2.590989507734775543e-02  1.651666015386581421e-01  1.727510595321655273e+01
1.528484076261520386e-01  6.913651823997497559e-01  -9.549797773361206055e-01  1.685461401939392090e-01  2.698847465217113495e-02  1.600133776664733887e-01  1.730662608146667480e+01
1.439129710197448730e-01  6.790294051170349121e-01  -9.414296150207519531e-01  1.698404401540756226e-01  3.818174079060554504e-02  1.557709574699401855e-01  1.734051108360290527e+01
1.487961411476135254e-01  6.726889610290527344e-01  -9.101108312606811523e-01  1.670361310243606567e-01  4.985437914729118347e-02  1.524153798818588257e-01  1.737971186637878418e+01
1.406532526016235352e-01  6.567355394363403320e-01  -8.976855874061584473e-01  1.660294532775878906e-01  1.030643377453088760e-02  1.472621560096740723e-01  1.741116690635681152e+01
1.427113562822341919e-01  6.470714807510375977e-01  -8.768106698989868164e-01  1.626498997211456299e-01  3.238137811422348022e-02  1.415576636791229248e-01  1.744739603996276855e+01
1.323825418949127197e-01  6.342115998268127441e-01  -8.488793969154357910e-01  1.632491201162338257e-01  1.126517169177532196e-02  1.343431621789932251e-01  1.748055386543273926e+01
1.236644238233566284e-01  6.358478069305419922e-01  -8.217407464981079102e-01  1.650946885347366333e-01  -2.217081747949123383e-02  1.261938959360122681e-01  1.751141905784606934e+01
1.220537424087524414e-01  6.154969930648803711e-01  -7.982836365699768066e-01  1.607324331998825073e-01  -3.283677855506539345e-03  1.238929256796836853e-01  1.754094195365905762e+01
1.162118315696716309e-01  5.899817943572998047e-01  -7.530439496040344238e-01  1.544047594070434570e-01  3.902063891291618347e-02  1.133947372436523438e-01  1.757617187500000000e+01
1.033903062343597412e-01  5.606827735900878906e-01  -6.990606188774108887e-01  1.544766724109649658e-01  -7.813715375959873199e-03  1.052215024828910828e-01  1.761701393127441406e+01
1.023037359118461609e-01  5.117999315261840820e-01  -6.549970507621765137e-01  1.436668932437896729e-01  -2.806705608963966370e-02  9.793508797883987427e-02  1.765410900115966797e+01
9.914629161357879639e-02  4.971759617328643799e-01  -6.167241930961608887e-01  1.350622177124023438e-01  3.051183745265007019e-02  9.266202896833419800e-02  1.769265890121459961e+01
8.407492935657501221e-02  4.623418152332305908e-01  -5.652591586112976074e-01  1.318264752626419067e-01  -1.867142319679260254e-02  8.583102375268936157e-02  1.772940492630004883e+01
7.930681109428405762e-02  4.403675496578216553e-01  -5.262448787689208984e-01  1.225506886839866638e-01  -4.268781095743179321e-02  7.751397043466567993e-02  1.777064895629882812e+01
7.420632243156433105e-02  4.041783809661865234e-01  -4.846101105213165283e-01  1.133228316903114319e-01  -4.554005805402994156e-03  6.665626168251037598e-02  1.780664801597595215e+01
6.838998198509216309e-02  3.789188265800476074e-01  -4.565894007682800293e-01  1.101350337266921997e-01  -2.159557491540908813e-02  6.152701377868652344e-02  1.784265398979187012e+01
5.932670831680297852e-02  3.473827540874481201e-01  -4.095089733600616455e-01  1.032560840249061584e-01  -4.422179237008094788e-02  5.615808069705963135e-02  1.788181304931640625e+01
5.505712702870368958e-02  3.112446963787078857e-01  -3.615976274013519287e-01  9.561014920473098755e-02  6.831008475273847580e-03  5.023787170648574829e-02  1.791893005371093750e+01
4.911295324563980103e-02  2.792995572090148926e-01  -3.158977925777435303e-01  8.789230883121490479e-02  -1.687378995120525360e-02  4.405401274561882019e-02  1.796064591407775879e+01
4.493285343050956726e-02  2.471754401922225952e-01  -2.872123420238494873e-01  7.866445183753967285e-02  -5.193963274359703064e-02  3.439472615718841553e-02  1.800111699104309082e+01
3.944887220859527588e-02  2.269780337810516357e-01  -2.529534399509429932e-01  6.934072822332382202e-02  1.378185953944921494e-02  3.281280770897865295e-02  1.804148793220520020e+01
3.728851675987243652e-02  2.144377380609512329e-01  -2.383806258440017700e-01  7.070692628622055054e-02  1.778458990156650543e-02  3.012834303081035614e-02  1.807670998573303223e+01
-2.045307774096727371e-04  -3.067961661145091057e-04  1.457281759940087795e-03  -1.989381387829780579e-03  3.882888937368988991e-03  -4.961469210684299469e-03  1.888395094871520996e+01
-6.519418675452470779e-04  -3.004045691341161728e-03  1.176051911897957325e-03  -7.909588748589158058e-04  -5.440838169306516647e-03  2.823483571410179138e-02  1.893041992187500000e+01
-6.519418675452470779e-04  -1.470064977183938026e-03  3.349191509187221527e-03  -6.471481756307184696e-04  2.159557491540908813e-02  1.994175091385841370e-02  1.896420097351074219e+01
-3.962783608585596085e-03  -3.604855015873908997e-02  5.030178651213645935e-02  -2.346511371433734894e-02  -4.510862380266189575e-02  -3.238137811422348022e-02  1.899620699882507324e+01
-9.664079174399375916e-03  -1.133356168866157532e-01  1.509820669889450073e-01  -3.324424102902412415e-02  -2.847451902925968170e-02  -4.009921848773956299e-02  1.902992606163024902e+01
-1.597896777093410492e-02  -1.867238134145736694e-01  2.641770541667938232e-01  -6.852579861879348755e-02  1.404551230370998383e-02  -3.957191109657287598e-02  1.907235407829284668e+01
-1.587670110166072845e-02  -2.701084613800048828e-01  3.777171969413757324e-01  -1.036875173449516296e-01  3.403519978746771812e-03  -4.367051646113395691e-02  1.912042903900146484e+01
-2.389175072312355042e-02  -3.274665474891662598e-01  4.449566900730133057e-01  -1.210886165499687195e-01  2.708434872329235077e-02  -2.909769862890243530e-02  1.915688204765319824e+01
-2.603932470083236694e-02  -3.671071827411651611e-01  5.278044342994689941e-01  -1.356853991746902466e-01  -1.438107062131166458e-02  -3.686347603797912598e-02  1.919116401672363281e+01
-2.754773944616317749e-02  -4.072207808494567871e-01  5.829254984855651855e-01  -1.522236317396163940e-01  -9.635317139327526093e-03  -3.652792051434516907e-02  1.922483897209167480e+01
-3.004045784473419189e-02  -4.313170611858367920e-01  6.347228884696960449e-01  -1.590066999197006226e-01  1.850364357233047485e-02  -3.707919269800186157e-02  1.925927400588989258e+01
-3.080744855105876923e-02  -4.477050900459289551e-01  6.749771237373352051e-01  -1.712785512208938599e-01  3.933222591876983643e-02  -3.612045571208000183e-02  1.929524588584899902e+01
-3.139547258615493774e-02  -4.774003922939300537e-01  7.034069299697875977e-01  -1.814411729574203491e-01  1.694569550454616547e-02  -3.353186324238777161e-02  1.932834291458129883e+01
-2.997654117643833160e-02  -4.908483028411865234e-01  7.293183803558349609e-01  -1.843892931938171387e-01  -3.576092794537544250e-02  -3.372361138463020325e-02  1.936544895172119141e+01
-3.111424483358860016e-02  -4.876141548156738281e-01  7.359017133712768555e-01  -1.851562857627868652e-01  2.828277274966239929e-02  -2.914563566446304321e-02  1.939571690559387207e+01
-3.206019848585128784e-02  -4.924078583717346191e-01  7.468313574790954590e-01  -1.865224838256835938e-01  -1.651426218450069427e-02  -2.933738380670547485e-02  1.942998003959655762e+01
-3.046230226755142212e-02  -5.056895613670349121e-01  7.476239204406738281e-01  -1.876010596752166748e-01  4.338289611041545868e-03  -2.914563566446304321e-02  1.946661090850830078e+01
-3.089693002402782440e-02  -4.984414875507354736e-01  7.531590461730957031e-01  -1.926104724407196045e-01  4.613926634192466736e-02  -2.526274695992469788e-02  1.950010108947753906e+01
-3.138269111514091492e-02  -5.003845691680908203e-01  7.450033426284790039e-01  -1.939766705036163330e-01  1.064199209213256836e-02  -2.449575625360012054e-02  1.953229188919067383e+01
-3.069240041077136993e-02  -4.958209395408630371e-01  7.331917285919189453e-01  -1.901417225599288940e-01  -4.769721534103155136e-03  -2.066080458462238312e-02  1.956663894653320312e+01
-2.586035989224910736e-02  -4.818489551544189453e-01  7.182993292808532715e-01  -1.844611912965774536e-01  -3.420297801494598389e-02  -1.598695665597915649e-02  1.960176086425781250e+01
-2.725372649729251862e-02  -4.706508815288543701e-01  6.857789158821105957e-01  -1.874093115329742432e-01  -3.707919269800186157e-02  -2.449575625360012054e-02  1.963932299613952637e+01
-2.327815815806388855e-02  -4.498398900032043457e-01  6.567355394363403320e-01  -1.786848008632659912e-01  -1.366201695054769516e-02  -1.790443249046802521e-02  1.967041802406311035e+01
-2.292023040354251862e-02  -4.298725724220275879e-01  6.190890669822692871e-01  -1.772466897964477539e-01  -2.979278378188610077e-02  -3.293265029788017273e-02  1.971036100387573242e+01
-2.052977681159973145e-02  -3.968664109706878662e-01  5.591104626655578613e-01  -1.624341905117034912e-01  -5.249090492725372314e-03  -1.294296327978372574e-02  1.975394892692565918e+01
-2.155243046581745148e-02  -3.844028115272521973e-01  5.282135009765625000e-01  -1.488201171159744263e-01  -4.240018874406814575e-02  -1.078580319881439209e-02  1.978876495361328125e+01
-2.078543975949287415e-02  -3.620578348636627197e-01  4.990039467811584473e-01  -1.456323117017745972e-01  -3.043993189930915833e-02  -2.267415449023246765e-02  1.982266092300415039e+01
-1.669482514262199402e-02  -3.427424430847167969e-01  4.695131778717041016e-01  -1.371954083442687988e-01  -4.127367213368415833e-02  -7.214503828436136246e-03  1.985670495033264160e+01
-1.651586033403873444e-02  -3.211005330085754395e-01  4.284408390522003174e-01  -1.330249011516571045e-01  1.696966402232646942e-02  -3.734284639358520508e-02  1.989542698860168457e+01
-1.597896777093410492e-02  -2.915074825286865234e-01  3.881994187831878662e-01  -1.200579702854156494e-01  -1.121723465621471405e-02  -8.077368140220642090e-03  1.993927597999572754e+01
-1.188835129141807556e-02  -2.631032764911651611e-01  3.517034649848937988e-01  -1.041429191827774048e-01  -6.807039957493543625e-03  -3.417900949716567993e-02  1.998008799552917480e+01
-1.366521231830120087e-02  -2.369233369827270508e-01  3.087008595466613770e-01  -9.800699353218078613e-02  -4.096208140254020691e-02  -1.859951764345169067e-02  2.001572299003601074e+01
-8.232363499701023102e-03  -2.014116793870925903e-01  2.606489062309265137e-01  -7.991081476211547852e-02  -1.080977171659469604e-02  -3.456250578165054321e-02  2.008148908615112305e+01
-9.945308789610862732e-03  -1.960427463054656982e-01  2.515089511871337891e-01  -8.170844614505767822e-02  -4.122573416680097580e-03  -1.943841390311717987e-02  2.011656904220581055e+01
0.000000000000000000e+00  1.884239725768566132e-02  -1.188835129141807556e-03  1.035437081009149551e-02  2.590989507734775543e-02  -3.223756700754165649e-02  2.093792295455932617e+01
0.000000000000000000e+00  -1.482848171144723892e-02  -1.393365906551480293e-03  -9.683254174888134003e-03  2.962500602006912231e-02  -2.159557491540908813e-02  2.099167799949645996e+01
0.000000000000000000e+00  1.507136132568120956e-02  -1.827993779443204403e-03  -2.624545432627201080e-02  3.667172975838184357e-03  -4.146541934460401535e-03  2.102179408073425293e+01
-4.947088193148374557e-03  2.756052277982234955e-02  -3.102476149797439575e-02  -2.590989507734775543e-02  -7.310377433896064758e-03  -1.438107062131166458e-02  2.105164599418640137e+01
-2.294579707086086273e-02  6.523253768682479858e-02  -9.690923988819122314e-02  3.576092794537544250e-02  -2.368082851171493530e-02  -3.020024858415126801e-02  2.109284186363220215e+01
-3.374757990241050720e-02  1.062793061137199402e-01  -1.546763926744461060e-01  2.406432479619979858e-02  -2.363289333879947662e-02  -4.340686276555061340e-02  2.113017106056213379e+01
-4.425534605979919434e-02  1.520558446645736694e-01  -2.108456641435623169e-01  3.652792051434516907e-02  9.922938421368598938e-03  -5.412076041102409363e-02  2.117019701004028320e+01
-5.330583453178405762e-02  1.748738139867782593e-01  -2.543084621429443359e-01  4.335892572999000549e-02  2.159557491540908813e-02  -5.901032686233520508e-02  2.120637893676757812e+01
-5.849580094218254089e-02  2.028050422668457031e-01  -2.856272161006927490e-01  5.026184022426605225e-02  -3.144660592079162598e-02  -6.210225448012351990e-02  2.123896193504333496e+01
-6.707330793142318726e-02  2.119066715240478516e-01  -3.098769187927246094e-01  5.340170860290527344e-02  3.283677855506539345e-03  -6.677610427141189575e-02  2.127273797988891602e+01
-7.510114461183547974e-02  2.331650853157043457e-01  -3.267123401165008545e-01  6.004096940159797668e-02  1.224787812680006027e-02  -6.960438191890716553e-02  2.130589604377746582e+01
-7.804127782583236694e-02  2.416531145572662354e-01  -3.465646207332611084e-01  5.999303236603736877e-02  -3.003246895968914032e-02  -7.008375227451324463e-02  2.133963799476623535e+01
-7.733819633722305298e-02  2.553566694259643555e-01  -3.533652722835540771e-01  6.857373565435409546e-02  -3.894873335957527161e-02  -7.161772996187210083e-02  2.136938905715942383e+01
-7.400178909301757812e-02  2.611985802650451660e-01  -3.724249899387359619e-01  7.097057998180389404e-02  9.084043093025684357e-03  -7.080280035734176636e-02  2.140757107734680176e+01
-7.718480378389358521e-02  2.720259428024291992e-01  -3.900785446166992188e-01  7.121026515960693359e-02  -2.159557491540908813e-02  -7.080280035734176636e-02  2.144153904914855957e+01
-8.086635917425155640e-02  2.780340313911437988e-01  -3.938240110874176025e-01  7.885619997978210449e-02  2.996056340634822845e-03  -7.200122624635696411e-02  2.147712492942810059e+01
-7.870599627494812012e-02  2.870973050594329834e-01  -3.958948850631713867e-01  8.343417942523956299e-02  -1.064199209213256836e-02  -6.919691711664199829e-02  2.151237797737121582e+01
-7.554855197668075562e-02  2.831473052501678467e-01  -3.987583220005035400e-01  8.293084055185317993e-02  -1.517202891409397125e-02  -6.761500239372253418e-02  2.154461789131164551e+01
-7.130454480648040771e-02  2.828788459300994873e-01  -3.964189887046813965e-01  8.187622576951980591e-02  -3.803792968392372131e-02  -6.859770417213439941e-02  2.157206296920776367e+01
-7.177752256393432617e-02  2.797980904579162598e-01  -3.849780559539794922e-01  8.364989608526229858e-02  -3.075152263045310974e-02  -6.279733777046203613e-02  2.160602807998657227e+01
-7.154741883277893066e-02  2.721537649631500244e-01  -3.702390491962432861e-01  8.551943302154541016e-02  -2.590989507734775543e-02  -6.454703956842422485e-02  2.164077687263488770e+01
-6.749515980482101440e-02  2.589998841285705566e-01  -3.596929311752319336e-01  7.818508893251419067e-02  -3.978762775659561157e-02  -6.241384521126747131e-02  2.167935895919799805e+01
-5.872590094804763794e-02  2.528384029865264893e-01  -3.338453471660614014e-01  7.435013353824615479e-02  -3.667172975838184357e-03  -5.589442700147628784e-02  2.171954393386840820e+01
-5.694903805851936340e-02  2.416531145572662354e-01  -3.193236887454986572e-01  7.312774658203125000e-02  -3.238137811422348022e-02  -5.546299368143081665e-02  2.175333404541015625e+01
-5.436683818697929382e-02  2.257380634546279907e-01  -3.011076450347900391e-01  6.934072822332382202e-02  1.303883735090494156e-02  -5.040565133094787598e-02  2.178950500488281250e+01
-5.233431234955787659e-02  2.198322415351867676e-01  -2.882861196994781494e-01  6.725547462701797485e-02  7.741809822618961334e-03  -4.506068676710128784e-02  2.182578206062316895e+01
-5.109434574842453003e-02  2.078416198492050171e-01  -2.714379131793975830e-01  6.418751180171966553e-02  1.270327903330326080e-02  -4.561196267604827881e-02  2.186114597320556641e+01
-4.052266106009483337e-02  1.890120059251785278e-01  -2.402469664812088013e-01  6.212622299790382385e-02  -3.813380375504493713e-02  -4.053065180778503418e-02  2.190856790542602539e+01
-3.533269092440605164e-02  1.788238137960433960e-01  -2.177357971668243408e-01  5.546299368143081665e-02  -3.065564855933189392e-02  -3.650395199656486511e-02  2.194823908805847168e+01
-3.225194662809371948e-02  1.541011631488800049e-01  -1.969759166240692139e-01  5.083708465099334717e-02  2.718022279441356659e-02  -3.274090215563774109e-02  2.199576497077941895e+01
-2.846812829375267029e-02  1.443092525005340576e-01  -1.709365993738174438e-01  4.426972940564155579e-02  -3.930825740098953247e-03  -2.715625427663326263e-02  2.204273796081542969e+01
-2.596262469887733459e-02  1.352076232433319092e-01  -1.608506739139556885e-01  4.156129434704780579e-02  2.159557491540908813e-02  -2.408829331398010254e-02  2.208382892608642578e+01
0.000000000000000000e+00  -9.076053393073379993e-04  2.275404985994100571e-03  -4.290352761745452881e-02  -1.572330296039581299e-02  1.701759989373385906e-03  2.289510297775268555e+01
0.000000000000000000e+00  -2.288188086822628975e-03  8.692558039911091328e-04  1.617870479822158813e-02  -1.634648256003856659e-02  9.347695740871131420e-04  2.294046497344970703e+01
0.000000000000000000e+00  -1.355016371235251427e-03  2.185922581702470779e-03  1.850364357233047485e-02  4.120176658034324646e-02  6.471481756307184696e-04  2.297189998626708984e+01
1.582556962966918945e-02  -4.270858317613601685e-02  4.536748304963111877e-02  3.602458164095878601e-02  3.115898696705698967e-03  3.010437451303005219e-02  2.301283788681030273e+01
3.271213918924331665e-02  -1.076087579131126404e-01  1.214784979820251465e-01  -4.319114983081817627e-02  -2.590989507734775543e-02  2.631735987961292267e-02  2.305015993118286133e+01
5.391942709684371948e-02  -1.667181551456451416e-01  1.940997093915939331e-01  -4.278368502855300903e-02  -3.906857594847679138e-02  6.071208417415618896e-02  2.308975100517272949e+01
7.278738915920257568e-02  -2.315799742937088013e-01  2.642281949520111084e-01  -5.052549391984939575e-02  -3.667172975838184357e-03  8.187622576951980591e-02  2.313175392150878906e+01
8.799936622381210327e-02  -2.873657345771789551e-01  3.274665474891662598e-01  -5.836317688226699829e-02  3.616839274764060974e-02  9.575396031141281128e-02  2.317765402793884277e+01
9.363674372434616089e-02  -3.237594366073608398e-01  3.659439086914062500e-01  -6.617689132690429688e-02  -3.336408361792564392e-02  1.036875173449516296e-01  2.321081709861755371e+01
1.069951653480529785e-01  -3.507575094699859619e-01  4.077448844909667969e-01  -7.355917245149612427e-02  2.176335267722606659e-02  1.123161613941192627e-01  2.324831199645996094e+01
1.152658760547637939e-01  -3.777171969413757324e-01  4.459410011768341064e-01  -8.062987029552459717e-02  4.319114983081817627e-02  1.199620962142944336e-01  2.328756904602050781e+01
1.137446761131286621e-01  -3.905642926692962646e-01  4.611402153968811035e-01  -7.876032590866088867e-02  -5.320996046066284180e-03  1.258343607187271118e-01  2.332357788085937500e+01
1.258503496646881104e-01  -4.052521586418151855e-01  4.819895625114440918e-01  -8.906676620244979858e-02  1.761681213974952698e-02  1.295494735240936279e-01  2.335734105110168457e+01
1.247765570878982544e-01  -4.082562029361724854e-01  4.983392357826232910e-01  -8.561530709266662598e-02  -4.105795547366142273e-02  1.295974105596542358e-01  2.339211106300354004e+01
1.177202463150024414e-01  -4.165269136428833008e-01  5.018034577369689941e-01  -9.227853268384933472e-02  3.691141493618488312e-03  1.287105828523635864e-01  2.342867207527160645e+01
1.207626387476921082e-01  -4.137785434722900391e-01  5.053188204765319824e-01  -8.856342732906341553e-02  4.319114983081817627e-02  1.287585198879241943e-01  2.345988893508911133e+01
1.234343200922012329e-01  -4.229824244976043701e-01  5.111863017082214355e-01  -9.726397693157196045e-02  -3.379551460966467857e-03  1.260980218648910522e-01  2.349301290512084961e+01
1.131183058023452759e-01  -4.221003949642181396e-01  5.063798427581787109e-01  -8.755674958229064941e-02  2.590989507734775543e-02  1.247557848691940308e-01  2.353180193901062012e+01
1.216574609279632568e-01  -4.131777286529541016e-01  5.092688202857971191e-01  -8.949819207191467285e-02  2.590989507734775543e-02  1.218316331505775452e-01  2.356761503219604492e+01
1.174518018960952759e-01  -4.156448841094970703e-01  5.065204501152038574e-01  -8.587896078824996948e-02  -2.602973766624927521e-02  1.182603389024734497e-01  2.360157608985900879e+01
1.070207282900810242e-01  -4.129476249217987061e-01  4.953607618808746338e-01  -8.817993104457855225e-02  1.294296327978372574e-02  1.150245964527130127e-01  2.363770008087158203e+01
1.048092395067214966e-01  -4.015450477600097656e-01  4.823986291885375977e-01  -8.607070893049240112e-02  -1.850364357233047485e-02  1.089845448732376099e-01  2.367512798309326172e+01
9.520907700061798096e-02  -3.754545748233795166e-01  4.649495780467987061e-01  -7.991081476211547852e-02  -3.691141493618488312e-03  9.956494718790054321e-02  2.371057605743408203e+01
9.171926975250244141e-02  -3.710827529430389404e-01  4.533680379390716553e-01  -8.326639980077743530e-02  3.192597627639770508e-02  9.479521960020065308e-02  2.374719905853271484e+01
8.318010717630386353e-02  -3.315316140651702881e-01  4.096879363059997559e-01  -7.657919824123382568e-02  -3.643204458057880402e-03  8.357799053192138672e-02  2.379012989997863770e+01
8.030389249324798584e-02  -3.125358223915100098e-01  3.947571814060211182e-01  -6.931675970554351807e-02  2.900182455778121948e-02  7.801730930805206299e-02  2.382976794242858887e+01
7.354159653186798096e-02  -3.002128303050994873e-01  3.784075081348419189e-01  -6.351639330387115479e-02  5.704491399228572845e-03  7.463775575160980225e-02  2.387159991264343262e+01
6.718835979700088501e-02  -2.854993939399719238e-01  3.545668721199035645e-01  -6.188654154539108276e-02  -3.238137811422348022e-02  6.548180431127548218e-02  2.391048502922058105e+01
6.366020441055297852e-02  -2.635506987571716309e-01  3.281312882900238037e-01  -5.833920836448669434e-02  -3.036802634596824646e-02  6.229400262236595154e-02  2.395190405845642090e+01
6.116748601198196411e-02  -2.412824034690856934e-01  3.080233633518218994e-01  -5.153216794133186340e-02  -3.427488496527075768e-03  5.304218083620071411e-02  2.398928403854370117e+01
5.302460491657257080e-02  -2.160100638866424561e-01  2.732275426387786865e-01  -4.597149044275283813e-02  1.375789102166891098e-02  4.793690145015716553e-02  2.403078889846801758e+01
4.576376080513000488e-02  -2.003506720066070557e-01  2.531707584857940674e-01  -4.769721627235412598e-02  -4.038684070110321045e-02  4.115382954478263855e-02  2.406938409805297852e+01
3.721181675791740417e-02  -1.789260804653167725e-01  2.243447005748748779e-01  -4.067445918917655945e-02  -1.617870479822158813e-02  3.523362427949905396e-02  2.411548995971679688e+01
3.607411682605743408e-02  -1.632155627012252808e-01  2.180809378623962402e-01  -3.413107246160507202e-02  -4.182494804263114929e-02  3.221359848976135254e-02  2.415420603752136230e+01
